1	-1			284860	284857
1	0	<title>	<title>	284857	-1
1	1	title	title	284858	284857	ZeroTypeOfCoordination	NoPlacement	NormalCapitalization	NotDefaultFiller	NoContrast	NoLeftmostPlacement	FullRealization	NoRightmostPlacement	NormalNumberParadigm	NotLeftConjunct	NormalClassifyingCapitalization	ZeroDoubleConjunct	NotCommonChild	NotEllipted	NormalMorphForm	NotControlled	NotRightConjunct
1	7	Скворцова	Скворцова	284859	284857	Animate	Reflexive	FullReflexivity	NonReflexive	ImperfectiveReflexivity	NormalMorphForm	DefectOne	DefectTwo	Byt	DefectThree	DefectFour	GTNoun	NotEllipted	VocalForm	NForm	NotControlled	ZeroTypeOfCoordination	NoCompositeness	DegreeComparative	DegreePositive	DegreeSuperlative	Adverb_Un_Hyphen	Adverb_With_Hyphen	DeclensionNominal	Un_Comp_Suf	BiAspectual	MonoAspectual	Paired	FullSynthComparison	NoSynthComparative	NoSynthSuperlative	OnlySuperlative	MOne	MTwo	MThree	NormalClassifyingCapitalization	Future	Past	Present	Noun	ZeroDoubleConjunct	NotCommonChild	Accusative	Genitive	Nominative	Partitive	RCDemonstrative	RCAttributive	RCPossessive	RCIndefinite	RCPersonal	RCInterrogative	RCNegative	RCReflexive	RCNoun	NoPlacement	Imperfective	Perfective	NotDefaultFiller	Feminine	Masculine	NoLeftmostPlacement	Iterat	UnIterat	NoRightmostPlacement	NotLeftConjunct	PersonFirst	PersonSecond	PersonThird	PersonZero	Active	VoiceSya	Passive	VerbIntransitive	VerbIntransitiveSpecial	VerbTransitive	VerbTransitiveSpecial	NotRightConjunct	NoSpecialCaseForm	NoContrast	NormalCapitalization	PO_Prefixoid	Rus_Prefixoid	VPOL_Prefixoid	NE_Prefixoid	Eval_Prefixoid	Intern_Prefixoid	Reduced_Prefixoid	InternHy_Prefixoid	Letter_Prefixoid	BEZ_Prefixoid	BES_Prefixoid	BEZer_Prefixoid	V_Prefixoid	InternModEr_Prefixoid	RusHy_Prefixoid	NAI_Prefixoid	POL_Prefixoid	NI_Prefixoid	KOE_Prefixoid	Intern_ReducedPrefixoid	InternMod_Prefixoid	Chem_Prefixoid	ProperNamePrefixoid	Chemical_Possible	ParticipleFullForm	ParticipleShortForm	Singular	FiveAndMore	Three	Four	Two	SevenEight	AdjectiveFullForm	AdjectiveShortForm	AdjectiveShortFlectional	NounProperSurNameFlective	NormalNumberParadigm	FullRealization
1	18	Вероника	Вероника	284861	-1	Animate	Inanimate	Reflexive	FullReflexivity	NonReflexive	ImperfectiveReflexivity	Reflexive	FullReflexivity	NonReflexive	ImperfectiveReflexivity	NormalMorphForm	NormalMorphForm	DefectOne	DefectTwo	Byt	DefectThree	DefectFour	DefectOne	DefectTwo	Byt	DefectThree	DefectFour	GTNoun	GTNoun	NotEllipted	NotEllipted	VocalForm	NForm	VocalForm	NForm	NotControlled	NotControlled	ZeroTypeOfCoordination	ZeroTypeOfCoordination	NoCompositeness	NoCompositeness	DegreeComparative	DegreePositive	DegreeSuperlative	DegreeComparative	DegreePositive	DegreeSuperlative	Adverb_Un_Hyphen	Adverb_With_Hyphen	Adverb_Un_Hyphen	Adverb_With_Hyphen	DeclensionNominal	DeclensionNominal	Un_Comp_Suf	Un_Comp_Suf	BiAspectual	MonoAspectual	Paired	BiAspectual	MonoAspectual	Paired	FullSynthComparison	NoSynthComparative	NoSynthSuperlative	OnlySuperlative	FullSynthComparison	NoSynthComparative	NoSynthSuperlative	OnlySuperlative	MOne	MTwo	MThree	MOne	MTwo	MThree	NormalClassifyingCapitalization	NormalClassifyingCapitalization	Future	Past	Present	Future	Past	Present	Noun	Noun	ZeroDoubleConjunct	ZeroDoubleConjunct	NotCommonChild	NotCommonChild	Nominative	Nominative	RCDemonstrative	RCAttributive	RCPossessive	RCIndefinite	RCPersonal	RCInterrogative	RCNegative	RCReflexive	RCNoun	RCDemonstrative	RCAttributive	RCPossessive	RCIndefinite	RCPersonal	RCInterrogative	RCNegative	RCReflexive	RCNoun	NoPlacement	NoPlacement	Imperfective	Perfective	Imperfective	Perfective	NotDefaultFiller	NotDefaultFiller	Feminine	Feminine	NoLeftmostPlacement	NoLeftmostPlacement	Iterat	UnIterat	Iterat	UnIterat	NoRightmostPlacement	NoRightmostPlacement	NotLeftConjunct	NotLeftConjunct	PersonFirst	PersonSecond	PersonThird	PersonZero	PersonFirst	PersonSecond	PersonThird	PersonZero	Active	VoiceSya	Passive	Active	VoiceSya	Passive	VerbIntransitive	VerbIntransitiveSpecial	VerbTransitive	VerbTransitiveSpecial	VerbIntransitive	VerbIntransitiveSpecial	VerbTransitive	VerbTransitiveSpecial	NotRightConjunct	NotRightConjunct	SpecialVocative	NoSpecialCaseForm	NoContrast	NoContrast	NormalCapitalization	NormalCapitalization	PO_Prefixoid	Rus_Prefixoid	VPOL_Prefixoid	NE_Prefixoid	Eval_Prefixoid	Intern_Prefixoid	Reduced_Prefixoid	InternHy_Prefixoid	Letter_Prefixoid	BEZ_Prefixoid	BES_Prefixoid	BEZer_Prefixoid	V_Prefixoid	InternModEr_Prefixoid	RusHy_Prefixoid	NAI_Prefixoid	POL_Prefixoid	NI_Prefixoid	KOE_Prefixoid	Intern_ReducedPrefixoid	InternMod_Prefixoid	Chem_Prefixoid	ProperNamePrefixoid	Chemical_Possible	PO_Prefixoid	Rus_Prefixoid	VPOL_Prefixoid	NE_Prefixoid	Eval_Prefixoid	Intern_Prefixoid	Reduced_Prefixoid	InternHy_Prefixoid	Letter_Prefixoid	BEZ_Prefixoid	BES_Prefixoid	BEZer_Prefixoid	V_Prefixoid	InternModEr_Prefixoid	RusHy_Prefixoid	NAI_Prefixoid	POL_Prefixoid	NI_Prefixoid	KOE_Prefixoid	Intern_ReducedPrefixoid	InternMod_Prefixoid	Chem_Prefixoid	ProperNamePrefixoid	Chemical_Possible	ParticipleFullForm	ParticipleShortForm	ParticipleFullForm	ParticipleShortForm	Singular	Singular	FiveAndMore	Three	Four	Two	SevenEight	FiveAndMore	Three	Four	Two	SevenEight	AdjectiveFullForm	AdjectiveShortForm	AdjectiveShortFlectional	AdjectiveFullForm	AdjectiveShortForm	AdjectiveShortFlectional	NounProperName	NounProperGeneral	NounProperSurNameFlective	NounProperTown	NounProperName	AdjectiveProper	NounProperPatronymic	NounProperNameDimin	AbbrProperGeneral	NounProperSurNameForeign	NormalNumberParadigm	SingulariaTantum	FullRealization	FullRealization
1	26	</title>	</title>	284862	284861
1	27	/title	/title	284863	284862	ZeroTypeOfCoordination	NoPlacement	NormalCapitalization	NotDefaultFiller	NoContrast	NoLeftmostPlacement	FullRealization	NoRightmostPlacement	NormalNumberParadigm	NotLeftConjunct	NormalClassifyingCapitalization	ZeroDoubleConjunct	NotCommonChild	NotEllipted	NormalMorphForm	NotControlled	NotRightConjunct
3	0	<annotation>	<annotation>	284864	-1
3	1	annotation	annotation	284865	284864	ZeroTypeOfCoordination	NoPlacement	NormalCapitalization	NotDefaultFiller	NoContrast	NoLeftmostPlacement	FullRealization	NoRightmostPlacement	NormalNumberParadigm	NotLeftConjunct	NormalClassifyingCapitalization	ZeroDoubleConjunct	NotCommonChild	NotEllipted	NormalMorphForm	NotControlled	NotRightConjunct
3	12	Министр	Министр	284866	284864	Animate	Reflexive	FullReflexivity	NonReflexive	ImperfectiveReflexivity	NormalMorphForm	DefectOne	DefectTwo	Byt	DefectThree	DefectFour	GTNoun	NotEllipted	VocalForm	NForm	NotControlled	ZeroTypeOfCoordination	NoCompositeness	DegreeComparative	DegreePositive	DegreeSuperlative	Adverb_Un_Hyphen	Adverb_With_Hyphen	DeclensionNominal	Un_Comp_Suf	BiAspectual	MonoAspectual	Paired	FullSynthComparison	NoSynthComparative	NoSynthSuperlative	OnlySuperlative	MOne	MTwo	MThree	NormalClassifyingCapitalization	Future	Past	Present	Noun	ZeroDoubleConjunct	NotCommonChild	Nominative	RCDemonstrative	RCAttributive	RCPossessive	RCIndefinite	RCPersonal	RCInterrogative	RCNegative	RCReflexive	RCNoun	NoPlacement	Imperfective	Perfective	NotDefaultFiller	Masculine	NoLeftmostPlacement	Iterat	UnIterat	NoRightmostPlacement	NotLeftConjunct	PersonFirst	PersonSecond	PersonThird	PersonZero	Active	VoiceSya	Passive	VerbIntransitive	VerbIntransitiveSpecial	VerbTransitive	VerbTransitiveSpecial	NotRightConjunct	NoSpecialCaseForm	NoContrast	NormalCapitalization	PO_Prefixoid	Rus_Prefixoid	VPOL_Prefixoid	NE_Prefixoid	Eval_Prefixoid	Intern_Prefixoid	Reduced_Prefixoid	InternHy_Prefixoid	Letter_Prefixoid	BEZ_Prefixoid	BES_Prefixoid	BEZer_Prefixoid	V_Prefixoid	InternModEr_Prefixoid	RusHy_Prefixoid	NAI_Prefixoid	POL_Prefixoid	NI_Prefixoid	KOE_Prefixoid	Intern_ReducedPrefixoid	InternMod_Prefixoid	Chem_Prefixoid	ProperNamePrefixoid	Chemical_Possible	ParticipleFullForm	ParticipleShortForm	Singular	FiveAndMore	Three	Four	Two	SevenEight	AdjectiveFullForm	AdjectiveShortForm	AdjectiveShortFlectional	NounProperGeneral	NounProperSurNameFlective	NounProperTown	NounProperName	AdjectiveProper	NounProperPatronymic	NounProperNameDimin	AbbrProperGeneral	NounProperSurNameForeign	NormalNumberParadigm	FullRealization
3	20	здравоохранения	здравоохранения	284867	284866	Inanimate	Reflexive	FullReflexivity	NonReflexive	ImperfectiveReflexivity	NormalMorphForm	DefectOne	DefectTwo	Byt	DefectThree	DefectFour	GTNoun	NotEllipted	VocalForm	NForm	NotControlled	ZeroTypeOfCoordination	NoCompositeness	DegreeComparative	DegreePositive	DegreeSuperlative	Adverb_Un_Hyphen	Adverb_With_Hyphen	DeclensionNominal	Un_Comp_Suf	BiAspectual	MonoAspectual	Paired	FullSynthComparison	NoSynthComparative	NoSynthSuperlative	OnlySuperlative	MOne	MTwo	MThree	NormalClassifyingCapitalization	Future	Past	Present	Noun	ZeroDoubleConjunct	NotCommonChild	Genitive	Partitive	RCDemonstrative	RCAttributive	RCPossessive	RCIndefinite	RCPersonal	RCInterrogative	RCNegative	RCReflexive	RCNoun	NoPlacement	Imperfective	Perfective	NotDefaultFiller	Neuter	NoLeftmostPlacement	Iterat	UnIterat	NoRightmostPlacement	NotLeftConjunct	PersonFirst	PersonSecond	PersonThird	PersonZero	Active	VoiceSya	Passive	VerbIntransitive	VerbIntransitiveSpecial	VerbTransitive	VerbTransitiveSpecial	NotRightConjunct	NoSpecialCaseForm	NoContrast	NormalCapitalization	PO_Prefixoid	Rus_Prefixoid	VPOL_Prefixoid	NE_Prefixoid	Eval_Prefixoid	Intern_Prefixoid	Reduced_Prefixoid	InternHy_Prefixoid	Letter_Prefixoid	BEZ_Prefixoid	BES_Prefixoid	BEZer_Prefixoid	V_Prefixoid	InternModEr_Prefixoid	RusHy_Prefixoid	NAI_Prefixoid	POL_Prefixoid	NI_Prefixoid	KOE_Prefixoid	Intern_ReducedPrefixoid	InternMod_Prefixoid	Chem_Prefixoid	ProperNamePrefixoid	Chemical_Possible	ParticipleFullForm	ParticipleShortForm	Singular	FiveAndMore	Three	Four	Two	SevenEight	AdjectiveFullForm	AdjectiveShortForm	AdjectiveShortFlectional	NounProperGeneral	NounProperSurNameFlective	NounProperTown	NounProperName	AdjectiveProper	NounProperPatronymic	NounProperNameDimin	AbbrProperGeneral	NounProperSurNameForeign	SingulariaTantum	FullRealization
3	36	Российской	Российской	284869	284868	Animate	Inanimate	Reflexive	FullReflexivity	NonReflexive	ImperfectiveReflexivity	NormalMorphForm	NormalMorphForm	DefectOne	DefectTwo	Byt	DefectThree	DefectFour	GTAdjectiveAttributive	NotEllipted	NotEllipted	VocalForm	NForm	NotControlled	NotControlled	ZeroTypeOfCoordination	ZeroTypeOfCoordination	NoCompositeness	DegreePositive	Adverb_Un_Hyphen	Adverb_With_Hyphen	DeclensionAdjectival	DeclensionNominal	DeclensionMixed	Indeclinable	Un_Comp_Suf	BiAspectual	MonoAspectual	Paired	NoSynthComparative	MOne	MTwo	MThree	NormalClassifyingCapitalization	NormalClassifyingCapitalization	Future	Past	Present	Adjective	ZeroDoubleConjunct	ZeroDoubleConjunct	NotCommonChild	NotCommonChild	Dative	Genitive	Instrumental	Locative	Partitive	Prepositional	RCDemonstrative	RCAttributive	RCPossessive	RCIndefinite	RCPersonal	RCInterrogative	RCNegative	RCReflexive	RCNoun	NoPlacement	NoPlacement	Imperfective	Perfective	NotDefaultFiller	NotDefaultFiller	Feminine	NoLeftmostPlacement	NoLeftmostPlacement	Iterat	UnIterat	NoRightmostPlacement	NoRightmostPlacement	NotLeftConjunct	NotLeftConjunct	PersonFirst	PersonSecond	PersonThird	PersonZero	Active	VoiceSya	Passive	VerbIntransitive	VerbIntransitiveSpecial	VerbTransitive	VerbTransitiveSpecial	NotRightConjunct	NotRightConjunct	NoSpecialCaseForm	Locative_u	Genitive_u	Plural_consonant	Genitive_Locative_u	GenitivePlural_Zero	NominativePlural_a	SpecialPlual	SpecialVocative	NoContrast	NoContrast	NormalCapitalization	NormalCapitalization	PO_Prefixoid	Rus_Prefixoid	VPOL_Prefixoid	NE_Prefixoid	Eval_Prefixoid	Intern_Prefixoid	Reduced_Prefixoid	InternHy_Prefixoid	Letter_Prefixoid	BEZ_Prefixoid	BES_Prefixoid	BEZer_Prefixoid	V_Prefixoid	InternModEr_Prefixoid	RusHy_Prefixoid	NAI_Prefixoid	POL_Prefixoid	NI_Prefixoid	KOE_Prefixoid	Intern_ReducedPrefixoid	InternMod_Prefixoid	Chem_Prefixoid	ProperNamePrefixoid	Chemical_Possible	ParticipleFullForm	ParticipleShortForm	Singular	FiveAndMore	Three	Four	Two	SevenEight	AdjectiveFullForm	NounProperGeneral	NounProperSurNameFlective	NounProperTown	NounProperName	AdjectiveProper	NounProperPatronymic	NounProperNameDimin	AbbrProperGeneral	NounProperSurNameForeign	NormalNumberParadigm	NormalNumberParadigm	FullRealization	FullRealization
3	47	Федерации	Федерации	284868	284866	Inanimate	Reflexive	FullReflexivity	NonReflexive	ImperfectiveReflexivity	NormalMorphForm	DefectOne	DefectTwo	Byt	DefectThree	DefectFour	GTNoun	NotEllipted	VocalForm	NForm	NotControlled	ZeroTypeOfCoordination	NoCompositeness	DegreeComparative	DegreePositive	DegreeSuperlative	Adverb_Un_Hyphen	Adverb_With_Hyphen	DeclensionNominal	Un_Comp_Suf	BiAspectual	MonoAspectual	Paired	FullSynthComparison	NoSynthComparative	NoSynthSuperlative	OnlySuperlative	MOne	MTwo	MThree	NormalClassifyingCapitalization	Future	Past	Present	Noun	ZeroDoubleConjunct	NotCommonChild	Accusative	Dative	Genitive	Locative	Nominative	Partitive	Prepositional	RCDemonstrative	RCAttributive	RCPossessive	RCIndefinite	RCPersonal	RCInterrogative	RCNegative	RCReflexive	RCNoun	NoPlacement	Imperfective	Perfective	NotDefaultFiller	Feminine	NoLeftmostPlacement	Iterat	UnIterat	NoRightmostPlacement	NotLeftConjunct	PersonFirst	PersonSecond	PersonThird	PersonZero	Active	VoiceSya	Passive	VerbIntransitive	VerbIntransitiveSpecial	VerbTransitive	VerbTransitiveSpecial	NotRightConjunct	NoSpecialCaseForm	NoContrast	NormalCapitalization	PO_Prefixoid	Rus_Prefixoid	VPOL_Prefixoid	NE_Prefixoid	Eval_Prefixoid	Intern_Prefixoid	Reduced_Prefixoid	InternHy_Prefixoid	Letter_Prefixoid	BEZ_Prefixoid	BES_Prefixoid	BEZer_Prefixoid	V_Prefixoid	InternModEr_Prefixoid	RusHy_Prefixoid	NAI_Prefixoid	POL_Prefixoid	NI_Prefixoid	KOE_Prefixoid	Intern_ReducedPrefixoid	InternMod_Prefixoid	Chem_Prefixoid	ProperNamePrefixoid	Chemical_Possible	ParticipleFullForm	ParticipleShortForm	Plural	Singular	FiveAndMore	Three	Four	Two	SevenEight	AdjectiveFullForm	AdjectiveShortForm	AdjectiveShortFlectional	NounProperGeneral	NounProperSurNameFlective	NounProperTown	NounProperName	AdjectiveProper	NounProperPatronymic	NounProperNameDimin	AbbrProperGeneral	NounProperSurNameForeign	NormalNumberParadigm	FullRealization
3	56	</annotation>	</annotation>	284870	-1
3	57	/annotation	/annotation	284871	284870	ZeroTypeOfCoordination	NoPlacement	NormalCapitalization	NotDefaultFiller	NoContrast	NoLeftmostPlacement	FullRealization	NoRightmostPlacement	NormalNumberParadigm	NotLeftConjunct	NormalClassifyingCapitalization	ZeroDoubleConjunct	NotCommonChild	NotEllipted	NormalMorphForm	NotControlled	NotRightConjunct
9	-1			284885	-1
9	0	С	С	284887	284886	Animate	Inanimate	Inanimate	Reflexive	FullReflexivity	NonReflexive	ImperfectiveReflexivity	Reflexive	FullReflexivity	NonReflexive	ImperfectiveReflexivity	NormalMorphForm	NormalMorphForm	NormalMorphForm	NormalMorphForm	DefectOne	DefectTwo	Byt	DefectThree	DefectFour	DefectOne	DefectTwo	Byt	DefectThree	DefectFour	GTInvariable	GTNoun	NotEllipted	NotEllipted	NotEllipted	NotEllipted	VocalForm	NForm	VocalForm	NForm	NotControlled	NotControlled	NotControlled	NotControlled	ZeroTypeOfCoordination	ZeroTypeOfCoordination	ZeroTypeOfCoordination	ZeroTypeOfCoordination	Composite_ski	Composite_iko	Composite_sko	NoCompositeness	Composite_o	Composite_e	Composite_usek	Composite_null	Composite_Numeral	Composite_cko	Composite_cki	Composite_ComplexNumeral	Composite_NumeralFull	Composite_NumeralShort	NoCompositeness	DegreeComparative	DegreePositive	DegreeSuperlative	DegreeComparative	DegreePositive	DegreeSuperlative	Adverb_Un_Hyphen	Adverb_With_Hyphen	Adverb_Un_Hyphen	Adverb_With_Hyphen	DeclensionAdjectival	DeclensionNominal	DeclensionMixed	Indeclinable	Indeclinable	Comp_Suffixoid	Un_Comp_Suf	Comp_Suffixoid_Num_OJ	Comp_Suffixoid_Num_YJ	Comp_Suffixoid_Num_IJ	Comp_Suffixoid_Num_J	Comp_PunctuatorPost	Comp_PunctuatorPref	Comp_PunctuatorPostSeparable	Comp_PunctuatorPrefSeparable	Comp_Prefixoid	Comp_Suffixoid_Num_PercentYJ	Comp_Noun	Comp_Suffixoid_Chem	Comp_Adj	Comp_SuffixoidAbbr	Comp_PunctuatorPostSeparable	Comp_PunctuatorPrefSeparable	BiAspectual	MonoAspectual	Paired	BiAspectual	MonoAspectual	Paired	FullSynthComparison	NoSynthComparative	NoSynthSuperlative	OnlySuperlative	FullSynthComparison	NoSynthComparative	NoSynthSuperlative	OnlySuperlative	MOne	MTwo	MThree	MOne	MTwo	MThree	NormalClassifyingCapitalization	NormalClassifyingCapitalization	NormalClassifyingCapitalization	NormalClassifyingCapitalization	Future	Past	Present	Future	Past	Present	Preposition	Noun	ZeroDoubleConjunct	ZeroDoubleConjunct	ZeroDoubleConjunct	ZeroDoubleConjunct	NotCommonChild	NotCommonChild	NotCommonChild	NotCommonChild	Accusative	Dative	Genitive	Instrumental	Locative	Nominative	Partitive	Prepositional	DativeSpecial	ZeroCase	Vocative	Accusative	Dative	Genitive	Instrumental	Locative	Nominative	Partitive	Prepositional	RCDemonstrative	RCAttributive	RCPossessive	RCIndefinite	RCPersonal	RCInterrogative	RCNegative	RCReflexive	RCNoun	RCDemonstrative	RCAttributive	RCPossessive	RCIndefinite	RCPersonal	RCInterrogative	RCNegative	RCReflexive	RCNoun	NoPlacement	NoPlacement	NoPlacement	NoPlacement	Imperfective	Perfective	Imperfective	Perfective	NotDefaultFiller	NotDefaultFiller	NotDefaultFiller	NotDefaultFiller	Feminine	Masculine	Neuter	Common	Feminine	Neuter	NoLeftmostPlacement	NoLeftmostPlacement	NoLeftmostPlacement	NoLeftmostPlacement	Iterat	UnIterat	Iterat	UnIterat	NoRightmostPlacement	NoRightmostPlacement	NoRightmostPlacement	NoRightmostPlacement	NotLeftConjunct	NotLeftConjunct	NotLeftConjunct	NotLeftConjunct	PersonFirst	PersonSecond	PersonThird	PersonZero	PersonFirst	PersonSecond	PersonThird	PersonZero	Active	VoiceSya	Passive	Active	VoiceSya	Passive	VerbIntransitive	VerbIntransitiveSpecial	VerbTransitive	VerbTransitiveSpecial	VerbIntransitive	VerbIntransitiveSpecial	VerbTransitive	VerbTransitiveSpecial	NotRightConjunct	NotRightConjunct	NotRightConjunct	NotRightConjunct	NoSpecialCaseForm	Locative_u	Genitive_u	Plural_consonant	Genitive_Locative_u	GenitivePlural_Zero	NominativePlural_a	SpecialPlual	SpecialVocative	NoSpecialCaseForm	Locative_u	Genitive_u	Plural_consonant	Genitive_Locative_u	GenitivePlural_Zero	NominativePlural_a	SpecialPlual	SpecialVocative	NoContrast	NoContrast	NoContrast	NoContrast	NormalCapitalization	NormalCapitalization	NormalCapitalization	NormalCapitalization	PO_Prefixoid	Rus_Prefixoid	VPOL_Prefixoid	NE_Prefixoid	Eval_Prefixoid	Intern_Prefixoid	Reduced_Prefixoid	InternHy_Prefixoid	Letter_Prefixoid	BEZ_Prefixoid	BES_Prefixoid	BEZer_Prefixoid	V_Prefixoid	InternModEr_Prefixoid	RusHy_Prefixoid	NAI_Prefixoid	POL_Prefixoid	NI_Prefixoid	KOE_Prefixoid	Intern_ReducedPrefixoid	InternMod_Prefixoid	Chem_Prefixoid	ProperNamePrefixoid	Chemical_Possible	PO_Prefixoid	Rus_Prefixoid	VPOL_Prefixoid	NE_Prefixoid	Eval_Prefixoid	Intern_Prefixoid	Reduced_Prefixoid	InternHy_Prefixoid	Letter_Prefixoid	BEZ_Prefixoid	BES_Prefixoid	BEZer_Prefixoid	V_Prefixoid	InternModEr_Prefixoid	RusHy_Prefixoid	NAI_Prefixoid	POL_Prefixoid	NI_Prefixoid	KOE_Prefixoid	Intern_ReducedPrefixoid	InternMod_Prefixoid	Chem_Prefixoid	ProperNamePrefixoid	Chemical_Possible	ParticipleFullForm	ParticipleShortForm	ParticipleFullForm	ParticipleShortForm	Plural	Singular	Plural	Singular	FiveAndMore	Three	Four	Two	SevenEight	FiveAndMore	Three	Four	Two	SevenEight	AdjectiveFullForm	AdjectiveShortForm	AdjectiveShortFlectional	AdjectiveFullForm	AdjectiveShortForm	AdjectiveShortFlectional	NounProperGeneral	NounProperSurNameFlective	NounProperTown	NounProperName	AdjectiveProper	NounProperPatronymic	NounProperNameDimin	AbbrProperGeneral	NounProperSurNameForeign	NounProperGeneral	NounProperSurNameFlective	NounProperTown	NounProperName	AdjectiveProper	NounProperPatronymic	NounProperNameDimin	AbbrProperGeneral	NounProperSurNameForeign	NormalNumberParadigm	NormalNumberParadigm	SingulariaTantum	NormalNumberParadigm	NormalNumberParadigm	FullRealization	FullRealization	FullRealization	FullRealization
9	2	2005	2005	284888	284886	ZeroTypeOfCoordination	NoPlacement	NormalCapitalization	NotDefaultFiller	NoContrast	NoLeftmostPlacement	FullRealization	NoRightmostPlacement	NormalNumberParadigm	NotLeftConjunct	NormalClassifyingCapitalization	ZeroDoubleConjunct	NotCommonChild	NotEllipted	NormalMorphForm	NotControlled	NotRightConjunct
9	7	года	года	284886	284885	Inanimate	Inanimate	Reflexive	FullReflexivity	NonReflexive	ImperfectiveReflexivity	Reflexive	FullReflexivity	NonReflexive	ImperfectiveReflexivity	NormalMorphForm	NormalMorphForm	DefectOne	DefectTwo	Byt	DefectThree	DefectFour	DefectOne	DefectTwo	Byt	DefectThree	DefectFour	GTNoun	GTNoun	NotEllipted	NotEllipted	VocalForm	NForm	VocalForm	NForm	NotControlled	NotControlled	ZeroTypeOfCoordination	ZeroTypeOfCoordination	NoCompositeness	NoCompositeness	DegreeComparative	DegreePositive	DegreeSuperlative	DegreeComparative	DegreePositive	DegreeSuperlative	Adverb_Un_Hyphen	Adverb_With_Hyphen	Adverb_Un_Hyphen	Adverb_With_Hyphen	DeclensionNominal	DeclensionNominal	Un_Comp_Suf	Un_Comp_Suf	BiAspectual	MonoAspectual	Paired	BiAspectual	MonoAspectual	Paired	FullSynthComparison	NoSynthComparative	NoSynthSuperlative	OnlySuperlative	FullSynthComparison	NoSynthComparative	NoSynthSuperlative	OnlySuperlative	MOne	MTwo	MThree	MOne	MTwo	MThree	NormalClassifyingCapitalization	NormalClassifyingCapitalization	Future	Past	Present	Future	Past	Present	Noun	Noun	ZeroDoubleConjunct	ZeroDoubleConjunct	NotCommonChild	NotCommonChild	Accusative	Nominative	Accusative	Genitive	Nominative	RCDemonstrative	RCAttributive	RCPossessive	RCIndefinite	RCPersonal	RCInterrogative	RCNegative	RCReflexive	RCNoun	RCDemonstrative	RCAttributive	RCPossessive	RCIndefinite	RCPersonal	RCInterrogative	RCNegative	RCReflexive	RCNoun	NoPlacement	NoPlacement	Imperfective	Perfective	Imperfective	Perfective	NotDefaultFiller	NotDefaultFiller	Masculine	Masculine	NoLeftmostPlacement	NoLeftmostPlacement	Iterat	UnIterat	Iterat	UnIterat	NoRightmostPlacement	NoRightmostPlacement	NotLeftConjunct	NotLeftConjunct	PersonFirst	PersonSecond	PersonThird	PersonZero	PersonFirst	PersonSecond	PersonThird	PersonZero	Active	VoiceSya	Passive	Active	VoiceSya	Passive	VerbIntransitive	VerbIntransitiveSpecial	VerbTransitive	VerbTransitiveSpecial	VerbIntransitive	VerbIntransitiveSpecial	VerbTransitive	VerbTransitiveSpecial	NotRightConjunct	NotRightConjunct	NoSpecialCaseForm	NoSpecialCaseForm	NoContrast	NoContrast	NormalCapitalization	NormalCapitalization	PO_Prefixoid	Rus_Prefixoid	VPOL_Prefixoid	NE_Prefixoid	Eval_Prefixoid	Intern_Prefixoid	Reduced_Prefixoid	InternHy_Prefixoid	Letter_Prefixoid	BEZ_Prefixoid	BES_Prefixoid	BEZer_Prefixoid	V_Prefixoid	InternModEr_Prefixoid	RusHy_Prefixoid	NAI_Prefixoid	POL_Prefixoid	NI_Prefixoid	KOE_Prefixoid	Intern_ReducedPrefixoid	InternMod_Prefixoid	Chem_Prefixoid	ProperNamePrefixoid	Chemical_Possible	PO_Prefixoid	Rus_Prefixoid	VPOL_Prefixoid	NE_Prefixoid	Eval_Prefixoid	Intern_Prefixoid	Reduced_Prefixoid	InternHy_Prefixoid	Letter_Prefixoid	BEZ_Prefixoid	BES_Prefixoid	BEZer_Prefixoid	V_Prefixoid	InternModEr_Prefixoid	RusHy_Prefixoid	NAI_Prefixoid	POL_Prefixoid	NI_Prefixoid	KOE_Prefixoid	Intern_ReducedPrefixoid	InternMod_Prefixoid	Chem_Prefixoid	ProperNamePrefixoid	Chemical_Possible	ParticipleFullForm	ParticipleShortForm	ParticipleFullForm	ParticipleShortForm	Plural	Plural	Singular	FiveAndMore	Three	Four	Two	SevenEight	FiveAndMore	Three	Four	Two	SevenEight	AdjectiveFullForm	AdjectiveShortForm	AdjectiveShortFlectional	AdjectiveFullForm	AdjectiveShortForm	AdjectiveShortFlectional	NounProperGeneral	NounProperSurNameFlective	NounProperTown	NounProperName	AdjectiveProper	NounProperPatronymic	NounProperNameDimin	AbbrProperGeneral	NounProperSurNameForeign	NounProperGeneral	NounProperSurNameFlective	NounProperTown	NounProperName	AdjectiveProper	NounProperPatronymic	NounProperNameDimin	AbbrProperGeneral	NounProperSurNameForeign	NonCountForm	NormalNumberParadigm	NonCountForm	FullRealization	FullRealization
9	14	заведующая	заведующая	284889	284885	Animate	Animate	Inanimate	Reflexive	FullReflexivity	NonReflexive	ImperfectiveReflexivity	NonReflexive	NormalMorphForm	NormalMorphForm	DefectOne	DefectTwo	Byt	DefectThree	DefectFour	DefectOne	DefectTwo	Byt	DefectThree	DefectFour	GTNoun	GTParticipleAttributive	NotEllipted	NotEllipted	VocalForm	NForm	VocalForm	NForm	NotControlled	NotControlled	ZeroTypeOfCoordination	ZeroTypeOfCoordination	NoCompositeness	Composite_ski	Composite_iko	Composite_sko	NoCompositeness	Composite_o	Composite_e	Composite_usek	Composite_null	Composite_Numeral	Composite_cko	Composite_cki	Composite_ComplexNumeral	Composite_NumeralFull	Composite_NumeralShort	DegreeComparative	DegreePositive	DegreeSuperlative	DegreeComparative	DegreePositive	DegreeSuperlative	Adverb_Un_Hyphen	Adverb_With_Hyphen	Adverb_Un_Hyphen	Adverb_With_Hyphen	DeclensionAdjectival	DeclensionAdjectival	DeclensionNominal	DeclensionMixed	Indeclinable	Un_Comp_Suf	Comp_Suffixoid	Un_Comp_Suf	Comp_Suffixoid_Num_OJ	Comp_Suffixoid_Num_YJ	Comp_Suffixoid_Num_IJ	Comp_Suffixoid_Num_J	Comp_PunctuatorPost	Comp_PunctuatorPref	Comp_PunctuatorPostSeparable	Comp_PunctuatorPrefSeparable	Comp_Prefixoid	Comp_Suffixoid_Num_PercentYJ	Comp_Noun	Comp_Suffixoid_Chem	Comp_Adj	Comp_SuffixoidAbbr	BiAspectual	MonoAspectual	Paired	MonoAspectual	FullSynthComparison	NoSynthComparative	NoSynthSuperlative	OnlySuperlative	FullSynthComparison	NoSynthComparative	NoSynthSuperlative	OnlySuperlative	MOne	MTwo	MThree	MOne	MTwo	MThree	NormalClassifyingCapitalization	NormalClassifyingCapitalization	Future	Past	Present	Present	Noun	Verb	ZeroDoubleConjunct	ZeroDoubleConjunct	NotCommonChild	NotCommonChild	Nominative	Nominative	RCDemonstrative	RCAttributive	RCPossessive	RCIndefinite	RCPersonal	RCInterrogative	RCNegative	RCReflexive	RCNoun	RCDemonstrative	RCAttributive	RCPossessive	RCIndefinite	RCPersonal	RCInterrogative	RCNegative	RCReflexive	RCNoun	NoPlacement	NoPlacement	Imperfective	Perfective	Imperfective	NotDefaultFiller	NotDefaultFiller	Feminine	Feminine	NoLeftmostPlacement	NoLeftmostPlacement	Iterat	UnIterat	UnIterat	NoRightmostPlacement	NoRightmostPlacement	NotLeftConjunct	NotLeftConjunct	PersonFirst	PersonSecond	PersonThird	PersonZero	PersonFirst	PersonSecond	PersonThird	PersonZero	Active	VoiceSya	Passive	Active	VerbIntransitive	VerbIntransitiveSpecial	VerbTransitive	VerbTransitiveSpecial	VerbIntransitive	NotRightConjunct	NotRightConjunct	NoSpecialCaseForm	NoSpecialCaseForm	Locative_u	Genitive_u	Plural_consonant	Genitive_Locative_u	GenitivePlural_Zero	NominativePlural_a	SpecialPlual	SpecialVocative	NoContrast	NoContrast	NormalCapitalization	NormalCapitalization	PO_Prefixoid	Rus_Prefixoid	VPOL_Prefixoid	NE_Prefixoid	Eval_Prefixoid	Intern_Prefixoid	Reduced_Prefixoid	InternHy_Prefixoid	Letter_Prefixoid	BEZ_Prefixoid	BES_Prefixoid	BEZer_Prefixoid	V_Prefixoid	InternModEr_Prefixoid	RusHy_Prefixoid	NAI_Prefixoid	POL_Prefixoid	NI_Prefixoid	KOE_Prefixoid	Intern_ReducedPrefixoid	InternMod_Prefixoid	Chem_Prefixoid	ProperNamePrefixoid	Chemical_Possible	PO_Prefixoid	Rus_Prefixoid	VPOL_Prefixoid	NE_Prefixoid	Eval_Prefixoid	Intern_Prefixoid	Reduced_Prefixoid	InternHy_Prefixoid	Letter_Prefixoid	BEZ_Prefixoid	BES_Prefixoid	BEZer_Prefixoid	V_Prefixoid	InternModEr_Prefixoid	RusHy_Prefixoid	NAI_Prefixoid	POL_Prefixoid	NI_Prefixoid	KOE_Prefixoid	Intern_ReducedPrefixoid	InternMod_Prefixoid	Chem_Prefixoid	ProperNamePrefixoid	Chemical_Possible	ParticipleFullForm	ParticipleShortForm	ParticipleFullForm	ParticipleShortForm	Singular	Singular	FiveAndMore	Three	Four	Two	SevenEight	FiveAndMore	Three	Four	Two	SevenEight	AdjectiveFullForm	AdjectiveShortForm	AdjectiveShortFlectional	AdjectiveFullForm	AdjectiveShortForm	AdjectiveShortFlectional	NounProperGeneral	NounProperSurNameFlective	NounProperTown	NounProperName	AdjectiveProper	NounProperPatronymic	NounProperNameDimin	AbbrProperGeneral	NounProperSurNameForeign	NounProperGeneral	NounProperSurNameFlective	NounProperTown	NounProperName	AdjectiveProper	NounProperPatronymic	NounProperNameDimin	AbbrProperGeneral	NounProperSurNameForeign	NormalNumberParadigm	NormalNumberParadigm	FullRealization	FullRealization
9	25	Научно	Научно	284892	284891	Animate	Inanimate	Animate	Inanimate	Reflexive	FullReflexivity	NonReflexive	ImperfectiveReflexivity	Reflexive	FullReflexivity	NonReflexive	ImperfectiveReflexivity	NormalMorphForm	NormalMorphForm	NormalMorphForm	DefectOne	DefectTwo	Byt	DefectThree	DefectFour	DefectOne	DefectTwo	Byt	DefectThree	DefectFour	GTAdjective	GTAdverb	NotEllipted	NotEllipted	NotEllipted	VocalForm	NForm	VocalForm	NForm	NotControlled	NotControlled	NotControlled	ZeroTypeOfCoordination	ZeroTypeOfCoordination	ZeroTypeOfCoordination	NoCompositeness	Composite_o	Composite_ski	Composite_iko	Composite_sko	NoCompositeness	Composite_o	Composite_e	Composite_usek	Composite_null	Composite_Numeral	Composite_cko	Composite_cki	Composite_ComplexNumeral	Composite_NumeralFull	Composite_NumeralShort	DegreePositive	DegreePositive	Adverb_Un_Hyphen	Adverb_With_Hyphen	Adverb_Un_Hyphen	DeclensionAdjectival	DeclensionNominal	DeclensionMixed	Indeclinable	DeclensionAdjectival	DeclensionNominal	DeclensionMixed	Indeclinable	Un_Comp_Suf	Comp_Suffixoid	Un_Comp_Suf	Comp_Suffixoid_Num_OJ	Comp_Suffixoid_Num_YJ	Comp_Suffixoid_Num_IJ	Comp_Suffixoid_Num_J	Comp_PunctuatorPost	Comp_PunctuatorPref	Comp_PunctuatorPostSeparable	Comp_PunctuatorPrefSeparable	Comp_Prefixoid	Comp_Suffixoid_Num_PercentYJ	Comp_Noun	Comp_Suffixoid_Chem	Comp_Adj	Comp_SuffixoidAbbr	BiAspectual	MonoAspectual	Paired	BiAspectual	MonoAspectual	Paired	FullSynthComparison	NoSynthComparative	MOne	MTwo	MThree	MOne	MTwo	MThree	NormalClassifyingCapitalization	NormalClassifyingCapitalization	NormalClassifyingCapitalization	Future	Past	Present	Future	Past	Present	Adjective	Adverb	ZeroDoubleConjunct	ZeroDoubleConjunct	ZeroDoubleConjunct	NotCommonChild	NotCommonChild	NotCommonChild	Accusative	Dative	Genitive	Instrumental	Locative	Nominative	Partitive	Prepositional	DativeSpecial	ZeroCase	Vocative	Accusative	Dative	Genitive	Instrumental	Locative	Nominative	Partitive	Prepositional	DativeSpecial	ZeroCase	Vocative	RCDemonstrative	RCAttributive	RCPossessive	RCIndefinite	RCPersonal	RCInterrogative	RCNegative	RCReflexive	RCNoun	RCDemonstrative	RCAttributive	RCPossessive	RCIndefinite	RCPersonal	RCInterrogative	RCNegative	RCReflexive	RCNoun	NoPlacement	NoPlacement	NoPlacement	Imperfective	Perfective	Imperfective	Perfective	NotDefaultFiller	NotDefaultFiller	NotDefaultFiller	Feminine	Masculine	Neuter	Common	Feminine	Masculine	Neuter	Common	NoLeftmostPlacement	NoLeftmostPlacement	NoLeftmostPlacement	Iterat	UnIterat	Iterat	UnIterat	NoRightmostPlacement	NoRightmostPlacement	NoRightmostPlacement	NotLeftConjunct	NotLeftConjunct	NotLeftConjunct	PersonFirst	PersonSecond	PersonThird	PersonZero	PersonFirst	PersonSecond	PersonThird	PersonZero	Active	VoiceSya	Passive	Active	VoiceSya	Passive	VerbIntransitive	VerbIntransitiveSpecial	VerbTransitive	VerbTransitiveSpecial	VerbIntransitive	VerbIntransitiveSpecial	VerbTransitive	VerbTransitiveSpecial	NotRightConjunct	NotRightConjunct	NotRightConjunct	NoSpecialCaseForm	Locative_u	Genitive_u	Plural_consonant	Genitive_Locative_u	GenitivePlural_Zero	NominativePlural_a	SpecialPlual	SpecialVocative	NoSpecialCaseForm	Locative_u	Genitive_u	Plural_consonant	Genitive_Locative_u	GenitivePlural_Zero	NominativePlural_a	SpecialPlual	SpecialVocative	NoContrast	NoContrast	NoContrast	NormalCapitalization	NormalCapitalization	NormalCapitalization	PO_Prefixoid	Rus_Prefixoid	VPOL_Prefixoid	NE_Prefixoid	Eval_Prefixoid	Intern_Prefixoid	Reduced_Prefixoid	InternHy_Prefixoid	Letter_Prefixoid	BEZ_Prefixoid	BES_Prefixoid	BEZer_Prefixoid	V_Prefixoid	InternModEr_Prefixoid	RusHy_Prefixoid	NAI_Prefixoid	POL_Prefixoid	NI_Prefixoid	KOE_Prefixoid	Intern_ReducedPrefixoid	InternMod_Prefixoid	Chem_Prefixoid	ProperNamePrefixoid	Chemical_Possible	PO_Prefixoid	Rus_Prefixoid	VPOL_Prefixoid	NE_Prefixoid	Eval_Prefixoid	Intern_Prefixoid	Reduced_Prefixoid	InternHy_Prefixoid	Letter_Prefixoid	BEZ_Prefixoid	BES_Prefixoid	BEZer_Prefixoid	V_Prefixoid	InternModEr_Prefixoid	RusHy_Prefixoid	NAI_Prefixoid	POL_Prefixoid	NI_Prefixoid	KOE_Prefixoid	Intern_ReducedPrefixoid	InternMod_Prefixoid	Chem_Prefixoid	ProperNamePrefixoid	Chemical_Possible	ParticipleFullForm	ParticipleShortForm	ParticipleFullForm	ParticipleShortForm	Plural	Singular	Plural	Singular	FiveAndMore	Three	Four	Two	SevenEight	FiveAndMore	Three	Four	Two	SevenEight	AdjectiveFullForm	AdjectiveShortForm	AdjectiveShortFlectional	AdjectiveFullForm	AdjectiveShortForm	AdjectiveShortFlectional	NounProperGeneral	NounProperSurNameFlective	NounProperTown	NounProperName	AdjectiveProper	NounProperPatronymic	NounProperNameDimin	AbbrProperGeneral	NounProperSurNameForeign	NounProperGeneral	NounProperSurNameFlective	NounProperTown	NounProperName	AdjectiveProper	NounProperPatronymic	NounProperNameDimin	AbbrProperGeneral	NounProperSurNameForeign	NormalNumberParadigm	NormalNumberParadigm	NormalNumberParadigm	FullRealization	FullRealization	FullRealization
9	32	исследовательским	исследовательским	284891	284890	Animate	Inanimate	Reflexive	FullReflexivity	NonReflexive	ImperfectiveReflexivity	NormalMorphForm	DefectOne	DefectTwo	Byt	DefectThree	DefectFour	GTAdjectiveAttributive	NotEllipted	VocalForm	NForm	NotControlled	ZeroTypeOfCoordination	NoCompositeness	DegreePositive	Adverb_Un_Hyphen	Adverb_With_Hyphen	DeclensionAdjectival	DeclensionNominal	DeclensionMixed	Indeclinable	Un_Comp_Suf	BiAspectual	MonoAspectual	Paired	NoSynthComparative	MOne	MTwo	MThree	NormalClassifyingCapitalization	Future	Past	Present	Adjective	ZeroDoubleConjunct	NotCommonChild	Dative	Instrumental	RCDemonstrative	RCAttributive	RCPossessive	RCIndefinite	RCPersonal	RCInterrogative	RCNegative	RCReflexive	RCNoun	NoPlacement	Imperfective	Perfective	NotDefaultFiller	Feminine	Masculine	Neuter	Common	NoLeftmostPlacement	Iterat	UnIterat	NoRightmostPlacement	NotLeftConjunct	PersonFirst	PersonSecond	PersonThird	PersonZero	Active	VoiceSya	Passive	VerbIntransitive	VerbIntransitiveSpecial	VerbTransitive	VerbTransitiveSpecial	NotRightConjunct	NoSpecialCaseForm	Locative_u	Genitive_u	Plural_consonant	Genitive_Locative_u	GenitivePlural_Zero	NominativePlural_a	SpecialPlual	SpecialVocative	NoContrast	NormalCapitalization	PO_Prefixoid	Rus_Prefixoid	VPOL_Prefixoid	NE_Prefixoid	Eval_Prefixoid	Intern_Prefixoid	Reduced_Prefixoid	InternHy_Prefixoid	Letter_Prefixoid	BEZ_Prefixoid	BES_Prefixoid	BEZer_Prefixoid	V_Prefixoid	InternModEr_Prefixoid	RusHy_Prefixoid	NAI_Prefixoid	POL_Prefixoid	NI_Prefixoid	KOE_Prefixoid	Intern_ReducedPrefixoid	InternMod_Prefixoid	Chem_Prefixoid	ProperNamePrefixoid	Chemical_Possible	ParticipleFullForm	ParticipleShortForm	Plural	Singular	FiveAndMore	Three	Four	Two	SevenEight	AdjectiveFullForm	NounProperGeneral	NounProperSurNameFlective	NounProperTown	NounProperName	AdjectiveProper	NounProperPatronymic	NounProperNameDimin	AbbrProperGeneral	NounProperSurNameForeign	NormalNumberParadigm	FullRealization
9	50	институтом	институтом	284890	284889	Inanimate	Reflexive	FullReflexivity	NonReflexive	ImperfectiveReflexivity	NormalMorphForm	DefectOne	DefectTwo	Byt	DefectThree	DefectFour	GTNoun	NotEllipted	VocalForm	NForm	NotControlled	ZeroTypeOfCoordination	NoCompositeness	DegreeComparative	DegreePositive	DegreeSuperlative	Adverb_Un_Hyphen	Adverb_With_Hyphen	DeclensionNominal	Un_Comp_Suf	BiAspectual	MonoAspectual	Paired	FullSynthComparison	NoSynthComparative	NoSynthSuperlative	OnlySuperlative	MOne	MTwo	MThree	NormalClassifyingCapitalization	Future	Past	Present	Noun	ZeroDoubleConjunct	NotCommonChild	Instrumental	RCDemonstrative	RCAttributive	RCPossessive	RCIndefinite	RCPersonal	RCInterrogative	RCNegative	RCReflexive	RCNoun	NoPlacement	Imperfective	Perfective	NotDefaultFiller	Masculine	NoLeftmostPlacement	Iterat	UnIterat	NoRightmostPlacement	NotLeftConjunct	PersonFirst	PersonSecond	PersonThird	PersonZero	Active	VoiceSya	Passive	VerbIntransitive	VerbIntransitiveSpecial	VerbTransitive	VerbTransitiveSpecial	NotRightConjunct	NoSpecialCaseForm	NoContrast	NormalCapitalization	PO_Prefixoid	Rus_Prefixoid	VPOL_Prefixoid	NE_Prefixoid	Eval_Prefixoid	Intern_Prefixoid	Reduced_Prefixoid	InternHy_Prefixoid	Letter_Prefixoid	BEZ_Prefixoid	BES_Prefixoid	BEZer_Prefixoid	V_Prefixoid	InternModEr_Prefixoid	RusHy_Prefixoid	NAI_Prefixoid	POL_Prefixoid	NI_Prefixoid	KOE_Prefixoid	Intern_ReducedPrefixoid	InternMod_Prefixoid	Chem_Prefixoid	ProperNamePrefixoid	Chemical_Possible	ParticipleFullForm	ParticipleShortForm	Singular	FiveAndMore	Three	Four	Two	SevenEight	AdjectiveFullForm	AdjectiveShortForm	AdjectiveShortFlectional	NounProperGeneral	NounProperSurNameFlective	NounProperTown	NounProperName	AdjectiveProper	NounProperPatronymic	NounProperNameDimin	AbbrProperGeneral	NounProperSurNameForeign	NormalNumberParadigm	FullRealization
9	61	цереброваскулярной	цереброваскулярной	284894	284893	Animate	Inanimate	Reflexive	FullReflexivity	NonReflexive	ImperfectiveReflexivity	NormalMorphForm	DefectOne	DefectTwo	Byt	DefectThree	DefectFour	GTAdjectiveAttributive	NotEllipted	VocalForm	NForm	NotControlled	ZeroTypeOfCoordination	NoCompositeness	DegreePositive	Adverb_Un_Hyphen	Adverb_With_Hyphen	DeclensionAdjectival	DeclensionNominal	DeclensionMixed	Indeclinable	Un_Comp_Suf	BiAspectual	MonoAspectual	Paired	NoSynthComparative	MOne	MTwo	MThree	NormalClassifyingCapitalization	Future	Past	Present	Adjective	ZeroDoubleConjunct	NotCommonChild	Dative	Genitive	Instrumental	Locative	Partitive	Prepositional	RCDemonstrative	RCAttributive	RCPossessive	RCIndefinite	RCPersonal	RCInterrogative	RCNegative	RCReflexive	RCNoun	NoPlacement	Imperfective	Perfective	NotDefaultFiller	Feminine	NoLeftmostPlacement	Iterat	UnIterat	NoRightmostPlacement	NotLeftConjunct	PersonFirst	PersonSecond	PersonThird	PersonZero	Active	VoiceSya	Passive	VerbIntransitive	VerbIntransitiveSpecial	VerbTransitive	VerbTransitiveSpecial	NotRightConjunct	NoSpecialCaseForm	Locative_u	Genitive_u	Plural_consonant	Genitive_Locative_u	GenitivePlural_Zero	NominativePlural_a	SpecialPlual	SpecialVocative	NoContrast	NormalCapitalization	PO_Prefixoid	Rus_Prefixoid	VPOL_Prefixoid	NE_Prefixoid	Eval_Prefixoid	Intern_Prefixoid	Reduced_Prefixoid	InternHy_Prefixoid	Letter_Prefixoid	BEZ_Prefixoid	BES_Prefixoid	BEZer_Prefixoid	V_Prefixoid	InternModEr_Prefixoid	RusHy_Prefixoid	NAI_Prefixoid	POL_Prefixoid	NI_Prefixoid	KOE_Prefixoid	Intern_ReducedPrefixoid	InternMod_Prefixoid	Chem_Prefixoid	ProperNamePrefixoid	Chemical_Possible	ParticipleFullForm	ParticipleShortForm	Singular	FiveAndMore	Three	Four	Two	SevenEight	AdjectiveFullForm	NounProperGeneral	NounProperSurNameFlective	NounProperTown	NounProperName	AdjectiveProper	NounProperPatronymic	NounProperNameDimin	AbbrProperGeneral	NounProperSurNameForeign	NormalNumberParadigm	FullRealization
9	80	патологии	патологии	284893	284890	Inanimate	Reflexive	FullReflexivity	NonReflexive	ImperfectiveReflexivity	NormalMorphForm	DefectOne	DefectTwo	Byt	DefectThree	DefectFour	GTNoun	NotEllipted	VocalForm	NForm	NotControlled	ZeroTypeOfCoordination	NoCompositeness	DegreeComparative	DegreePositive	DegreeSuperlative	Adverb_Un_Hyphen	Adverb_With_Hyphen	DeclensionNominal	Un_Comp_Suf	BiAspectual	MonoAspectual	Paired	FullSynthComparison	NoSynthComparative	NoSynthSuperlative	OnlySuperlative	MOne	MTwo	MThree	NormalClassifyingCapitalization	Future	Past	Present	Noun	ZeroDoubleConjunct	NotCommonChild	Accusative	Dative	Genitive	Locative	Nominative	Partitive	Prepositional	RCDemonstrative	RCAttributive	RCPossessive	RCIndefinite	RCPersonal	RCInterrogative	RCNegative	RCReflexive	RCNoun	NoPlacement	Imperfective	Perfective	NotDefaultFiller	Feminine	NoLeftmostPlacement	Iterat	UnIterat	NoRightmostPlacement	NotLeftConjunct	PersonFirst	PersonSecond	PersonThird	PersonZero	Active	VoiceSya	Passive	VerbIntransitive	VerbIntransitiveSpecial	VerbTransitive	VerbTransitiveSpecial	NotRightConjunct	NoSpecialCaseForm	NoContrast	NormalCapitalization	PO_Prefixoid	Rus_Prefixoid	VPOL_Prefixoid	NE_Prefixoid	Eval_Prefixoid	Intern_Prefixoid	Reduced_Prefixoid	InternHy_Prefixoid	Letter_Prefixoid	BEZ_Prefixoid	BES_Prefixoid	BEZer_Prefixoid	V_Prefixoid	InternModEr_Prefixoid	RusHy_Prefixoid	NAI_Prefixoid	POL_Prefixoid	NI_Prefixoid	KOE_Prefixoid	Intern_ReducedPrefixoid	InternMod_Prefixoid	Chem_Prefixoid	ProperNamePrefixoid	Chemical_Possible	ParticipleFullForm	ParticipleShortForm	Plural	Singular	FiveAndMore	Three	Four	Two	SevenEight	AdjectiveFullForm	AdjectiveShortForm	AdjectiveShortFlectional	NounProperGeneral	NounProperSurNameFlective	NounProperTown	NounProperName	AdjectiveProper	NounProperPatronymic	NounProperNameDimin	AbbrProperGeneral	NounProperSurNameForeign	NormalNumberParadigm	FullRealization
9	90	и	и	284896	284895	Animate	Inanimate	Reflexive	FullReflexivity	NonReflexive	ImperfectiveReflexivity	NormalMorphForm	DefectOne	DefectTwo	Byt	DefectThree	DefectFour	GTInvariable	NotEllipted	VocalForm	NForm	NotControlled	ZeroTypeOfCoordination	Composite_ski	Composite_iko	Composite_sko	NoCompositeness	Composite_o	Composite_e	Composite_usek	Composite_null	Composite_Numeral	Composite_cko	Composite_cki	Composite_ComplexNumeral	Composite_NumeralFull	Composite_NumeralShort	DegreeComparative	DegreePositive	DegreeSuperlative	Adverb_Un_Hyphen	Adverb_With_Hyphen	DeclensionAdjectival	DeclensionNominal	DeclensionMixed	Indeclinable	Comp_Suffixoid	Un_Comp_Suf	Comp_Suffixoid_Num_OJ	Comp_Suffixoid_Num_YJ	Comp_Suffixoid_Num_IJ	Comp_Suffixoid_Num_J	Comp_PunctuatorPost	Comp_PunctuatorPref	Comp_PunctuatorPostSeparable	Comp_PunctuatorPrefSeparable	Comp_Prefixoid	Comp_Suffixoid_Num_PercentYJ	Comp_Noun	Comp_Suffixoid_Chem	Comp_Adj	Comp_SuffixoidAbbr	BiAspectual	MonoAspectual	Paired	FullSynthComparison	NoSynthComparative	NoSynthSuperlative	OnlySuperlative	MOne	MTwo	MThree	NormalClassifyingCapitalization	Future	Past	Present	Conjunction	Particle	ZeroDoubleConjunct	NotCommonChild	Accusative	Dative	Genitive	Instrumental	Locative	Nominative	Partitive	Prepositional	DativeSpecial	ZeroCase	Vocative	RCDemonstrative	RCAttributive	RCPossessive	RCIndefinite	RCPersonal	RCInterrogative	RCNegative	RCReflexive	RCNoun	NoPlacement	Imperfective	Perfective	NotDefaultFiller	Feminine	Masculine	Neuter	Common	NoLeftmostPlacement	Iterat	UnIterat	NoRightmostPlacement	NotLeftConjunct	PersonFirst	PersonSecond	PersonThird	PersonZero	Active	VoiceSya	Passive	VerbIntransitive	VerbIntransitiveSpecial	VerbTransitive	VerbTransitiveSpecial	NotRightConjunct	NoSpecialCaseForm	Locative_u	Genitive_u	Plural_consonant	Genitive_Locative_u	GenitivePlural_Zero	NominativePlural_a	SpecialPlual	SpecialVocative	NoContrast	NormalCapitalization	PO_Prefixoid	Rus_Prefixoid	VPOL_Prefixoid	NE_Prefixoid	Eval_Prefixoid	Intern_Prefixoid	Reduced_Prefixoid	InternHy_Prefixoid	Letter_Prefixoid	BEZ_Prefixoid	BES_Prefixoid	BEZer_Prefixoid	V_Prefixoid	InternModEr_Prefixoid	RusHy_Prefixoid	NAI_Prefixoid	POL_Prefixoid	NI_Prefixoid	KOE_Prefixoid	Intern_ReducedPrefixoid	InternMod_Prefixoid	Chem_Prefixoid	ProperNamePrefixoid	Chemical_Possible	ParticipleFullForm	ParticipleShortForm	Plural	Singular	FiveAndMore	Three	Four	Two	SevenEight	AdjectiveFullForm	AdjectiveShortForm	AdjectiveShortFlectional	NounProperGeneral	NounProperSurNameFlective	NounProperTown	NounProperName	AdjectiveProper	NounProperPatronymic	NounProperNameDimin	AbbrProperGeneral	NounProperSurNameForeign	NormalNumberParadigm	FullRealization
9	92	инсульта	инсульта	284895	284890	Inanimate	Reflexive	FullReflexivity	NonReflexive	ImperfectiveReflexivity	NormalMorphForm	DefectOne	DefectTwo	Byt	DefectThree	DefectFour	GTNoun	NotEllipted	VocalForm	NForm	NotControlled	ZeroTypeOfCoordination	NoCompositeness	DegreeComparative	DegreePositive	DegreeSuperlative	Adverb_Un_Hyphen	Adverb_With_Hyphen	DeclensionNominal	Un_Comp_Suf	BiAspectual	MonoAspectual	Paired	FullSynthComparison	NoSynthComparative	NoSynthSuperlative	OnlySuperlative	MOne	MTwo	MThree	NormalClassifyingCapitalization	Future	Past	Present	Noun	ZeroDoubleConjunct	NotCommonChild	Genitive	Partitive	RCDemonstrative	RCAttributive	RCPossessive	RCIndefinite	RCPersonal	RCInterrogative	RCNegative	RCReflexive	RCNoun	NoPlacement	Imperfective	Perfective	NotDefaultFiller	Masculine	NoLeftmostPlacement	Iterat	UnIterat	NoRightmostPlacement	NotLeftConjunct	PersonFirst	PersonSecond	PersonThird	PersonZero	Active	VoiceSya	Passive	VerbIntransitive	VerbIntransitiveSpecial	VerbTransitive	VerbTransitiveSpecial	NotRightConjunct	NoSpecialCaseForm	NoContrast	NormalCapitalization	PO_Prefixoid	Rus_Prefixoid	VPOL_Prefixoid	NE_Prefixoid	Eval_Prefixoid	Intern_Prefixoid	Reduced_Prefixoid	InternHy_Prefixoid	Letter_Prefixoid	BEZ_Prefixoid	BES_Prefixoid	BEZer_Prefixoid	V_Prefixoid	InternModEr_Prefixoid	RusHy_Prefixoid	NAI_Prefixoid	POL_Prefixoid	NI_Prefixoid	KOE_Prefixoid	Intern_ReducedPrefixoid	InternMod_Prefixoid	Chem_Prefixoid	ProperNamePrefixoid	Chemical_Possible	ParticipleFullForm	ParticipleShortForm	Singular	FiveAndMore	Three	Four	Two	SevenEight	AdjectiveFullForm	AdjectiveShortForm	AdjectiveShortFlectional	NounProperGeneral	NounProperSurNameFlective	NounProperTown	NounProperName	AdjectiveProper	NounProperPatronymic	NounProperNameDimin	AbbrProperGeneral	NounProperSurNameForeign	NormalNumberParadigm	FullRealization
13	0	Член	Член	284901	-1	Animate	Inanimate	Reflexive	FullReflexivity	NonReflexive	ImperfectiveReflexivity	NormalMorphForm	DefectOne	DefectTwo	Byt	DefectThree	DefectFour	GTNoun	NotEllipted	VocalForm	NForm	NotControlled	ZeroTypeOfCoordination	NoCompositeness	DegreeComparative	DegreePositive	DegreeSuperlative	Adverb_Un_Hyphen	Adverb_With_Hyphen	DeclensionNominal	Un_Comp_Suf	BiAspectual	MonoAspectual	Paired	FullSynthComparison	NoSynthComparative	NoSynthSuperlative	OnlySuperlative	MOne	MTwo	MThree	NormalClassifyingCapitalization	Future	Past	Present	Noun	ZeroDoubleConjunct	NotCommonChild	Accusative	Nominative	RCDemonstrative	RCAttributive	RCPossessive	RCIndefinite	RCPersonal	RCInterrogative	RCNegative	RCReflexive	RCNoun	NoPlacement	Imperfective	Perfective	NotDefaultFiller	Masculine	NoLeftmostPlacement	Iterat	UnIterat	NoRightmostPlacement	NotLeftConjunct	PersonFirst	PersonSecond	PersonThird	PersonZero	Active	VoiceSya	Passive	VerbIntransitive	VerbIntransitiveSpecial	VerbTransitive	VerbTransitiveSpecial	NotRightConjunct	NoSpecialCaseForm	NoContrast	NormalCapitalization	PO_Prefixoid	Rus_Prefixoid	VPOL_Prefixoid	NE_Prefixoid	Eval_Prefixoid	Intern_Prefixoid	Reduced_Prefixoid	InternHy_Prefixoid	Letter_Prefixoid	BEZ_Prefixoid	BES_Prefixoid	BEZer_Prefixoid	V_Prefixoid	InternModEr_Prefixoid	RusHy_Prefixoid	NAI_Prefixoid	POL_Prefixoid	NI_Prefixoid	KOE_Prefixoid	Intern_ReducedPrefixoid	InternMod_Prefixoid	Chem_Prefixoid	ProperNamePrefixoid	Chemical_Possible	ParticipleFullForm	ParticipleShortForm	Singular	FiveAndMore	Three	Four	Two	SevenEight	AdjectiveFullForm	AdjectiveShortForm	AdjectiveShortFlectional	NounProperGeneral	NounProperSurNameFlective	NounProperTown	NounProperName	AdjectiveProper	NounProperPatronymic	NounProperNameDimin	AbbrProperGeneral	NounProperSurNameForeign	NormalNumberParadigm	FullRealization
13	5	корреспондент	корреспондент	284902	284901	Animate	Reflexive	FullReflexivity	NonReflexive	ImperfectiveReflexivity	NormalMorphForm	DefectOne	DefectTwo	Byt	DefectThree	DefectFour	GTNoun	NotEllipted	VocalForm	NForm	NotControlled	ZeroTypeOfCoordination	NoCompositeness	DegreeComparative	DegreePositive	DegreeSuperlative	Adverb_Un_Hyphen	Adverb_With_Hyphen	DeclensionNominal	Un_Comp_Suf	BiAspectual	MonoAspectual	Paired	FullSynthComparison	NoSynthComparative	NoSynthSuperlative	OnlySuperlative	MOne	MTwo	MThree	NormalClassifyingCapitalization	Future	Past	Present	Noun	ZeroDoubleConjunct	NotCommonChild	Nominative	RCDemonstrative	RCAttributive	RCPossessive	RCIndefinite	RCPersonal	RCInterrogative	RCNegative	RCReflexive	RCNoun	NoPlacement	Imperfective	Perfective	NotDefaultFiller	Masculine	NoLeftmostPlacement	Iterat	UnIterat	NoRightmostPlacement	NotLeftConjunct	PersonFirst	PersonSecond	PersonThird	PersonZero	Active	VoiceSya	Passive	VerbIntransitive	VerbIntransitiveSpecial	VerbTransitive	VerbTransitiveSpecial	NotRightConjunct	NoSpecialCaseForm	NoContrast	NormalCapitalization	PO_Prefixoid	Rus_Prefixoid	VPOL_Prefixoid	NE_Prefixoid	Eval_Prefixoid	Intern_Prefixoid	Reduced_Prefixoid	InternHy_Prefixoid	Letter_Prefixoid	BEZ_Prefixoid	BES_Prefixoid	BEZer_Prefixoid	V_Prefixoid	InternModEr_Prefixoid	RusHy_Prefixoid	NAI_Prefixoid	POL_Prefixoid	NI_Prefixoid	KOE_Prefixoid	Intern_ReducedPrefixoid	InternMod_Prefixoid	Chem_Prefixoid	ProperNamePrefixoid	Chemical_Possible	ParticipleFullForm	ParticipleShortForm	Singular	FiveAndMore	Three	Four	Two	SevenEight	AdjectiveFullForm	AdjectiveShortForm	AdjectiveShortFlectional	NounProperGeneral	NounProperSurNameFlective	NounProperTown	NounProperName	AdjectiveProper	NounProperPatronymic	NounProperNameDimin	AbbrProperGeneral	NounProperSurNameForeign	NormalNumberParadigm	FullRealization
13	19	Российской	Российской	284904	284903	Animate	Inanimate	Reflexive	FullReflexivity	NonReflexive	ImperfectiveReflexivity	NormalMorphForm	DefectOne	DefectTwo	Byt	DefectThree	DefectFour	GTAdjectiveAttributive	NotEllipted	VocalForm	NForm	NotControlled	ZeroTypeOfCoordination	NoCompositeness	DegreePositive	Adverb_Un_Hyphen	Adverb_With_Hyphen	DeclensionAdjectival	DeclensionNominal	DeclensionMixed	Indeclinable	Un_Comp_Suf	BiAspectual	MonoAspectual	Paired	NoSynthComparative	MOne	MTwo	MThree	NormalClassifyingCapitalization	Future	Past	Present	Adjective	ZeroDoubleConjunct	NotCommonChild	Dative	Genitive	Instrumental	Locative	Partitive	Prepositional	RCDemonstrative	RCAttributive	RCPossessive	RCIndefinite	RCPersonal	RCInterrogative	RCNegative	RCReflexive	RCNoun	NoPlacement	Imperfective	Perfective	NotDefaultFiller	Feminine	NoLeftmostPlacement	Iterat	UnIterat	NoRightmostPlacement	NotLeftConjunct	PersonFirst	PersonSecond	PersonThird	PersonZero	Active	VoiceSya	Passive	VerbIntransitive	VerbIntransitiveSpecial	VerbTransitive	VerbTransitiveSpecial	NotRightConjunct	NoSpecialCaseForm	Locative_u	Genitive_u	Plural_consonant	Genitive_Locative_u	GenitivePlural_Zero	NominativePlural_a	SpecialPlual	SpecialVocative	NoContrast	NormalCapitalization	PO_Prefixoid	Rus_Prefixoid	VPOL_Prefixoid	NE_Prefixoid	Eval_Prefixoid	Intern_Prefixoid	Reduced_Prefixoid	InternHy_Prefixoid	Letter_Prefixoid	BEZ_Prefixoid	BES_Prefixoid	BEZer_Prefixoid	V_Prefixoid	InternModEr_Prefixoid	RusHy_Prefixoid	NAI_Prefixoid	POL_Prefixoid	NI_Prefixoid	KOE_Prefixoid	Intern_ReducedPrefixoid	InternMod_Prefixoid	Chem_Prefixoid	ProperNamePrefixoid	Chemical_Possible	ParticipleFullForm	ParticipleShortForm	Singular	FiveAndMore	Three	Four	Two	SevenEight	AdjectiveFullForm	NounProperGeneral	NounProperSurNameFlective	NounProperTown	NounProperName	AdjectiveProper	NounProperPatronymic	NounProperNameDimin	AbbrProperGeneral	NounProperSurNameForeign	NormalNumberParadigm	FullRealization
13	30	академии	академии	284903	284901	Inanimate	Reflexive	FullReflexivity	NonReflexive	ImperfectiveReflexivity	NormalMorphForm	DefectOne	DefectTwo	Byt	DefectThree	DefectFour	GTNoun	NotEllipted	VocalForm	NForm	NotControlled	ZeroTypeOfCoordination	NoCompositeness	DegreeComparative	DegreePositive	DegreeSuperlative	Adverb_Un_Hyphen	Adverb_With_Hyphen	DeclensionNominal	Un_Comp_Suf	BiAspectual	MonoAspectual	Paired	FullSynthComparison	NoSynthComparative	NoSynthSuperlative	OnlySuperlative	MOne	MTwo	MThree	NormalClassifyingCapitalization	Future	Past	Present	Noun	ZeroDoubleConjunct	NotCommonChild	Accusative	Dative	Genitive	Locative	Nominative	Partitive	Prepositional	RCDemonstrative	RCAttributive	RCPossessive	RCIndefinite	RCPersonal	RCInterrogative	RCNegative	RCReflexive	RCNoun	NoPlacement	Imperfective	Perfective	NotDefaultFiller	Feminine	NoLeftmostPlacement	Iterat	UnIterat	NoRightmostPlacement	NotLeftConjunct	PersonFirst	PersonSecond	PersonThird	PersonZero	Active	VoiceSya	Passive	VerbIntransitive	VerbIntransitiveSpecial	VerbTransitive	VerbTransitiveSpecial	NotRightConjunct	NoSpecialCaseForm	NoContrast	NormalCapitalization	PO_Prefixoid	Rus_Prefixoid	VPOL_Prefixoid	NE_Prefixoid	Eval_Prefixoid	Intern_Prefixoid	Reduced_Prefixoid	InternHy_Prefixoid	Letter_Prefixoid	BEZ_Prefixoid	BES_Prefixoid	BEZer_Prefixoid	V_Prefixoid	InternModEr_Prefixoid	RusHy_Prefixoid	NAI_Prefixoid	POL_Prefixoid	NI_Prefixoid	KOE_Prefixoid	Intern_ReducedPrefixoid	InternMod_Prefixoid	Chem_Prefixoid	ProperNamePrefixoid	Chemical_Possible	ParticipleFullForm	ParticipleShortForm	Plural	Singular	FiveAndMore	Three	Four	Two	SevenEight	AdjectiveFullForm	AdjectiveShortForm	AdjectiveShortFlectional	NounProperGeneral	NounProperSurNameFlective	NounProperTown	NounProperName	AdjectiveProper	NounProperPatronymic	NounProperNameDimin	AbbrProperGeneral	NounProperSurNameForeign	NormalNumberParadigm	FullRealization
13	39	медицинских	медицинских	284906	284905	Animate	Inanimate	Reflexive	FullReflexivity	NonReflexive	ImperfectiveReflexivity	NormalMorphForm	DefectOne	DefectTwo	Byt	DefectThree	DefectFour	GTAdjectiveAttributive	NotEllipted	VocalForm	NForm	NotControlled	ZeroTypeOfCoordination	NoCompositeness	DegreePositive	Adverb_Un_Hyphen	Adverb_With_Hyphen	DeclensionAdjectival	DeclensionNominal	DeclensionMixed	Indeclinable	Un_Comp_Suf	BiAspectual	MonoAspectual	Paired	NoSynthComparative	MOne	MTwo	MThree	NormalClassifyingCapitalization	Future	Past	Present	Adjective	ZeroDoubleConjunct	NotCommonChild	Accusative	Genitive	Locative	Partitive	Prepositional	RCDemonstrative	RCAttributive	RCPossessive	RCIndefinite	RCPersonal	RCInterrogative	RCNegative	RCReflexive	RCNoun	NoPlacement	Imperfective	Perfective	NotDefaultFiller	Feminine	Masculine	Neuter	Common	NoLeftmostPlacement	Iterat	UnIterat	NoRightmostPlacement	NotLeftConjunct	PersonFirst	PersonSecond	PersonThird	PersonZero	Active	VoiceSya	Passive	VerbIntransitive	VerbIntransitiveSpecial	VerbTransitive	VerbTransitiveSpecial	NotRightConjunct	NoSpecialCaseForm	Locative_u	Genitive_u	Plural_consonant	Genitive_Locative_u	GenitivePlural_Zero	NominativePlural_a	SpecialPlual	SpecialVocative	NoContrast	NormalCapitalization	PO_Prefixoid	Rus_Prefixoid	VPOL_Prefixoid	NE_Prefixoid	Eval_Prefixoid	Intern_Prefixoid	Reduced_Prefixoid	InternHy_Prefixoid	Letter_Prefixoid	BEZ_Prefixoid	BES_Prefixoid	BEZer_Prefixoid	V_Prefixoid	InternModEr_Prefixoid	RusHy_Prefixoid	NAI_Prefixoid	POL_Prefixoid	NI_Prefixoid	KOE_Prefixoid	Intern_ReducedPrefixoid	InternMod_Prefixoid	Chem_Prefixoid	ProperNamePrefixoid	Chemical_Possible	ParticipleFullForm	ParticipleShortForm	Plural	FiveAndMore	Three	Four	Two	SevenEight	AdjectiveFullForm	NounProperGeneral	NounProperSurNameFlective	NounProperTown	NounProperName	AdjectiveProper	NounProperPatronymic	NounProperNameDimin	AbbrProperGeneral	NounProperSurNameForeign	NormalNumberParadigm	FullRealization
13	51	наук	наук	284905	284903	Inanimate	Reflexive	FullReflexivity	NonReflexive	ImperfectiveReflexivity	NormalMorphForm	DefectOne	DefectTwo	Byt	DefectThree	DefectFour	GTNoun	NotEllipted	VocalForm	NForm	NotControlled	ZeroTypeOfCoordination	NoCompositeness	DegreeComparative	DegreePositive	DegreeSuperlative	Adverb_Un_Hyphen	Adverb_With_Hyphen	DeclensionNominal	Un_Comp_Suf	BiAspectual	MonoAspectual	Paired	FullSynthComparison	NoSynthComparative	NoSynthSuperlative	OnlySuperlative	MOne	MTwo	MThree	NormalClassifyingCapitalization	Future	Past	Present	Noun	ZeroDoubleConjunct	NotCommonChild	Genitive	Partitive	RCDemonstrative	RCAttributive	RCPossessive	RCIndefinite	RCPersonal	RCInterrogative	RCNegative	RCReflexive	RCNoun	NoPlacement	Imperfective	Perfective	NotDefaultFiller	Feminine	NoLeftmostPlacement	Iterat	UnIterat	NoRightmostPlacement	NotLeftConjunct	PersonFirst	PersonSecond	PersonThird	PersonZero	Active	VoiceSya	Passive	VerbIntransitive	VerbIntransitiveSpecial	VerbTransitive	VerbTransitiveSpecial	NotRightConjunct	NoSpecialCaseForm	NoContrast	NormalCapitalization	PO_Prefixoid	Rus_Prefixoid	VPOL_Prefixoid	NE_Prefixoid	Eval_Prefixoid	Intern_Prefixoid	Reduced_Prefixoid	InternHy_Prefixoid	Letter_Prefixoid	BEZ_Prefixoid	BES_Prefixoid	BEZer_Prefixoid	V_Prefixoid	InternModEr_Prefixoid	RusHy_Prefixoid	NAI_Prefixoid	POL_Prefixoid	NI_Prefixoid	KOE_Prefixoid	Intern_ReducedPrefixoid	InternMod_Prefixoid	Chem_Prefixoid	ProperNamePrefixoid	Chemical_Possible	ParticipleFullForm	ParticipleShortForm	Plural	FiveAndMore	Three	Four	Two	SevenEight	AdjectiveFullForm	AdjectiveShortForm	AdjectiveShortFlectional	NounProperGeneral	NounProperSurNameFlective	NounProperTown	NounProperName	AdjectiveProper	NounProperPatronymic	NounProperNameDimin	AbbrProperGeneral	NounProperSurNameForeign	NormalNumberParadigm	FullRealization
13	57	2004	2004	284907	284905	ZeroTypeOfCoordination	NoPlacement	NormalCapitalization	NotDefaultFiller	NoContrast	NoLeftmostPlacement	FullRealization	NoRightmostPlacement	NormalNumberParadigm	NotLeftConjunct	NormalClassifyingCapitalization	ZeroDoubleConjunct	NotCommonChild	NotEllipted	NormalMorphForm	NotControlled	NotRightConjunct
21	0	Пра	Пра	284919	284918	Animate	Animate	Inanimate	Animate	Inanimate	Reflexive	FullReflexivity	NonReflexive	ImperfectiveReflexivity	Reflexive	FullReflexivity	NonReflexive	ImperfectiveReflexivity	Reflexive	FullReflexivity	NonReflexive	ImperfectiveReflexivity	NormalMorphForm	NormalMorphForm	NormalMorphForm	NormalMorphForm	DefectOne	DefectTwo	Byt	DefectThree	DefectFour	DefectOne	DefectTwo	Byt	DefectThree	DefectFour	DefectOne	DefectTwo	Byt	DefectThree	DefectFour	GTNoun	GTInvariable	GTNoun	NotEllipted	NotEllipted	NotEllipted	NotEllipted	VocalForm	NForm	VocalForm	NForm	VocalForm	NForm	NotControlled	NotControlled	NotControlled	NotControlled	ZeroTypeOfCoordination	ZeroTypeOfCoordination	ZeroTypeOfCoordination	ZeroTypeOfCoordination	NoCompositeness	Composite_ski	Composite_iko	Composite_sko	NoCompositeness	Composite_o	Composite_e	Composite_usek	Composite_null	Composite_Numeral	Composite_cko	Composite_cki	Composite_ComplexNumeral	Composite_NumeralFull	Composite_NumeralShort	NoCompositeness	DegreeComparative	DegreePositive	DegreeSuperlative	DegreeComparative	DegreePositive	DegreeSuperlative	DegreeComparative	DegreePositive	DegreeSuperlative	Adverb_Un_Hyphen	Adverb_With_Hyphen	Adverb_Un_Hyphen	Adverb_With_Hyphen	Adverb_Un_Hyphen	Adverb_With_Hyphen	DeclensionNominal	DeclensionAdjectival	DeclensionNominal	DeclensionMixed	Indeclinable	DeclensionAdjectival	DeclensionNominal	DeclensionMixed	Indeclinable	Un_Comp_Suf	Comp_Prefixoid	Un_Comp_Suf	Comp_PunctuatorPostSeparable	Comp_PunctuatorPrefSeparable	Comp_Noun	BiAspectual	MonoAspectual	Paired	BiAspectual	MonoAspectual	Paired	BiAspectual	MonoAspectual	Paired	FullSynthComparison	NoSynthComparative	NoSynthSuperlative	OnlySuperlative	FullSynthComparison	NoSynthComparative	NoSynthSuperlative	OnlySuperlative	FullSynthComparison	NoSynthComparative	NoSynthSuperlative	OnlySuperlative	MOne	MTwo	MThree	MOne	MTwo	MThree	MOne	MTwo	MThree	NormalClassifyingCapitalization	NormalClassifyingCapitalization	NormalClassifyingCapitalization	NormalClassifyingCapitalization	Future	Past	Present	Future	Past	Present	Future	Past	Present	Noun	Prefixoid	Noun	ZeroDoubleConjunct	ZeroDoubleConjunct	ZeroDoubleConjunct	ZeroDoubleConjunct	NotCommonChild	NotCommonChild	NotCommonChild	NotCommonChild	Nominative	Accusative	Dative	Genitive	Instrumental	Locative	Nominative	Partitive	Prepositional	DativeSpecial	ZeroCase	Vocative	Accusative	Dative	Genitive	Instrumental	Locative	Nominative	Partitive	Prepositional	Vocative	RCDemonstrative	RCAttributive	RCPossessive	RCIndefinite	RCPersonal	RCInterrogative	RCNegative	RCReflexive	RCNoun	RCDemonstrative	RCAttributive	RCPossessive	RCIndefinite	RCPersonal	RCInterrogative	RCNegative	RCReflexive	RCNoun	RCDemonstrative	RCAttributive	RCPossessive	RCIndefinite	RCPersonal	RCInterrogative	RCNegative	RCReflexive	RCNoun	NoPlacement	NoPlacement	NoPlacement	NoPlacement	Imperfective	Perfective	Imperfective	Perfective	Imperfective	Perfective	NotDefaultFiller	NotDefaultFiller	NotDefaultFiller	NotDefaultFiller	Masculine	Feminine	Masculine	Neuter	Common	Feminine	Masculine	Neuter	Common	NoLeftmostPlacement	NoLeftmostPlacement	NoLeftmostPlacement	NoLeftmostPlacement	Iterat	UnIterat	Iterat	UnIterat	Iterat	UnIterat	NoRightmostPlacement	NoRightmostPlacement	NoRightmostPlacement	NoRightmostPlacement	NotLeftConjunct	NotLeftConjunct	NotLeftConjunct	NotLeftConjunct	PersonFirst	PersonSecond	PersonThird	PersonZero	PersonFirst	PersonSecond	PersonThird	PersonZero	PersonFirst	PersonSecond	PersonThird	PersonZero	Active	VoiceSya	Passive	Active	VoiceSya	Passive	Active	VoiceSya	Passive	VerbIntransitive	VerbIntransitiveSpecial	VerbTransitive	VerbTransitiveSpecial	VerbIntransitive	VerbIntransitiveSpecial	VerbTransitive	VerbTransitiveSpecial	VerbIntransitive	VerbIntransitiveSpecial	VerbTransitive	VerbTransitiveSpecial	NotRightConjunct	NotRightConjunct	NotRightConjunct	NotRightConjunct	NoSpecialCaseForm	NoSpecialCaseForm	Locative_u	Genitive_u	Plural_consonant	Genitive_Locative_u	GenitivePlural_Zero	NominativePlural_a	SpecialPlual	SpecialVocative	NoSpecialCaseForm	Locative_u	Genitive_u	Plural_consonant	Genitive_Locative_u	GenitivePlural_Zero	NominativePlural_a	SpecialPlual	SpecialVocative	NoContrast	NoContrast	NoContrast	NoContrast	NormalCapitalization	NormalCapitalization	NormalCapitalization	NormalCapitalization	PO_Prefixoid	Rus_Prefixoid	VPOL_Prefixoid	NE_Prefixoid	Eval_Prefixoid	Intern_Prefixoid	Reduced_Prefixoid	InternHy_Prefixoid	Letter_Prefixoid	BEZ_Prefixoid	BES_Prefixoid	BEZer_Prefixoid	V_Prefixoid	InternModEr_Prefixoid	RusHy_Prefixoid	NAI_Prefixoid	POL_Prefixoid	NI_Prefixoid	KOE_Prefixoid	Intern_ReducedPrefixoid	InternMod_Prefixoid	Chem_Prefixoid	ProperNamePrefixoid	Chemical_Possible	Rus_Prefixoid	PO_Prefixoid	Rus_Prefixoid	VPOL_Prefixoid	NE_Prefixoid	Eval_Prefixoid	Intern_Prefixoid	Reduced_Prefixoid	InternHy_Prefixoid	Letter_Prefixoid	BEZ_Prefixoid	BES_Prefixoid	BEZer_Prefixoid	V_Prefixoid	InternModEr_Prefixoid	RusHy_Prefixoid	NAI_Prefixoid	POL_Prefixoid	NI_Prefixoid	KOE_Prefixoid	Intern_ReducedPrefixoid	InternMod_Prefixoid	Chem_Prefixoid	ProperNamePrefixoid	Chemical_Possible	ParticipleFullForm	ParticipleShortForm	ParticipleFullForm	ParticipleShortForm	ParticipleFullForm	ParticipleShortForm	Singular	Plural	Singular	Plural	Singular	FiveAndMore	Three	Four	Two	SevenEight	FiveAndMore	Three	Four	Two	SevenEight	FiveAndMore	Three	Four	Two	SevenEight	AdjectiveFullForm	AdjectiveShortForm	AdjectiveShortFlectional	AdjectiveFullForm	AdjectiveShortForm	AdjectiveShortFlectional	AdjectiveFullForm	AdjectiveShortForm	AdjectiveShortFlectional	NounProperGeneral	NounProperSurNameFlective	NounProperTown	NounProperName	AdjectiveProper	NounProperPatronymic	NounProperNameDimin	AbbrProperGeneral	NounProperSurNameForeign	NounProperGeneral	NounProperSurNameFlective	NounProperTown	NounProperName	AdjectiveProper	NounProperPatronymic	NounProperNameDimin	AbbrProperGeneral	NounProperSurNameForeign	NounProperGeneral	NounProperSurNameFlective	NounProperTown	NounProperName	AdjectiveProper	NounProperPatronymic	NounProperNameDimin	AbbrProperGeneral	NounProperSurNameForeign	NormalNumberParadigm	NormalNumberParadigm	NormalNumberParadigm	NormalNumberParadigm	PluraliaTantum	SingulariaTantum	FullRealization	FullRealization	FullRealization	FullRealization
21	3	прадед	прадед	284918	284917	Animate	Animate	Inanimate	Reflexive	FullReflexivity	NonReflexive	ImperfectiveReflexivity	Reflexive	FullReflexivity	NonReflexive	ImperfectiveReflexivity	NormalMorphForm	NormalMorphForm	DefectOne	DefectTwo	Byt	DefectThree	DefectFour	DefectOne	DefectTwo	Byt	DefectThree	DefectFour	GTNoun	GTInvariable	NotEllipted	NotEllipted	VocalForm	NForm	VocalForm	NForm	NotControlled	NotControlled	ZeroTypeOfCoordination	ZeroTypeOfCoordination	NoCompositeness	Composite_ski	Composite_iko	Composite_sko	NoCompositeness	Composite_o	Composite_e	Composite_usek	Composite_null	Composite_Numeral	Composite_cko	Composite_cki	Composite_ComplexNumeral	Composite_NumeralFull	Composite_NumeralShort	DegreeComparative	DegreePositive	DegreeSuperlative	DegreeComparative	DegreePositive	DegreeSuperlative	Adverb_Un_Hyphen	Adverb_With_Hyphen	Adverb_Un_Hyphen	Adverb_With_Hyphen	DeclensionNominal	DeclensionAdjectival	DeclensionNominal	DeclensionMixed	Indeclinable	Un_Comp_Suf	Comp_Prefixoid	BiAspectual	MonoAspectual	Paired	BiAspectual	MonoAspectual	Paired	FullSynthComparison	NoSynthComparative	NoSynthSuperlative	OnlySuperlative	FullSynthComparison	NoSynthComparative	NoSynthSuperlative	OnlySuperlative	MOne	MTwo	MThree	MOne	MTwo	MThree	NormalClassifyingCapitalization	NormalClassifyingCapitalization	Future	Past	Present	Future	Past	Present	Noun	Prefixoid	ZeroDoubleConjunct	ZeroDoubleConjunct	NotCommonChild	NotCommonChild	Nominative	Accusative	Dative	Genitive	Instrumental	Locative	Nominative	Partitive	Prepositional	DativeSpecial	ZeroCase	Vocative	RCDemonstrative	RCAttributive	RCPossessive	RCIndefinite	RCPersonal	RCInterrogative	RCNegative	RCReflexive	RCNoun	RCDemonstrative	RCAttributive	RCPossessive	RCIndefinite	RCPersonal	RCInterrogative	RCNegative	RCReflexive	RCNoun	NoPlacement	NoPlacement	Imperfective	Perfective	Imperfective	Perfective	NotDefaultFiller	NotDefaultFiller	Masculine	Feminine	Masculine	Neuter	Common	NoLeftmostPlacement	NoLeftmostPlacement	Iterat	UnIterat	Iterat	UnIterat	NoRightmostPlacement	NoRightmostPlacement	NotLeftConjunct	NotLeftConjunct	PersonFirst	PersonSecond	PersonThird	PersonZero	PersonFirst	PersonSecond	PersonThird	PersonZero	Active	VoiceSya	Passive	Active	VoiceSya	Passive	VerbIntransitive	VerbIntransitiveSpecial	VerbTransitive	VerbTransitiveSpecial	VerbIntransitive	VerbIntransitiveSpecial	VerbTransitive	VerbTransitiveSpecial	NotRightConjunct	NotRightConjunct	NoSpecialCaseForm	NoSpecialCaseForm	Locative_u	Genitive_u	Plural_consonant	Genitive_Locative_u	GenitivePlural_Zero	NominativePlural_a	SpecialPlual	SpecialVocative	NoContrast	NoContrast	NormalCapitalization	NormalCapitalization	PO_Prefixoid	Rus_Prefixoid	VPOL_Prefixoid	NE_Prefixoid	Eval_Prefixoid	Intern_Prefixoid	Reduced_Prefixoid	InternHy_Prefixoid	Letter_Prefixoid	BEZ_Prefixoid	BES_Prefixoid	BEZer_Prefixoid	V_Prefixoid	InternModEr_Prefixoid	RusHy_Prefixoid	NAI_Prefixoid	POL_Prefixoid	NI_Prefixoid	KOE_Prefixoid	Intern_ReducedPrefixoid	InternMod_Prefixoid	Chem_Prefixoid	ProperNamePrefixoid	Chemical_Possible	Rus_Prefixoid	ParticipleFullForm	ParticipleShortForm	ParticipleFullForm	ParticipleShortForm	Singular	Plural	Singular	FiveAndMore	Three	Four	Two	SevenEight	FiveAndMore	Three	Four	Two	SevenEight	AdjectiveFullForm	AdjectiveShortForm	AdjectiveShortFlectional	AdjectiveFullForm	AdjectiveShortForm	AdjectiveShortFlectional	NounProperGeneral	NounProperSurNameFlective	NounProperTown	NounProperName	AdjectiveProper	NounProperPatronymic	NounProperNameDimin	AbbrProperGeneral	NounProperSurNameForeign	NounProperGeneral	NounProperSurNameFlective	NounProperTown	NounProperName	AdjectiveProper	NounProperPatronymic	NounProperNameDimin	AbbrProperGeneral	NounProperSurNameForeign	NormalNumberParadigm	NormalNumberParadigm	FullRealization	FullRealization
21	10	Скворцовой	Скворцовой	284920	284918	Animate	Reflexive	FullReflexivity	NonReflexive	ImperfectiveReflexivity	NormalMorphForm	DefectOne	DefectTwo	Byt	DefectThree	DefectFour	GTNoun	NotEllipted	VocalForm	NForm	NotControlled	ZeroTypeOfCoordination	NoCompositeness	DegreeComparative	DegreePositive	DegreeSuperlative	Adverb_Un_Hyphen	Adverb_With_Hyphen	DeclensionNominal	Un_Comp_Suf	BiAspectual	MonoAspectual	Paired	FullSynthComparison	NoSynthComparative	NoSynthSuperlative	OnlySuperlative	MOne	MTwo	MThree	NormalClassifyingCapitalization	Future	Past	Present	Noun	ZeroDoubleConjunct	NotCommonChild	Dative	Genitive	Instrumental	Locative	Partitive	Prepositional	RCDemonstrative	RCAttributive	RCPossessive	RCIndefinite	RCPersonal	RCInterrogative	RCNegative	RCReflexive	RCNoun	NoPlacement	Imperfective	Perfective	NotDefaultFiller	Feminine	NoLeftmostPlacement	Iterat	UnIterat	NoRightmostPlacement	NotLeftConjunct	PersonFirst	PersonSecond	PersonThird	PersonZero	Active	VoiceSya	Passive	VerbIntransitive	VerbIntransitiveSpecial	VerbTransitive	VerbTransitiveSpecial	NotRightConjunct	NoSpecialCaseForm	NoContrast	NormalCapitalization	PO_Prefixoid	Rus_Prefixoid	VPOL_Prefixoid	NE_Prefixoid	Eval_Prefixoid	Intern_Prefixoid	Reduced_Prefixoid	InternHy_Prefixoid	Letter_Prefixoid	BEZ_Prefixoid	BES_Prefixoid	BEZer_Prefixoid	V_Prefixoid	InternModEr_Prefixoid	RusHy_Prefixoid	NAI_Prefixoid	POL_Prefixoid	NI_Prefixoid	KOE_Prefixoid	Intern_ReducedPrefixoid	InternMod_Prefixoid	Chem_Prefixoid	ProperNamePrefixoid	Chemical_Possible	ParticipleFullForm	ParticipleShortForm	Singular	FiveAndMore	Three	Four	Two	SevenEight	AdjectiveFullForm	AdjectiveShortForm	AdjectiveShortFlectional	NounProperSurNameFlective	NormalNumberParadigm	FullRealization
21	21	по	по	284922	284921	Animate	Inanimate	Reflexive	FullReflexivity	NonReflexive	ImperfectiveReflexivity	NormalMorphForm	DefectOne	DefectTwo	Byt	DefectThree	DefectFour	GTInvariable	NotEllipted	VocalForm	NForm	NotControlled	ZeroTypeOfCoordination	Composite_ski	Composite_iko	Composite_sko	NoCompositeness	Composite_o	Composite_e	Composite_usek	Composite_null	Composite_Numeral	Composite_cko	Composite_cki	Composite_ComplexNumeral	Composite_NumeralFull	Composite_NumeralShort	DegreeComparative	DegreePositive	DegreeSuperlative	Adverb_Un_Hyphen	Adverb_With_Hyphen	DeclensionAdjectival	DeclensionNominal	DeclensionMixed	Indeclinable	Comp_Suffixoid	Un_Comp_Suf	Comp_Suffixoid_Num_OJ	Comp_Suffixoid_Num_YJ	Comp_Suffixoid_Num_IJ	Comp_Suffixoid_Num_J	Comp_PunctuatorPost	Comp_PunctuatorPref	Comp_PunctuatorPostSeparable	Comp_PunctuatorPrefSeparable	Comp_Prefixoid	Comp_Suffixoid_Num_PercentYJ	Comp_Noun	Comp_Suffixoid_Chem	Comp_Adj	Comp_SuffixoidAbbr	BiAspectual	MonoAspectual	Paired	FullSynthComparison	NoSynthComparative	NoSynthSuperlative	OnlySuperlative	MOne	MTwo	MThree	NormalClassifyingCapitalization	Future	Past	Present	Preposition	ZeroDoubleConjunct	NotCommonChild	Accusative	Dative	Genitive	Instrumental	Locative	Nominative	Partitive	Prepositional	DativeSpecial	ZeroCase	Vocative	RCDemonstrative	RCAttributive	RCPossessive	RCIndefinite	RCPersonal	RCInterrogative	RCNegative	RCReflexive	RCNoun	NoPlacement	Imperfective	Perfective	NotDefaultFiller	Feminine	Masculine	Neuter	Common	NoLeftmostPlacement	Iterat	UnIterat	NoRightmostPlacement	NotLeftConjunct	PersonFirst	PersonSecond	PersonThird	PersonZero	Active	VoiceSya	Passive	VerbIntransitive	VerbIntransitiveSpecial	VerbTransitive	VerbTransitiveSpecial	NotRightConjunct	NoSpecialCaseForm	Locative_u	Genitive_u	Plural_consonant	Genitive_Locative_u	GenitivePlural_Zero	NominativePlural_a	SpecialPlual	SpecialVocative	NoContrast	NormalCapitalization	PO_Prefixoid	Rus_Prefixoid	VPOL_Prefixoid	NE_Prefixoid	Eval_Prefixoid	Intern_Prefixoid	Reduced_Prefixoid	InternHy_Prefixoid	Letter_Prefixoid	BEZ_Prefixoid	BES_Prefixoid	BEZer_Prefixoid	V_Prefixoid	InternModEr_Prefixoid	RusHy_Prefixoid	NAI_Prefixoid	POL_Prefixoid	NI_Prefixoid	KOE_Prefixoid	Intern_ReducedPrefixoid	InternMod_Prefixoid	Chem_Prefixoid	ProperNamePrefixoid	Chemical_Possible	ParticipleFullForm	ParticipleShortForm	Plural	Singular	FiveAndMore	Three	Four	Two	SevenEight	AdjectiveFullForm	AdjectiveShortForm	AdjectiveShortFlectional	NounProperGeneral	NounProperSurNameFlective	NounProperTown	NounProperName	AdjectiveProper	NounProperPatronymic	NounProperNameDimin	AbbrProperGeneral	NounProperSurNameForeign	NormalNumberParadigm	FullRealization
21	24	отцовской	отцовской	284923	284921	Animate	Inanimate	Reflexive	FullReflexivity	NonReflexive	ImperfectiveReflexivity	NormalMorphForm	DefectOne	DefectTwo	Byt	DefectThree	DefectFour	GTAdjectiveAttributive	NotEllipted	VocalForm	NForm	NotControlled	ZeroTypeOfCoordination	NoCompositeness	DegreePositive	Adverb_Un_Hyphen	Adverb_With_Hyphen	DeclensionAdjectival	DeclensionNominal	DeclensionMixed	Indeclinable	Un_Comp_Suf	BiAspectual	MonoAspectual	Paired	NoSynthComparative	MOne	MTwo	MThree	NormalClassifyingCapitalization	Future	Past	Present	Adjective	ZeroDoubleConjunct	NotCommonChild	Dative	Genitive	Instrumental	Locative	Partitive	Prepositional	RCDemonstrative	RCAttributive	RCPossessive	RCIndefinite	RCPersonal	RCInterrogative	RCNegative	RCReflexive	RCNoun	NoPlacement	Imperfective	Perfective	NotDefaultFiller	Feminine	NoLeftmostPlacement	Iterat	UnIterat	NoRightmostPlacement	NotLeftConjunct	PersonFirst	PersonSecond	PersonThird	PersonZero	Active	VoiceSya	Passive	VerbIntransitive	VerbIntransitiveSpecial	VerbTransitive	VerbTransitiveSpecial	NotRightConjunct	NoSpecialCaseForm	Locative_u	Genitive_u	Plural_consonant	Genitive_Locative_u	GenitivePlural_Zero	NominativePlural_a	SpecialPlual	SpecialVocative	NoContrast	NormalCapitalization	PO_Prefixoid	Rus_Prefixoid	VPOL_Prefixoid	NE_Prefixoid	Eval_Prefixoid	Intern_Prefixoid	Reduced_Prefixoid	InternHy_Prefixoid	Letter_Prefixoid	BEZ_Prefixoid	BES_Prefixoid	BEZer_Prefixoid	V_Prefixoid	InternModEr_Prefixoid	RusHy_Prefixoid	NAI_Prefixoid	POL_Prefixoid	NI_Prefixoid	KOE_Prefixoid	Intern_ReducedPrefixoid	InternMod_Prefixoid	Chem_Prefixoid	ProperNamePrefixoid	Chemical_Possible	ParticipleFullForm	ParticipleShortForm	Singular	FiveAndMore	Three	Four	Two	SevenEight	AdjectiveFullForm	NounProperGeneral	NounProperSurNameFlective	NounProperTown	NounProperName	AdjectiveProper	NounProperPatronymic	NounProperNameDimin	AbbrProperGeneral	NounProperSurNameForeign	NormalNumberParadigm	FullRealization
21	34	линии	линии	284921	284918	Inanimate	Reflexive	FullReflexivity	NonReflexive	ImperfectiveReflexivity	NormalMorphForm	DefectOne	DefectTwo	Byt	DefectThree	DefectFour	GTNoun	NotEllipted	VocalForm	NForm	NotControlled	ZeroTypeOfCoordination	NoCompositeness	DegreeComparative	DegreePositive	DegreeSuperlative	Adverb_Un_Hyphen	Adverb_With_Hyphen	DeclensionNominal	Un_Comp_Suf	BiAspectual	MonoAspectual	Paired	FullSynthComparison	NoSynthComparative	NoSynthSuperlative	OnlySuperlative	MOne	MTwo	MThree	NormalClassifyingCapitalization	Future	Past	Present	Noun	ZeroDoubleConjunct	NotCommonChild	Accusative	Dative	Genitive	Locative	Nominative	Partitive	Prepositional	RCDemonstrative	RCAttributive	RCPossessive	RCIndefinite	RCPersonal	RCInterrogative	RCNegative	RCReflexive	RCNoun	NoPlacement	Imperfective	Perfective	NotDefaultFiller	Feminine	NoLeftmostPlacement	Iterat	UnIterat	NoRightmostPlacement	NotLeftConjunct	PersonFirst	PersonSecond	PersonThird	PersonZero	Active	VoiceSya	Passive	VerbIntransitive	VerbIntransitiveSpecial	VerbTransitive	VerbTransitiveSpecial	NotRightConjunct	NoSpecialCaseForm	NoContrast	NormalCapitalization	PO_Prefixoid	Rus_Prefixoid	VPOL_Prefixoid	NE_Prefixoid	Eval_Prefixoid	Intern_Prefixoid	Reduced_Prefixoid	InternHy_Prefixoid	Letter_Prefixoid	BEZ_Prefixoid	BES_Prefixoid	BEZer_Prefixoid	V_Prefixoid	InternModEr_Prefixoid	RusHy_Prefixoid	NAI_Prefixoid	POL_Prefixoid	NI_Prefixoid	KOE_Prefixoid	Intern_ReducedPrefixoid	InternMod_Prefixoid	Chem_Prefixoid	ProperNamePrefixoid	Chemical_Possible	ParticipleFullForm	ParticipleShortForm	Plural	Singular	FiveAndMore	Three	Four	Two	SevenEight	AdjectiveFullForm	AdjectiveShortForm	AdjectiveShortFlectional	NounProperGeneral	NounProperSurNameFlective	NounProperTown	NounProperName	AdjectiveProper	NounProperPatronymic	NounProperNameDimin	AbbrProperGeneral	NounProperSurNameForeign	NormalNumberParadigm	FullRealization
21	40	Петр	Петр	284924	284918	Animate	Reflexive	FullReflexivity	NonReflexive	ImperfectiveReflexivity	NormalMorphForm	NormalMorphForm	DefectOne	DefectTwo	Byt	DefectThree	DefectFour	GTNoun	NotEllipted	NotEllipted	VocalForm	NForm	NotControlled	NotControlled	ZeroTypeOfCoordination	ZeroTypeOfCoordination	NoCompositeness	DegreeComparative	DegreePositive	DegreeSuperlative	Adverb_Un_Hyphen	Adverb_With_Hyphen	DeclensionNominal	Un_Comp_Suf	BiAspectual	MonoAspectual	Paired	FullSynthComparison	NoSynthComparative	NoSynthSuperlative	OnlySuperlative	MOne	MTwo	MThree	NormalClassifyingCapitalization	NormalClassifyingCapitalization	Future	Past	Present	Noun	ZeroDoubleConjunct	ZeroDoubleConjunct	NotCommonChild	NotCommonChild	Nominative	RCDemonstrative	RCAttributive	RCPossessive	RCIndefinite	RCPersonal	RCInterrogative	RCNegative	RCReflexive	RCNoun	NoPlacement	NoPlacement	Imperfective	Perfective	NotDefaultFiller	NotDefaultFiller	Masculine	NoLeftmostPlacement	NoLeftmostPlacement	Iterat	UnIterat	NoRightmostPlacement	NoRightmostPlacement	NotLeftConjunct	NotLeftConjunct	PersonFirst	PersonSecond	PersonThird	PersonZero	Active	VoiceSya	Passive	VerbIntransitive	VerbIntransitiveSpecial	VerbTransitive	VerbTransitiveSpecial	NotRightConjunct	NotRightConjunct	NoSpecialCaseForm	NoContrast	NoContrast	NormalCapitalization	NormalCapitalization	PO_Prefixoid	Rus_Prefixoid	VPOL_Prefixoid	NE_Prefixoid	Eval_Prefixoid	Intern_Prefixoid	Reduced_Prefixoid	InternHy_Prefixoid	Letter_Prefixoid	BEZ_Prefixoid	BES_Prefixoid	BEZer_Prefixoid	V_Prefixoid	InternModEr_Prefixoid	RusHy_Prefixoid	NAI_Prefixoid	POL_Prefixoid	NI_Prefixoid	KOE_Prefixoid	Intern_ReducedPrefixoid	InternMod_Prefixoid	Chem_Prefixoid	ProperNamePrefixoid	Chemical_Possible	ParticipleFullForm	ParticipleShortForm	Singular	FiveAndMore	Three	Four	Two	SevenEight	AdjectiveFullForm	AdjectiveShortForm	AdjectiveShortFlectional	NounProperName	NormalNumberParadigm	NormalNumberParadigm	FullRealization	FullRealization
21	45	Аврамов	Аврамов	284925	284924	Animate	Animate	Inanimate	Reflexive	FullReflexivity	NonReflexive	ImperfectiveReflexivity	Reflexive	FullReflexivity	NonReflexive	ImperfectiveReflexivity	NormalMorphForm	NormalMorphForm	DefectOne	DefectTwo	Byt	DefectThree	DefectFour	DefectOne	DefectTwo	Byt	DefectThree	DefectFour	GTNoun	GTAdjectiveAttributive	GTNoun	NotEllipted	NotEllipted	VocalForm	NForm	VocalForm	NForm	NotControlled	NotControlled	ZeroTypeOfCoordination	ZeroTypeOfCoordination	NoCompositeness	NoCompositeness	DegreeComparative	DegreePositive	DegreeSuperlative	DegreeComparative	DegreePositive	DegreeSuperlative	Adverb_Un_Hyphen	Adverb_With_Hyphen	Adverb_Un_Hyphen	Adverb_With_Hyphen	DeclensionNominal	DeclensionAdjectival	DeclensionNominal	DeclensionMixed	Indeclinable	Un_Comp_Suf	Un_Comp_Suf	BiAspectual	MonoAspectual	Paired	BiAspectual	MonoAspectual	Paired	FullSynthComparison	NoSynthComparative	NoSynthSuperlative	OnlySuperlative	FullSynthComparison	NoSynthComparative	NoSynthSuperlative	OnlySuperlative	MOne	MTwo	MThree	MOne	MTwo	MThree	NormalClassifyingCapitalization	NormalClassifyingCapitalization	Future	Past	Present	Future	Past	Present	Noun	Adjective	Noun	ZeroDoubleConjunct	ZeroDoubleConjunct	NotCommonChild	NotCommonChild	Accusative	Genitive	Partitive	Accusative	Nominative	RCDemonstrative	RCAttributive	RCPossessive	RCIndefinite	RCPersonal	RCInterrogative	RCNegative	RCReflexive	RCNoun	RCDemonstrative	RCAttributive	RCPossessive	RCIndefinite	RCPersonal	RCInterrogative	RCNegative	RCReflexive	RCNoun	NoPlacement	NoPlacement	Imperfective	Perfective	Imperfective	Perfective	NotDefaultFiller	NotDefaultFiller	Masculine	Masculine	NoLeftmostPlacement	NoLeftmostPlacement	Iterat	UnIterat	Iterat	UnIterat	NoRightmostPlacement	NoRightmostPlacement	NotLeftConjunct	NotLeftConjunct	PersonFirst	PersonSecond	PersonThird	PersonZero	PersonFirst	PersonSecond	PersonThird	PersonZero	Active	VoiceSya	Passive	Active	VoiceSya	Passive	VerbIntransitive	VerbIntransitiveSpecial	VerbTransitive	VerbTransitiveSpecial	VerbIntransitive	VerbIntransitiveSpecial	VerbTransitive	VerbTransitiveSpecial	NotRightConjunct	NotRightConjunct	NoSpecialCaseForm	NoSpecialCaseForm	Locative_u	Genitive_u	Plural_consonant	Genitive_Locative_u	GenitivePlural_Zero	NominativePlural_a	SpecialPlual	SpecialVocative	NoContrast	NoContrast	NormalCapitalization	NormalCapitalization	PO_Prefixoid	Rus_Prefixoid	VPOL_Prefixoid	NE_Prefixoid	Eval_Prefixoid	Intern_Prefixoid	Reduced_Prefixoid	InternHy_Prefixoid	Letter_Prefixoid	BEZ_Prefixoid	BES_Prefixoid	BEZer_Prefixoid	V_Prefixoid	InternModEr_Prefixoid	RusHy_Prefixoid	NAI_Prefixoid	POL_Prefixoid	NI_Prefixoid	KOE_Prefixoid	Intern_ReducedPrefixoid	InternMod_Prefixoid	Chem_Prefixoid	ProperNamePrefixoid	Chemical_Possible	PO_Prefixoid	Rus_Prefixoid	VPOL_Prefixoid	NE_Prefixoid	Eval_Prefixoid	Intern_Prefixoid	Reduced_Prefixoid	InternHy_Prefixoid	Letter_Prefixoid	BEZ_Prefixoid	BES_Prefixoid	BEZer_Prefixoid	V_Prefixoid	InternModEr_Prefixoid	RusHy_Prefixoid	NAI_Prefixoid	POL_Prefixoid	NI_Prefixoid	KOE_Prefixoid	Intern_ReducedPrefixoid	InternMod_Prefixoid	Chem_Prefixoid	ProperNamePrefixoid	Chemical_Possible	ParticipleFullForm	ParticipleShortForm	ParticipleFullForm	ParticipleShortForm	Plural	Singular	FiveAndMore	Three	Four	Two	SevenEight	FiveAndMore	Three	Four	Two	SevenEight	AdjectiveFullForm	AdjectiveShortForm	AdjectiveShortFlectional	AdjectiveFullForm	AdjectiveShortForm	AdjectiveShortFlectional	NounProperName	NounProperGeneral	NounProperSurNameFlective	NounProperTown	NounProperName	AdjectiveProper	NounProperPatronymic	NounProperNameDimin	AbbrProperGeneral	NounProperSurNameForeign	NormalNumberParadigm	NormalNumberParadigm	FullRealization	FullRealization
21	53	в	в	284927	284926	Animate	Inanimate	Inanimate	Reflexive	FullReflexivity	NonReflexive	ImperfectiveReflexivity	Reflexive	FullReflexivity	NonReflexive	ImperfectiveReflexivity	NormalMorphForm	NormalMorphForm	DefectOne	DefectTwo	Byt	DefectThree	DefectFour	DefectOne	DefectTwo	Byt	DefectThree	DefectFour	GTInvariable	GTNoun	NotEllipted	NotEllipted	VocalForm	NForm	VocalForm	NForm	NotControlled	NotControlled	ZeroTypeOfCoordination	ZeroTypeOfCoordination	Composite_ski	Composite_iko	Composite_sko	NoCompositeness	Composite_o	Composite_e	Composite_usek	Composite_null	Composite_Numeral	Composite_cko	Composite_cki	Composite_ComplexNumeral	Composite_NumeralFull	Composite_NumeralShort	NoCompositeness	DegreeComparative	DegreePositive	DegreeSuperlative	DegreeComparative	DegreePositive	DegreeSuperlative	Adverb_Un_Hyphen	Adverb_With_Hyphen	Adverb_Un_Hyphen	Adverb_With_Hyphen	DeclensionAdjectival	DeclensionNominal	DeclensionMixed	Indeclinable	Indeclinable	Comp_Suffixoid	Un_Comp_Suf	Comp_Suffixoid_Num_OJ	Comp_Suffixoid_Num_YJ	Comp_Suffixoid_Num_IJ	Comp_Suffixoid_Num_J	Comp_PunctuatorPost	Comp_PunctuatorPref	Comp_PunctuatorPostSeparable	Comp_PunctuatorPrefSeparable	Comp_Prefixoid	Comp_Suffixoid_Num_PercentYJ	Comp_Noun	Comp_Suffixoid_Chem	Comp_Adj	Comp_SuffixoidAbbr	Comp_PunctuatorPostSeparable	BiAspectual	MonoAspectual	Paired	BiAspectual	MonoAspectual	Paired	FullSynthComparison	NoSynthComparative	NoSynthSuperlative	OnlySuperlative	FullSynthComparison	NoSynthComparative	NoSynthSuperlative	OnlySuperlative	MOne	MTwo	MThree	MOne	MTwo	MThree	NormalClassifyingCapitalization	NormalClassifyingCapitalization	Future	Past	Present	Future	Past	Present	Preposition	Noun	ZeroDoubleConjunct	ZeroDoubleConjunct	NotCommonChild	NotCommonChild	Accusative	Dative	Genitive	Instrumental	Locative	Nominative	Partitive	Prepositional	DativeSpecial	ZeroCase	Vocative	Accusative	Dative	Genitive	Instrumental	Locative	Nominative	Partitive	Prepositional	RCDemonstrative	RCAttributive	RCPossessive	RCIndefinite	RCPersonal	RCInterrogative	RCNegative	RCReflexive	RCNoun	RCDemonstrative	RCAttributive	RCPossessive	RCIndefinite	RCPersonal	RCInterrogative	RCNegative	RCReflexive	RCNoun	NoPlacement	NoPlacement	Imperfective	Perfective	Imperfective	Perfective	NotDefaultFiller	NotDefaultFiller	Feminine	Masculine	Neuter	Common	Masculine	NoLeftmostPlacement	NoLeftmostPlacement	Iterat	UnIterat	Iterat	UnIterat	NoRightmostPlacement	NoRightmostPlacement	NotLeftConjunct	NotLeftConjunct	PersonFirst	PersonSecond	PersonThird	PersonZero	PersonFirst	PersonSecond	PersonThird	PersonZero	Active	VoiceSya	Passive	Active	VoiceSya	Passive	VerbIntransitive	VerbIntransitiveSpecial	VerbTransitive	VerbTransitiveSpecial	VerbIntransitive	VerbIntransitiveSpecial	VerbTransitive	VerbTransitiveSpecial	NotRightConjunct	NotRightConjunct	NoSpecialCaseForm	Locative_u	Genitive_u	Plural_consonant	Genitive_Locative_u	GenitivePlural_Zero	NominativePlural_a	SpecialPlual	SpecialVocative	NoSpecialCaseForm	Locative_u	Genitive_u	Plural_consonant	Genitive_Locative_u	GenitivePlural_Zero	NominativePlural_a	SpecialPlual	SpecialVocative	NoContrast	NoContrast	NormalCapitalization	NormalCapitalization	PO_Prefixoid	Rus_Prefixoid	VPOL_Prefixoid	NE_Prefixoid	Eval_Prefixoid	Intern_Prefixoid	Reduced_Prefixoid	InternHy_Prefixoid	Letter_Prefixoid	BEZ_Prefixoid	BES_Prefixoid	BEZer_Prefixoid	V_Prefixoid	InternModEr_Prefixoid	RusHy_Prefixoid	NAI_Prefixoid	POL_Prefixoid	NI_Prefixoid	KOE_Prefixoid	Intern_ReducedPrefixoid	InternMod_Prefixoid	Chem_Prefixoid	ProperNamePrefixoid	Chemical_Possible	PO_Prefixoid	Rus_Prefixoid	VPOL_Prefixoid	NE_Prefixoid	Eval_Prefixoid	Intern_Prefixoid	Reduced_Prefixoid	InternHy_Prefixoid	Letter_Prefixoid	BEZ_Prefixoid	BES_Prefixoid	BEZer_Prefixoid	V_Prefixoid	InternModEr_Prefixoid	RusHy_Prefixoid	NAI_Prefixoid	POL_Prefixoid	NI_Prefixoid	KOE_Prefixoid	Intern_ReducedPrefixoid	InternMod_Prefixoid	Chem_Prefixoid	ProperNamePrefixoid	Chemical_Possible	ParticipleFullForm	ParticipleShortForm	ParticipleFullForm	ParticipleShortForm	Plural	Singular	Plural	Singular	FiveAndMore	Three	Four	Two	SevenEight	FiveAndMore	Three	Four	Two	SevenEight	AdjectiveFullForm	AdjectiveShortForm	AdjectiveShortFlectional	AdjectiveFullForm	AdjectiveShortForm	AdjectiveShortFlectional	NounProperGeneral	NounProperSurNameFlective	NounProperTown	NounProperName	AdjectiveProper	NounProperPatronymic	NounProperNameDimin	AbbrProperGeneral	NounProperSurNameForeign	NounProperGeneral	NounProperSurNameFlective	NounProperTown	NounProperName	AdjectiveProper	NounProperPatronymic	NounProperNameDimin	AbbrProperGeneral	NounProperSurNameForeign	NormalNumberParadigm	NormalNumberParadigm	FullRealization	FullRealization
21	55	XIX	XIX	284928	284926	ZeroTypeOfCoordination	ZeroTypeOfCoordination	NoPlacement	NoPlacement	NormalCapitalization	NormalCapitalization	NotDefaultFiller	NotDefaultFiller	NoContrast	NoContrast	NoLeftmostPlacement	NoLeftmostPlacement	FullRealization	FullRealization	NoRightmostPlacement	NoRightmostPlacement	NormalNumberParadigm	NormalNumberParadigm	NotLeftConjunct	NotLeftConjunct	NormalClassifyingCapitalization	NormalClassifyingCapitalization	ZeroDoubleConjunct	ZeroDoubleConjunct	NotCommonChild	NotCommonChild	NotEllipted	NotEllipted	NormalMorphForm	NormalMorphForm	NotControlled	NotControlled	NotRightConjunct	NotRightConjunct
21	59	веке	веке	284926	284917	Inanimate	Inanimate	Reflexive	FullReflexivity	NonReflexive	ImperfectiveReflexivity	Reflexive	FullReflexivity	NonReflexive	ImperfectiveReflexivity	NormalMorphForm	NormalMorphForm	DefectOne	DefectTwo	Byt	DefectThree	DefectFour	DefectOne	DefectTwo	Byt	DefectThree	DefectFour	GTNoun	GTNoun	NotEllipted	NotEllipted	VocalForm	NForm	VocalForm	NForm	NotControlled	NotControlled	ZeroTypeOfCoordination	ZeroTypeOfCoordination	NoCompositeness	NoCompositeness	DegreeComparative	DegreePositive	DegreeSuperlative	DegreeComparative	DegreePositive	DegreeSuperlative	Adverb_Un_Hyphen	Adverb_With_Hyphen	Adverb_Un_Hyphen	Adverb_With_Hyphen	DeclensionNominal	DeclensionNominal	Un_Comp_Suf	Un_Comp_Suf	BiAspectual	MonoAspectual	Paired	BiAspectual	MonoAspectual	Paired	FullSynthComparison	NoSynthComparative	NoSynthSuperlative	OnlySuperlative	FullSynthComparison	NoSynthComparative	NoSynthSuperlative	OnlySuperlative	MOne	MTwo	MThree	MOne	MTwo	MThree	NormalClassifyingCapitalization	NormalClassifyingCapitalization	Future	Past	Present	Future	Past	Present	Noun	Noun	ZeroDoubleConjunct	ZeroDoubleConjunct	NotCommonChild	NotCommonChild	Prepositional	Locative	Prepositional	RCDemonstrative	RCAttributive	RCPossessive	RCIndefinite	RCPersonal	RCInterrogative	RCNegative	RCReflexive	RCNoun	RCDemonstrative	RCAttributive	RCPossessive	RCIndefinite	RCPersonal	RCInterrogative	RCNegative	RCReflexive	RCNoun	NoPlacement	NoPlacement	Imperfective	Perfective	Imperfective	Perfective	NotDefaultFiller	NotDefaultFiller	Masculine	Neuter	NoLeftmostPlacement	NoLeftmostPlacement	Iterat	UnIterat	Iterat	UnIterat	NoRightmostPlacement	NoRightmostPlacement	NotLeftConjunct	NotLeftConjunct	PersonFirst	PersonSecond	PersonThird	PersonZero	PersonFirst	PersonSecond	PersonThird	PersonZero	Active	VoiceSya	Passive	Active	VoiceSya	Passive	VerbIntransitive	VerbIntransitiveSpecial	VerbTransitive	VerbTransitiveSpecial	VerbIntransitive	VerbIntransitiveSpecial	VerbTransitive	VerbTransitiveSpecial	NotRightConjunct	NotRightConjunct	NoSpecialCaseForm	NoSpecialCaseForm	NoContrast	NoContrast	NormalCapitalization	NormalCapitalization	PO_Prefixoid	Rus_Prefixoid	VPOL_Prefixoid	NE_Prefixoid	Eval_Prefixoid	Intern_Prefixoid	Reduced_Prefixoid	InternHy_Prefixoid	Letter_Prefixoid	BEZ_Prefixoid	BES_Prefixoid	BEZer_Prefixoid	V_Prefixoid	InternModEr_Prefixoid	RusHy_Prefixoid	NAI_Prefixoid	POL_Prefixoid	NI_Prefixoid	KOE_Prefixoid	Intern_ReducedPrefixoid	InternMod_Prefixoid	Chem_Prefixoid	ProperNamePrefixoid	Chemical_Possible	PO_Prefixoid	Rus_Prefixoid	VPOL_Prefixoid	NE_Prefixoid	Eval_Prefixoid	Intern_Prefixoid	Reduced_Prefixoid	InternHy_Prefixoid	Letter_Prefixoid	BEZ_Prefixoid	BES_Prefixoid	BEZer_Prefixoid	V_Prefixoid	InternModEr_Prefixoid	RusHy_Prefixoid	NAI_Prefixoid	POL_Prefixoid	NI_Prefixoid	KOE_Prefixoid	Intern_ReducedPrefixoid	InternMod_Prefixoid	Chem_Prefixoid	ProperNamePrefixoid	Chemical_Possible	ParticipleFullForm	ParticipleShortForm	ParticipleFullForm	ParticipleShortForm	Singular	Singular	FiveAndMore	Three	Four	Two	SevenEight	FiveAndMore	Three	Four	Two	SevenEight	AdjectiveFullForm	AdjectiveShortForm	AdjectiveShortFlectional	AdjectiveFullForm	AdjectiveShortForm	AdjectiveShortFlectional	NounProperGeneral	NounProperSurNameFlective	NounProperTown	NounProperName	AdjectiveProper	NounProperPatronymic	NounProperNameDimin	AbbrProperGeneral	NounProperSurNameForeign	NounProperGeneral	NounProperSurNameFlective	NounProperTown	NounProperName	AdjectiveProper	NounProperPatronymic	NounProperNameDimin	AbbrProperGeneral	NounProperSurNameForeign	NormalNumberParadigm	NormalNumberParadigm	FullRealization	FullRealization
21	64	был	был	284917	-1	Animate	Inanimate	NonReflexive	NormalMorphForm	Byt	GTVerb	NotEllipted	VocalForm	NForm	NotControlled	ZeroTypeOfCoordination	Composite_ski	Composite_iko	Composite_sko	NoCompositeness	Composite_o	Composite_e	Composite_usek	Composite_null	Composite_Numeral	Composite_cko	Composite_cki	Composite_ComplexNumeral	Composite_NumeralFull	Composite_NumeralShort	DegreeComparative	DegreePositive	DegreeSuperlative	Adverb_Un_Hyphen	Adverb_With_Hyphen	DeclensionAdjectival	DeclensionNominal	DeclensionMixed	Indeclinable	Comp_Suffixoid	Un_Comp_Suf	Comp_Suffixoid_Num_OJ	Comp_Suffixoid_Num_YJ	Comp_Suffixoid_Num_IJ	Comp_Suffixoid_Num_J	Comp_PunctuatorPost	Comp_PunctuatorPref	Comp_PunctuatorPostSeparable	Comp_PunctuatorPrefSeparable	Comp_Prefixoid	Comp_Suffixoid_Num_PercentYJ	Comp_Noun	Comp_Suffixoid_Chem	Comp_Adj	Comp_SuffixoidAbbr	MonoAspectual	FullSynthComparison	NoSynthComparative	NoSynthSuperlative	OnlySuperlative	MOne	MTwo	MThree	NormalClassifyingCapitalization	Past	Verb	ZeroDoubleConjunct	NotCommonChild	Accusative	Dative	Genitive	Instrumental	Locative	Nominative	Partitive	Prepositional	DativeSpecial	ZeroCase	Vocative	RCDemonstrative	RCAttributive	RCPossessive	RCIndefinite	RCPersonal	RCInterrogative	RCNegative	RCReflexive	RCNoun	NoPlacement	Imperfective	NotDefaultFiller	Masculine	NoLeftmostPlacement	UnIterat	NoRightmostPlacement	NotLeftConjunct	PersonFirst	PersonSecond	PersonThird	PersonZero	Active	VerbIntransitive	NotRightConjunct	NoSpecialCaseForm	Locative_u	Genitive_u	Plural_consonant	Genitive_Locative_u	GenitivePlural_Zero	NominativePlural_a	SpecialPlual	SpecialVocative	NoContrast	NormalCapitalization	PO_Prefixoid	Rus_Prefixoid	VPOL_Prefixoid	NE_Prefixoid	Eval_Prefixoid	Intern_Prefixoid	Reduced_Prefixoid	InternHy_Prefixoid	Letter_Prefixoid	BEZ_Prefixoid	BES_Prefixoid	BEZer_Prefixoid	V_Prefixoid	InternModEr_Prefixoid	RusHy_Prefixoid	NAI_Prefixoid	POL_Prefixoid	NI_Prefixoid	KOE_Prefixoid	Intern_ReducedPrefixoid	InternMod_Prefixoid	Chem_Prefixoid	ProperNamePrefixoid	Chemical_Possible	ParticipleFullForm	ParticipleShortForm	Singular	FiveAndMore	Three	Four	Two	SevenEight	AdjectiveFullForm	AdjectiveShortForm	AdjectiveShortFlectional	NounProperGeneral	NounProperSurNameFlective	NounProperTown	NounProperName	AdjectiveProper	NounProperPatronymic	NounProperNameDimin	AbbrProperGeneral	NounProperSurNameForeign	NormalNumberParadigm	FullRealization
21	68	профессором	профессором	284929	284917	Animate	Reflexive	FullReflexivity	NonReflexive	ImperfectiveReflexivity	NormalMorphForm	DefectOne	DefectTwo	Byt	DefectThree	DefectFour	GTNoun	NotEllipted	VocalForm	NForm	NotControlled	ZeroTypeOfCoordination	NoCompositeness	DegreeComparative	DegreePositive	DegreeSuperlative	Adverb_Un_Hyphen	Adverb_With_Hyphen	DeclensionNominal	Un_Comp_Suf	BiAspectual	MonoAspectual	Paired	FullSynthComparison	NoSynthComparative	NoSynthSuperlative	OnlySuperlative	MOne	MTwo	MThree	NormalClassifyingCapitalization	Future	Past	Present	Noun	ZeroDoubleConjunct	NotCommonChild	Instrumental	RCDemonstrative	RCAttributive	RCPossessive	RCIndefinite	RCPersonal	RCInterrogative	RCNegative	RCReflexive	RCNoun	NoPlacement	Imperfective	Perfective	NotDefaultFiller	Masculine	NoLeftmostPlacement	Iterat	UnIterat	NoRightmostPlacement	NotLeftConjunct	PersonFirst	PersonSecond	PersonThird	PersonZero	Active	VoiceSya	Passive	VerbIntransitive	VerbIntransitiveSpecial	VerbTransitive	VerbTransitiveSpecial	NotRightConjunct	NoSpecialCaseForm	NoContrast	NormalCapitalization	PO_Prefixoid	Rus_Prefixoid	VPOL_Prefixoid	NE_Prefixoid	Eval_Prefixoid	Intern_Prefixoid	Reduced_Prefixoid	InternHy_Prefixoid	Letter_Prefixoid	BEZ_Prefixoid	BES_Prefixoid	BEZer_Prefixoid	V_Prefixoid	InternModEr_Prefixoid	RusHy_Prefixoid	NAI_Prefixoid	POL_Prefixoid	NI_Prefixoid	KOE_Prefixoid	Intern_ReducedPrefixoid	InternMod_Prefixoid	Chem_Prefixoid	ProperNamePrefixoid	Chemical_Possible	ParticipleFullForm	ParticipleShortForm	Singular	FiveAndMore	Three	Four	Two	SevenEight	AdjectiveFullForm	AdjectiveShortForm	AdjectiveShortFlectional	NounProperGeneral	NounProperSurNameFlective	NounProperTown	NounProperName	AdjectiveProper	NounProperPatronymic	NounProperNameDimin	AbbrProperGeneral	NounProperSurNameForeign	NormalNumberParadigm	FullRealization
21	80	Военно	Военно	284932	284931	Animate	Inanimate	Animate	Inanimate	Animate	Inanimate	Reflexive	FullReflexivity	NonReflexive	ImperfectiveReflexivity	Reflexive	FullReflexivity	NonReflexive	ImperfectiveReflexivity	Reflexive	FullReflexivity	NonReflexive	ImperfectiveReflexivity	NormalMorphForm	NormalMorphForm	NormalMorphForm	NormalMorphForm	DefectOne	DefectTwo	Byt	DefectThree	DefectFour	DefectOne	DefectTwo	Byt	DefectThree	DefectFour	DefectOne	DefectTwo	Byt	DefectThree	DefectFour	GTAdverb	GTAdjectiveAttributive	GTNoun	NotEllipted	NotEllipted	NotEllipted	NotEllipted	VocalForm	NForm	VocalForm	NForm	VocalForm	NForm	NotControlled	NotControlled	NotControlled	NotControlled	ZeroTypeOfCoordination	ZeroTypeOfCoordination	ZeroTypeOfCoordination	ZeroTypeOfCoordination	Composite_ski	Composite_iko	Composite_sko	NoCompositeness	Composite_o	Composite_e	Composite_usek	Composite_null	Composite_Numeral	Composite_cko	Composite_cki	Composite_ComplexNumeral	Composite_NumeralFull	Composite_NumeralShort	Composite_o	NoCompositeness	DegreePositive	DegreePositive	DegreeComparative	DegreePositive	DegreeSuperlative	Adverb_Un_Hyphen	Adverb_Un_Hyphen	Adverb_With_Hyphen	Adverb_Un_Hyphen	Adverb_With_Hyphen	DeclensionAdjectival	DeclensionNominal	DeclensionMixed	Indeclinable	DeclensionAdjectival	DeclensionNominal	DeclensionMixed	Indeclinable	DeclensionAdjectival	DeclensionNominal	DeclensionMixed	Indeclinable	Comp_Suffixoid	Un_Comp_Suf	Comp_Suffixoid_Num_OJ	Comp_Suffixoid_Num_YJ	Comp_Suffixoid_Num_IJ	Comp_Suffixoid_Num_J	Comp_PunctuatorPost	Comp_PunctuatorPref	Comp_PunctuatorPostSeparable	Comp_PunctuatorPrefSeparable	Comp_Prefixoid	Comp_Suffixoid_Num_PercentYJ	Comp_Noun	Comp_Suffixoid_Chem	Comp_Adj	Comp_SuffixoidAbbr	Un_Comp_Suf	Un_Comp_Suf	Comp_PunctuatorPostSeparable	Comp_PunctuatorPrefSeparable	Comp_Noun	BiAspectual	MonoAspectual	Paired	BiAspectual	MonoAspectual	Paired	BiAspectual	MonoAspectual	Paired	NoSynthComparative	NoSynthComparative	FullSynthComparison	NoSynthComparative	NoSynthSuperlative	OnlySuperlative	MOne	MTwo	MThree	MOne	MTwo	MThree	MOne	MTwo	MThree	NormalClassifyingCapitalization	NormalClassifyingCapitalization	NormalClassifyingCapitalization	NormalClassifyingCapitalization	Future	Past	Present	Future	Past	Present	Future	Past	Present	Adverb	Adjective	Noun	ZeroDoubleConjunct	ZeroDoubleConjunct	ZeroDoubleConjunct	ZeroDoubleConjunct	NotCommonChild	NotCommonChild	NotCommonChild	NotCommonChild	Accusative	Dative	Genitive	Instrumental	Locative	Nominative	Partitive	Prepositional	DativeSpecial	ZeroCase	Vocative	Accusative	Dative	Genitive	Instrumental	Locative	Nominative	Partitive	Prepositional	DativeSpecial	ZeroCase	Vocative	Accusative	Dative	Genitive	Instrumental	Locative	Nominative	Partitive	Prepositional	RCDemonstrative	RCAttributive	RCPossessive	RCIndefinite	RCPersonal	RCInterrogative	RCNegative	RCReflexive	RCNoun	RCDemonstrative	RCAttributive	RCPossessive	RCIndefinite	RCPersonal	RCInterrogative	RCNegative	RCReflexive	RCNoun	RCDemonstrative	RCAttributive	RCPossessive	RCIndefinite	RCPersonal	RCInterrogative	RCNegative	RCReflexive	RCNoun	NoPlacement	NoPlacement	NoPlacement	NoPlacement	Imperfective	Perfective	Imperfective	Perfective	Imperfective	Perfective	NotDefaultFiller	NotDefaultFiller	NotDefaultFiller	NotDefaultFiller	Feminine	Masculine	Neuter	Common	Feminine	Masculine	Neuter	Common	Feminine	Masculine	Neuter	Common	NoLeftmostPlacement	NoLeftmostPlacement	NoLeftmostPlacement	NoLeftmostPlacement	Iterat	UnIterat	Iterat	UnIterat	Iterat	UnIterat	NoRightmostPlacement	NoRightmostPlacement	NoRightmostPlacement	NoRightmostPlacement	NotLeftConjunct	NotLeftConjunct	NotLeftConjunct	NotLeftConjunct	PersonFirst	PersonSecond	PersonThird	PersonZero	PersonFirst	PersonSecond	PersonThird	PersonZero	PersonFirst	PersonSecond	PersonThird	PersonZero	Active	VoiceSya	Passive	Active	VoiceSya	Passive	Active	VoiceSya	Passive	VerbIntransitive	VerbIntransitiveSpecial	VerbTransitive	VerbTransitiveSpecial	VerbIntransitive	VerbIntransitiveSpecial	VerbTransitive	VerbTransitiveSpecial	VerbIntransitive	VerbIntransitiveSpecial	VerbTransitive	VerbTransitiveSpecial	NotRightConjunct	NotRightConjunct	NotRightConjunct	NotRightConjunct	NoSpecialCaseForm	Locative_u	Genitive_u	Plural_consonant	Genitive_Locative_u	GenitivePlural_Zero	NominativePlural_a	SpecialPlual	SpecialVocative	NoSpecialCaseForm	Locative_u	Genitive_u	Plural_consonant	Genitive_Locative_u	GenitivePlural_Zero	NominativePlural_a	SpecialPlual	SpecialVocative	NoSpecialCaseForm	Locative_u	Genitive_u	Plural_consonant	Genitive_Locative_u	GenitivePlural_Zero	NominativePlural_a	SpecialPlual	SpecialVocative	NoContrast	NoContrast	NoContrast	NoContrast	NormalCapitalization	NormalCapitalization	NormalCapitalization	NormalCapitalization	PO_Prefixoid	Rus_Prefixoid	VPOL_Prefixoid	NE_Prefixoid	Eval_Prefixoid	Intern_Prefixoid	Reduced_Prefixoid	InternHy_Prefixoid	Letter_Prefixoid	BEZ_Prefixoid	BES_Prefixoid	BEZer_Prefixoid	V_Prefixoid	InternModEr_Prefixoid	RusHy_Prefixoid	NAI_Prefixoid	POL_Prefixoid	NI_Prefixoid	KOE_Prefixoid	Intern_ReducedPrefixoid	InternMod_Prefixoid	Chem_Prefixoid	ProperNamePrefixoid	Chemical_Possible	PO_Prefixoid	Rus_Prefixoid	VPOL_Prefixoid	NE_Prefixoid	Eval_Prefixoid	Intern_Prefixoid	Reduced_Prefixoid	InternHy_Prefixoid	Letter_Prefixoid	BEZ_Prefixoid	BES_Prefixoid	BEZer_Prefixoid	V_Prefixoid	InternModEr_Prefixoid	RusHy_Prefixoid	NAI_Prefixoid	POL_Prefixoid	NI_Prefixoid	KOE_Prefixoid	Intern_ReducedPrefixoid	InternMod_Prefixoid	Chem_Prefixoid	ProperNamePrefixoid	Chemical_Possible	PO_Prefixoid	Rus_Prefixoid	VPOL_Prefixoid	NE_Prefixoid	Eval_Prefixoid	Intern_Prefixoid	Reduced_Prefixoid	InternHy_Prefixoid	Letter_Prefixoid	BEZ_Prefixoid	BES_Prefixoid	BEZer_Prefixoid	V_Prefixoid	InternModEr_Prefixoid	RusHy_Prefixoid	NAI_Prefixoid	POL_Prefixoid	NI_Prefixoid	KOE_Prefixoid	Intern_ReducedPrefixoid	InternMod_Prefixoid	Chem_Prefixoid	ProperNamePrefixoid	Chemical_Possible	ParticipleFullForm	ParticipleShortForm	ParticipleFullForm	ParticipleShortForm	ParticipleFullForm	ParticipleShortForm	Plural	Singular	Plural	Singular	Plural	Singular	FiveAndMore	Three	Four	Two	SevenEight	FiveAndMore	Three	Four	Two	SevenEight	FiveAndMore	Three	Four	Two	SevenEight	AdjectiveFullForm	AdjectiveShortForm	AdjectiveShortFlectional	AdjectiveFullForm	AdjectiveFullForm	AdjectiveShortForm	AdjectiveShortFlectional	NounProperGeneral	NounProperSurNameFlective	NounProperTown	NounProperName	AdjectiveProper	NounProperPatronymic	NounProperNameDimin	AbbrProperGeneral	NounProperSurNameForeign	NounProperGeneral	NounProperSurNameFlective	NounProperTown	NounProperName	AdjectiveProper	NounProperPatronymic	NounProperNameDimin	AbbrProperGeneral	NounProperSurNameForeign	NounProperGeneral	NounProperSurNameFlective	NounProperTown	NounProperName	AdjectiveProper	NounProperPatronymic	NounProperNameDimin	AbbrProperGeneral	NounProperSurNameForeign	NormalNumberParadigm	NormalNumberParadigm	NormalNumberParadigm	NormalNumberParadigm	SingulariaTantum	FullRealization	FullRealization	FullRealization	FullRealization
21	87	медицинской	медицинской	284931	284930	Animate	Inanimate	Reflexive	FullReflexivity	NonReflexive	ImperfectiveReflexivity	NormalMorphForm	DefectOne	DefectTwo	Byt	DefectThree	DefectFour	GTAdjectiveAttributive	NotEllipted	VocalForm	NForm	NotControlled	ZeroTypeOfCoordination	NoCompositeness	DegreePositive	Adverb_Un_Hyphen	Adverb_With_Hyphen	DeclensionAdjectival	DeclensionNominal	DeclensionMixed	Indeclinable	Un_Comp_Suf	BiAspectual	MonoAspectual	Paired	NoSynthComparative	MOne	MTwo	MThree	NormalClassifyingCapitalization	Future	Past	Present	Adjective	ZeroDoubleConjunct	NotCommonChild	Dative	Genitive	Instrumental	Locative	Partitive	Prepositional	RCDemonstrative	RCAttributive	RCPossessive	RCIndefinite	RCPersonal	RCInterrogative	RCNegative	RCReflexive	RCNoun	NoPlacement	Imperfective	Perfective	NotDefaultFiller	Feminine	NoLeftmostPlacement	Iterat	UnIterat	NoRightmostPlacement	NotLeftConjunct	PersonFirst	PersonSecond	PersonThird	PersonZero	Active	VoiceSya	Passive	VerbIntransitive	VerbIntransitiveSpecial	VerbTransitive	VerbTransitiveSpecial	NotRightConjunct	NoSpecialCaseForm	Locative_u	Genitive_u	Plural_consonant	Genitive_Locative_u	GenitivePlural_Zero	NominativePlural_a	SpecialPlual	SpecialVocative	NoContrast	NormalCapitalization	PO_Prefixoid	Rus_Prefixoid	VPOL_Prefixoid	NE_Prefixoid	Eval_Prefixoid	Intern_Prefixoid	Reduced_Prefixoid	InternHy_Prefixoid	Letter_Prefixoid	BEZ_Prefixoid	BES_Prefixoid	BEZer_Prefixoid	V_Prefixoid	InternModEr_Prefixoid	RusHy_Prefixoid	NAI_Prefixoid	POL_Prefixoid	NI_Prefixoid	KOE_Prefixoid	Intern_ReducedPrefixoid	InternMod_Prefixoid	Chem_Prefixoid	ProperNamePrefixoid	Chemical_Possible	ParticipleFullForm	ParticipleShortForm	Singular	FiveAndMore	Three	Four	Two	SevenEight	AdjectiveFullForm	NounProperGeneral	NounProperSurNameFlective	NounProperTown	NounProperName	AdjectiveProper	NounProperPatronymic	NounProperNameDimin	AbbrProperGeneral	NounProperSurNameForeign	NormalNumberParadigm	FullRealization
21	99	академии	академии	284930	284929	Inanimate	Reflexive	FullReflexivity	NonReflexive	ImperfectiveReflexivity	NormalMorphForm	DefectOne	DefectTwo	Byt	DefectThree	DefectFour	GTNoun	NotEllipted	VocalForm	NForm	NotControlled	ZeroTypeOfCoordination	NoCompositeness	DegreeComparative	DegreePositive	DegreeSuperlative	Adverb_Un_Hyphen	Adverb_With_Hyphen	DeclensionNominal	Un_Comp_Suf	BiAspectual	MonoAspectual	Paired	FullSynthComparison	NoSynthComparative	NoSynthSuperlative	OnlySuperlative	MOne	MTwo	MThree	NormalClassifyingCapitalization	Future	Past	Present	Noun	ZeroDoubleConjunct	NotCommonChild	Accusative	Dative	Genitive	Locative	Nominative	Partitive	Prepositional	RCDemonstrative	RCAttributive	RCPossessive	RCIndefinite	RCPersonal	RCInterrogative	RCNegative	RCReflexive	RCNoun	NoPlacement	Imperfective	Perfective	NotDefaultFiller	Feminine	NoLeftmostPlacement	Iterat	UnIterat	NoRightmostPlacement	NotLeftConjunct	PersonFirst	PersonSecond	PersonThird	PersonZero	Active	VoiceSya	Passive	VerbIntransitive	VerbIntransitiveSpecial	VerbTransitive	VerbTransitiveSpecial	NotRightConjunct	NoSpecialCaseForm	NoContrast	NormalCapitalization	PO_Prefixoid	Rus_Prefixoid	VPOL_Prefixoid	NE_Prefixoid	Eval_Prefixoid	Intern_Prefixoid	Reduced_Prefixoid	InternHy_Prefixoid	Letter_Prefixoid	BEZ_Prefixoid	BES_Prefixoid	BEZer_Prefixoid	V_Prefixoid	InternModEr_Prefixoid	RusHy_Prefixoid	NAI_Prefixoid	POL_Prefixoid	NI_Prefixoid	KOE_Prefixoid	Intern_ReducedPrefixoid	InternMod_Prefixoid	Chem_Prefixoid	ProperNamePrefixoid	Chemical_Possible	ParticipleFullForm	ParticipleShortForm	Plural	Singular	FiveAndMore	Three	Four	Two	SevenEight	AdjectiveFullForm	AdjectiveShortForm	AdjectiveShortFlectional	NounProperGeneral	NounProperSurNameFlective	NounProperTown	NounProperName	AdjectiveProper	NounProperPatronymic	NounProperNameDimin	AbbrProperGeneral	NounProperSurNameForeign	NormalNumberParadigm	FullRealization
21	108	в	в	284934	284933	Animate	Inanimate	Inanimate	Reflexive	FullReflexivity	NonReflexive	ImperfectiveReflexivity	Reflexive	FullReflexivity	NonReflexive	ImperfectiveReflexivity	NormalMorphForm	NormalMorphForm	DefectOne	DefectTwo	Byt	DefectThree	DefectFour	DefectOne	DefectTwo	Byt	DefectThree	DefectFour	GTInvariable	GTNoun	NotEllipted	NotEllipted	VocalForm	NForm	VocalForm	NForm	NotControlled	NotControlled	ZeroTypeOfCoordination	ZeroTypeOfCoordination	Composite_ski	Composite_iko	Composite_sko	NoCompositeness	Composite_o	Composite_e	Composite_usek	Composite_null	Composite_Numeral	Composite_cko	Composite_cki	Composite_ComplexNumeral	Composite_NumeralFull	Composite_NumeralShort	NoCompositeness	DegreeComparative	DegreePositive	DegreeSuperlative	DegreeComparative	DegreePositive	DegreeSuperlative	Adverb_Un_Hyphen	Adverb_With_Hyphen	Adverb_Un_Hyphen	Adverb_With_Hyphen	DeclensionAdjectival	DeclensionNominal	DeclensionMixed	Indeclinable	Indeclinable	Comp_Suffixoid	Un_Comp_Suf	Comp_Suffixoid_Num_OJ	Comp_Suffixoid_Num_YJ	Comp_Suffixoid_Num_IJ	Comp_Suffixoid_Num_J	Comp_PunctuatorPost	Comp_PunctuatorPref	Comp_PunctuatorPostSeparable	Comp_PunctuatorPrefSeparable	Comp_Prefixoid	Comp_Suffixoid_Num_PercentYJ	Comp_Noun	Comp_Suffixoid_Chem	Comp_Adj	Comp_SuffixoidAbbr	Comp_PunctuatorPostSeparable	BiAspectual	MonoAspectual	Paired	BiAspectual	MonoAspectual	Paired	FullSynthComparison	NoSynthComparative	NoSynthSuperlative	OnlySuperlative	FullSynthComparison	NoSynthComparative	NoSynthSuperlative	OnlySuperlative	MOne	MTwo	MThree	MOne	MTwo	MThree	NormalClassifyingCapitalization	NormalClassifyingCapitalization	Future	Past	Present	Future	Past	Present	Preposition	Noun	ZeroDoubleConjunct	ZeroDoubleConjunct	NotCommonChild	NotCommonChild	Accusative	Dative	Genitive	Instrumental	Locative	Nominative	Partitive	Prepositional	DativeSpecial	ZeroCase	Vocative	Accusative	Dative	Genitive	Instrumental	Locative	Nominative	Partitive	Prepositional	RCDemonstrative	RCAttributive	RCPossessive	RCIndefinite	RCPersonal	RCInterrogative	RCNegative	RCReflexive	RCNoun	RCDemonstrative	RCAttributive	RCPossessive	RCIndefinite	RCPersonal	RCInterrogative	RCNegative	RCReflexive	RCNoun	NoPlacement	NoPlacement	Imperfective	Perfective	Imperfective	Perfective	NotDefaultFiller	NotDefaultFiller	Feminine	Masculine	Neuter	Common	Masculine	NoLeftmostPlacement	NoLeftmostPlacement	Iterat	UnIterat	Iterat	UnIterat	NoRightmostPlacement	NoRightmostPlacement	NotLeftConjunct	NotLeftConjunct	PersonFirst	PersonSecond	PersonThird	PersonZero	PersonFirst	PersonSecond	PersonThird	PersonZero	Active	VoiceSya	Passive	Active	VoiceSya	Passive	VerbIntransitive	VerbIntransitiveSpecial	VerbTransitive	VerbTransitiveSpecial	VerbIntransitive	VerbIntransitiveSpecial	VerbTransitive	VerbTransitiveSpecial	NotRightConjunct	NotRightConjunct	NoSpecialCaseForm	Locative_u	Genitive_u	Plural_consonant	Genitive_Locative_u	GenitivePlural_Zero	NominativePlural_a	SpecialPlual	SpecialVocative	NoSpecialCaseForm	Locative_u	Genitive_u	Plural_consonant	Genitive_Locative_u	GenitivePlural_Zero	NominativePlural_a	SpecialPlual	SpecialVocative	NoContrast	NoContrast	NormalCapitalization	NormalCapitalization	PO_Prefixoid	Rus_Prefixoid	VPOL_Prefixoid	NE_Prefixoid	Eval_Prefixoid	Intern_Prefixoid	Reduced_Prefixoid	InternHy_Prefixoid	Letter_Prefixoid	BEZ_Prefixoid	BES_Prefixoid	BEZer_Prefixoid	V_Prefixoid	InternModEr_Prefixoid	RusHy_Prefixoid	NAI_Prefixoid	POL_Prefixoid	NI_Prefixoid	KOE_Prefixoid	Intern_ReducedPrefixoid	InternMod_Prefixoid	Chem_Prefixoid	ProperNamePrefixoid	Chemical_Possible	PO_Prefixoid	Rus_Prefixoid	VPOL_Prefixoid	NE_Prefixoid	Eval_Prefixoid	Intern_Prefixoid	Reduced_Prefixoid	InternHy_Prefixoid	Letter_Prefixoid	BEZ_Prefixoid	BES_Prefixoid	BEZer_Prefixoid	V_Prefixoid	InternModEr_Prefixoid	RusHy_Prefixoid	NAI_Prefixoid	POL_Prefixoid	NI_Prefixoid	KOE_Prefixoid	Intern_ReducedPrefixoid	InternMod_Prefixoid	Chem_Prefixoid	ProperNamePrefixoid	Chemical_Possible	ParticipleFullForm	ParticipleShortForm	ParticipleFullForm	ParticipleShortForm	Plural	Singular	Plural	Singular	FiveAndMore	Three	Four	Two	SevenEight	FiveAndMore	Three	Four	Two	SevenEight	AdjectiveFullForm	AdjectiveShortForm	AdjectiveShortFlectional	AdjectiveFullForm	AdjectiveShortForm	AdjectiveShortFlectional	NounProperGeneral	NounProperSurNameFlective	NounProperTown	NounProperName	AdjectiveProper	NounProperPatronymic	NounProperNameDimin	AbbrProperGeneral	NounProperSurNameForeign	NounProperGeneral	NounProperSurNameFlective	NounProperTown	NounProperName	AdjectiveProper	NounProperPatronymic	NounProperNameDimin	AbbrProperGeneral	NounProperSurNameForeign	NormalNumberParadigm	NormalNumberParadigm	FullRealization	FullRealization
21	110	Санкт-Петербурге	Санкт-Петербурге	284933	284930	Inanimate	Animate	Inanimate	Animate	Inanimate	Reflexive	FullReflexivity	NonReflexive	ImperfectiveReflexivity	Reflexive	FullReflexivity	NonReflexive	ImperfectiveReflexivity	Reflexive	FullReflexivity	NonReflexive	ImperfectiveReflexivity	NormalMorphForm	NormalMorphForm	NormalMorphForm	DefectOne	DefectTwo	Byt	DefectThree	DefectFour	DefectOne	DefectTwo	Byt	DefectThree	DefectFour	DefectOne	DefectTwo	Byt	DefectThree	DefectFour	GTNoun	GTInvariable	GTAdverb	GTNoun	NotEllipted	NotEllipted	NotEllipted	VocalForm	NForm	VocalForm	NForm	VocalForm	NForm	NotControlled	NotControlled	NotControlled	ZeroTypeOfCoordination	ZeroTypeOfCoordination	ZeroTypeOfCoordination	NoCompositeness	Composite_ski	Composite_iko	Composite_sko	NoCompositeness	Composite_o	Composite_e	Composite_usek	Composite_null	Composite_Numeral	Composite_cko	Composite_cki	Composite_ComplexNumeral	Composite_NumeralFull	Composite_NumeralShort	Composite_ski	Composite_iko	Composite_sko	NoCompositeness	Composite_o	Composite_e	Composite_usek	Composite_null	Composite_Numeral	Composite_cko	Composite_cki	Composite_ComplexNumeral	Composite_NumeralFull	Composite_NumeralShort	DegreeComparative	DegreePositive	DegreeSuperlative	DegreeComparative	DegreePositive	DegreeSuperlative	DegreeComparative	DegreePositive	DegreeSuperlative	Adverb_Un_Hyphen	Adverb_With_Hyphen	Adverb_Un_Hyphen	Adverb_With_Hyphen	Adverb_Un_Hyphen	Adverb_With_Hyphen	DeclensionNominal	DeclensionAdjectival	DeclensionNominal	DeclensionMixed	Indeclinable	DeclensionAdjectival	DeclensionNominal	DeclensionMixed	Indeclinable	Un_Comp_Suf	Un_Comp_Suf	Comp_Suffixoid	Un_Comp_Suf	Comp_Suffixoid_Num_OJ	Comp_Suffixoid_Num_YJ	Comp_Suffixoid_Num_IJ	Comp_Suffixoid_Num_J	Comp_PunctuatorPost	Comp_PunctuatorPref	Comp_PunctuatorPostSeparable	Comp_PunctuatorPrefSeparable	Comp_Prefixoid	Comp_Suffixoid_Num_PercentYJ	Comp_Noun	Comp_Suffixoid_Chem	Comp_Adj	Comp_SuffixoidAbbr	BiAspectual	MonoAspectual	Paired	BiAspectual	MonoAspectual	Paired	BiAspectual	MonoAspectual	Paired	FullSynthComparison	NoSynthComparative	NoSynthSuperlative	OnlySuperlative	FullSynthComparison	NoSynthComparative	NoSynthSuperlative	OnlySuperlative	FullSynthComparison	NoSynthComparative	NoSynthSuperlative	OnlySuperlative	MOne	MTwo	MThree	MOne	MTwo	MThree	MOne	MTwo	MThree	NormalClassifyingCapitalization	NormalClassifyingCapitalization	NormalClassifyingCapitalization	Future	Past	Present	Future	Past	Present	Future	Past	Present	Noun	Prefixoid	Adverb	Noun	ZeroDoubleConjunct	ZeroDoubleConjunct	ZeroDoubleConjunct	NotCommonChild	NotCommonChild	NotCommonChild	Locative	Prepositional	Accusative	Dative	Genitive	Instrumental	Locative	Nominative	Partitive	Prepositional	DativeSpecial	ZeroCase	Vocative	Accusative	Dative	Genitive	Instrumental	Locative	Nominative	Partitive	Prepositional	DativeSpecial	ZeroCase	Vocative	RCDemonstrative	RCAttributive	RCPossessive	RCIndefinite	RCPersonal	RCInterrogative	RCNegative	RCReflexive	RCNoun	RCDemonstrative	RCAttributive	RCPossessive	RCIndefinite	RCPersonal	RCInterrogative	RCNegative	RCReflexive	RCNoun	RCDemonstrative	RCAttributive	RCPossessive	RCIndefinite	RCPersonal	RCInterrogative	RCNegative	RCReflexive	RCNoun	NoPlacement	NoPlacement	NoPlacement	Imperfective	Perfective	Imperfective	Perfective	Imperfective	Perfective	NotDefaultFiller	NotDefaultFiller	NotDefaultFiller	Masculine	Feminine	Masculine	Neuter	Common	Feminine	Masculine	Neuter	Common	NoLeftmostPlacement	NoLeftmostPlacement	NoLeftmostPlacement	Iterat	UnIterat	Iterat	UnIterat	Iterat	UnIterat	NoRightmostPlacement	NoRightmostPlacement	NoRightmostPlacement	NotLeftConjunct	NotLeftConjunct	NotLeftConjunct	PersonFirst	PersonSecond	PersonThird	PersonZero	PersonFirst	PersonSecond	PersonThird	PersonZero	PersonFirst	PersonSecond	PersonThird	PersonZero	Active	VoiceSya	Passive	Active	VoiceSya	Passive	Active	VoiceSya	Passive	VerbIntransitive	VerbIntransitiveSpecial	VerbTransitive	VerbTransitiveSpecial	VerbIntransitive	VerbIntransitiveSpecial	VerbTransitive	VerbTransitiveSpecial	VerbIntransitive	VerbIntransitiveSpecial	VerbTransitive	VerbTransitiveSpecial	NotRightConjunct	NotRightConjunct	NotRightConjunct	NoSpecialCaseForm	NoSpecialCaseForm	Locative_u	Genitive_u	Plural_consonant	Genitive_Locative_u	GenitivePlural_Zero	NominativePlural_a	SpecialPlual	SpecialVocative	NoSpecialCaseForm	Locative_u	Genitive_u	Plural_consonant	Genitive_Locative_u	GenitivePlural_Zero	NominativePlural_a	SpecialPlual	SpecialVocative	NoContrast	NoContrast	NoContrast	NormalCapitalization	NormalCapitalization	NormalCapitalization	PO_Prefixoid	Rus_Prefixoid	VPOL_Prefixoid	NE_Prefixoid	Eval_Prefixoid	Intern_Prefixoid	Reduced_Prefixoid	InternHy_Prefixoid	Letter_Prefixoid	BEZ_Prefixoid	BES_Prefixoid	BEZer_Prefixoid	V_Prefixoid	InternModEr_Prefixoid	RusHy_Prefixoid	NAI_Prefixoid	POL_Prefixoid	NI_Prefixoid	KOE_Prefixoid	Intern_ReducedPrefixoid	InternMod_Prefixoid	Chem_Prefixoid	ProperNamePrefixoid	Chemical_Possible	Reduced_Prefixoid	PO_Prefixoid	Rus_Prefixoid	VPOL_Prefixoid	NE_Prefixoid	Eval_Prefixoid	Intern_Prefixoid	Reduced_Prefixoid	InternHy_Prefixoid	Letter_Prefixoid	BEZ_Prefixoid	BES_Prefixoid	BEZer_Prefixoid	V_Prefixoid	InternModEr_Prefixoid	RusHy_Prefixoid	NAI_Prefixoid	POL_Prefixoid	NI_Prefixoid	KOE_Prefixoid	Intern_ReducedPrefixoid	InternMod_Prefixoid	Chem_Prefixoid	ProperNamePrefixoid	Chemical_Possible	ParticipleFullForm	ParticipleShortForm	ParticipleFullForm	ParticipleShortForm	ParticipleFullForm	ParticipleShortForm	Singular	Plural	Singular	Plural	Singular	FiveAndMore	Three	Four	Two	SevenEight	FiveAndMore	Three	Four	Two	SevenEight	FiveAndMore	Three	Four	Two	SevenEight	AdjectiveFullForm	AdjectiveShortForm	AdjectiveShortFlectional	AdjectiveFullForm	AdjectiveShortForm	AdjectiveShortFlectional	AdjectiveFullForm	AdjectiveShortForm	AdjectiveShortFlectional	NounProperTown	NounProperGeneral	NounProperSurNameFlective	NounProperTown	NounProperName	AdjectiveProper	NounProperPatronymic	NounProperNameDimin	AbbrProperGeneral	NounProperSurNameForeign	NounProperGeneral	NounProperSurNameFlective	NounProperTown	NounProperName	AdjectiveProper	NounProperPatronymic	NounProperNameDimin	AbbrProperGeneral	NounProperSurNameForeign	SingulariaTantum	NormalNumberParadigm	NormalNumberParadigm	PluraliaTantum	SingulariaTantum	FullRealization	FullRealization	FullRealization
21	128	основателем	основателем	284935	284917	Animate	Reflexive	FullReflexivity	NonReflexive	ImperfectiveReflexivity	NormalMorphForm	DefectOne	DefectTwo	Byt	DefectThree	DefectFour	GTNoun	NotEllipted	VocalForm	NForm	NotControlled	ZeroTypeOfCoordination	NoCompositeness	DegreeComparative	DegreePositive	DegreeSuperlative	Adverb_Un_Hyphen	Adverb_With_Hyphen	DeclensionNominal	Un_Comp_Suf	BiAspectual	MonoAspectual	Paired	FullSynthComparison	NoSynthComparative	NoSynthSuperlative	OnlySuperlative	MOne	MTwo	MThree	NormalClassifyingCapitalization	Future	Past	Present	Noun	ZeroDoubleConjunct	NotCommonChild	Instrumental	RCDemonstrative	RCAttributive	RCPossessive	RCIndefinite	RCPersonal	RCInterrogative	RCNegative	RCReflexive	RCNoun	NoPlacement	Imperfective	Perfective	NotDefaultFiller	Masculine	NoLeftmostPlacement	Iterat	UnIterat	NoRightmostPlacement	NotLeftConjunct	PersonFirst	PersonSecond	PersonThird	PersonZero	Active	VoiceSya	Passive	VerbIntransitive	VerbIntransitiveSpecial	VerbTransitive	VerbTransitiveSpecial	NotRightConjunct	NoSpecialCaseForm	NoContrast	NormalCapitalization	PO_Prefixoid	Rus_Prefixoid	VPOL_Prefixoid	NE_Prefixoid	Eval_Prefixoid	Intern_Prefixoid	Reduced_Prefixoid	InternHy_Prefixoid	Letter_Prefixoid	BEZ_Prefixoid	BES_Prefixoid	BEZer_Prefixoid	V_Prefixoid	InternModEr_Prefixoid	RusHy_Prefixoid	NAI_Prefixoid	POL_Prefixoid	NI_Prefixoid	KOE_Prefixoid	Intern_ReducedPrefixoid	InternMod_Prefixoid	Chem_Prefixoid	ProperNamePrefixoid	Chemical_Possible	ParticipleFullForm	ParticipleShortForm	Singular	FiveAndMore	Three	Four	Two	SevenEight	AdjectiveFullForm	AdjectiveShortForm	AdjectiveShortFlectional	NounProperGeneral	NounProperSurNameFlective	NounProperTown	NounProperName	AdjectiveProper	NounProperPatronymic	NounProperNameDimin	AbbrProperGeneral	NounProperSurNameForeign	NormalNumberParadigm	FullRealization
21	140	и	и	284937	284936	Animate	Inanimate	Reflexive	FullReflexivity	NonReflexive	ImperfectiveReflexivity	NormalMorphForm	DefectOne	DefectTwo	Byt	DefectThree	DefectFour	GTInvariable	NotEllipted	VocalForm	NForm	NotControlled	ZeroTypeOfCoordination	Composite_ski	Composite_iko	Composite_sko	NoCompositeness	Composite_o	Composite_e	Composite_usek	Composite_null	Composite_Numeral	Composite_cko	Composite_cki	Composite_ComplexNumeral	Composite_NumeralFull	Composite_NumeralShort	DegreeComparative	DegreePositive	DegreeSuperlative	Adverb_Un_Hyphen	Adverb_With_Hyphen	DeclensionAdjectival	DeclensionNominal	DeclensionMixed	Indeclinable	Comp_Suffixoid	Un_Comp_Suf	Comp_Suffixoid_Num_OJ	Comp_Suffixoid_Num_YJ	Comp_Suffixoid_Num_IJ	Comp_Suffixoid_Num_J	Comp_PunctuatorPost	Comp_PunctuatorPref	Comp_PunctuatorPostSeparable	Comp_PunctuatorPrefSeparable	Comp_Prefixoid	Comp_Suffixoid_Num_PercentYJ	Comp_Noun	Comp_Suffixoid_Chem	Comp_Adj	Comp_SuffixoidAbbr	BiAspectual	MonoAspectual	Paired	FullSynthComparison	NoSynthComparative	NoSynthSuperlative	OnlySuperlative	MOne	MTwo	MThree	NormalClassifyingCapitalization	Future	Past	Present	Conjunction	Particle	ZeroDoubleConjunct	NotCommonChild	Accusative	Dative	Genitive	Instrumental	Locative	Nominative	Partitive	Prepositional	DativeSpecial	ZeroCase	Vocative	RCDemonstrative	RCAttributive	RCPossessive	RCIndefinite	RCPersonal	RCInterrogative	RCNegative	RCReflexive	RCNoun	NoPlacement	Imperfective	Perfective	NotDefaultFiller	Feminine	Masculine	Neuter	Common	NoLeftmostPlacement	Iterat	UnIterat	NoRightmostPlacement	NotLeftConjunct	PersonFirst	PersonSecond	PersonThird	PersonZero	Active	VoiceSya	Passive	VerbIntransitive	VerbIntransitiveSpecial	VerbTransitive	VerbTransitiveSpecial	NotRightConjunct	NoSpecialCaseForm	Locative_u	Genitive_u	Plural_consonant	Genitive_Locative_u	GenitivePlural_Zero	NominativePlural_a	SpecialPlual	SpecialVocative	NoContrast	NormalCapitalization	PO_Prefixoid	Rus_Prefixoid	VPOL_Prefixoid	NE_Prefixoid	Eval_Prefixoid	Intern_Prefixoid	Reduced_Prefixoid	InternHy_Prefixoid	Letter_Prefixoid	BEZ_Prefixoid	BES_Prefixoid	BEZer_Prefixoid	V_Prefixoid	InternModEr_Prefixoid	RusHy_Prefixoid	NAI_Prefixoid	POL_Prefixoid	NI_Prefixoid	KOE_Prefixoid	Intern_ReducedPrefixoid	InternMod_Prefixoid	Chem_Prefixoid	ProperNamePrefixoid	Chemical_Possible	ParticipleFullForm	ParticipleShortForm	Plural	Singular	FiveAndMore	Three	Four	Two	SevenEight	AdjectiveFullForm	AdjectiveShortForm	AdjectiveShortFlectional	NounProperGeneral	NounProperSurNameFlective	NounProperTown	NounProperName	AdjectiveProper	NounProperPatronymic	NounProperNameDimin	AbbrProperGeneral	NounProperSurNameForeign	NormalNumberParadigm	FullRealization
21	142	первым	первым	284938	284936	Animate	Inanimate	Reflexive	FullReflexivity	NonReflexive	ImperfectiveReflexivity	NormalMorphForm	DefectOne	DefectTwo	Byt	DefectThree	DefectFour	GTAdjectiveAttributive	NotEllipted	VocalForm	NForm	NotControlled	ZeroTypeOfCoordination	Composite_ski	Composite_iko	Composite_sko	NoCompositeness	Composite_o	Composite_e	Composite_usek	Composite_null	Composite_Numeral	Composite_cko	Composite_cki	Composite_ComplexNumeral	Composite_NumeralFull	Composite_NumeralShort	DegreeComparative	DegreePositive	DegreeSuperlative	Adverb_Un_Hyphen	Adverb_With_Hyphen	DeclensionAdjectival	DeclensionNominal	DeclensionMixed	Indeclinable	Comp_Suffixoid	Un_Comp_Suf	Comp_Suffixoid_Num_OJ	Comp_Suffixoid_Num_YJ	Comp_Suffixoid_Num_IJ	Comp_Suffixoid_Num_J	Comp_PunctuatorPost	Comp_PunctuatorPref	Comp_PunctuatorPostSeparable	Comp_PunctuatorPrefSeparable	Comp_Prefixoid	Comp_Suffixoid_Num_PercentYJ	Comp_Noun	Comp_Suffixoid_Chem	Comp_Adj	Comp_SuffixoidAbbr	BiAspectual	MonoAspectual	Paired	FullSynthComparison	NoSynthComparative	NoSynthSuperlative	OnlySuperlative	MOne	MTwo	MThree	NormalClassifyingCapitalization	Future	Past	Present	Numeral	ZeroDoubleConjunct	NotCommonChild	Dative	Instrumental	RCDemonstrative	RCAttributive	RCPossessive	RCIndefinite	RCPersonal	RCInterrogative	RCNegative	RCReflexive	RCNoun	NoPlacement	Imperfective	Perfective	NotDefaultFiller	Feminine	Masculine	Neuter	Common	NoLeftmostPlacement	Iterat	UnIterat	NoRightmostPlacement	NotLeftConjunct	PersonFirst	PersonSecond	PersonThird	PersonZero	Active	VoiceSya	Passive	VerbIntransitive	VerbIntransitiveSpecial	VerbTransitive	VerbTransitiveSpecial	NotRightConjunct	NoSpecialCaseForm	Locative_u	Genitive_u	Plural_consonant	Genitive_Locative_u	GenitivePlural_Zero	NominativePlural_a	SpecialPlual	SpecialVocative	NoContrast	NormalCapitalization	PO_Prefixoid	Rus_Prefixoid	VPOL_Prefixoid	NE_Prefixoid	Eval_Prefixoid	Intern_Prefixoid	Reduced_Prefixoid	InternHy_Prefixoid	Letter_Prefixoid	BEZ_Prefixoid	BES_Prefixoid	BEZer_Prefixoid	V_Prefixoid	InternModEr_Prefixoid	RusHy_Prefixoid	NAI_Prefixoid	POL_Prefixoid	NI_Prefixoid	KOE_Prefixoid	Intern_ReducedPrefixoid	InternMod_Prefixoid	Chem_Prefixoid	ProperNamePrefixoid	Chemical_Possible	ParticipleFullForm	ParticipleShortForm	Plural	Singular	FiveAndMore	Three	Four	Two	SevenEight	AdjectiveFullForm	AdjectiveShortForm	AdjectiveShortFlectional	NounProperGeneral	NounProperSurNameFlective	NounProperTown	NounProperName	AdjectiveProper	NounProperPatronymic	NounProperNameDimin	AbbrProperGeneral	NounProperSurNameForeign	NormalNumberParadigm	FullRealization
21	149	деканом	деканом	284936	284917	Animate	Inanimate	Reflexive	FullReflexivity	NonReflexive	ImperfectiveReflexivity	NormalMorphForm	DefectOne	DefectTwo	Byt	DefectThree	DefectFour	GTNoun	NotEllipted	VocalForm	NForm	NotControlled	ZeroTypeOfCoordination	NoCompositeness	DegreeComparative	DegreePositive	DegreeSuperlative	Adverb_Un_Hyphen	Adverb_With_Hyphen	DeclensionNominal	Un_Comp_Suf	BiAspectual	MonoAspectual	Paired	FullSynthComparison	NoSynthComparative	NoSynthSuperlative	OnlySuperlative	MOne	MTwo	MThree	NormalClassifyingCapitalization	Future	Past	Present	Noun	ZeroDoubleConjunct	NotCommonChild	Instrumental	RCDemonstrative	RCAttributive	RCPossessive	RCIndefinite	RCPersonal	RCInterrogative	RCNegative	RCReflexive	RCNoun	NoPlacement	Imperfective	Perfective	NotDefaultFiller	Masculine	NoLeftmostPlacement	Iterat	UnIterat	NoRightmostPlacement	NotLeftConjunct	PersonFirst	PersonSecond	PersonThird	PersonZero	Active	VoiceSya	Passive	VerbIntransitive	VerbIntransitiveSpecial	VerbTransitive	VerbTransitiveSpecial	NotRightConjunct	NoSpecialCaseForm	NoContrast	NormalCapitalization	PO_Prefixoid	Rus_Prefixoid	VPOL_Prefixoid	NE_Prefixoid	Eval_Prefixoid	Intern_Prefixoid	Reduced_Prefixoid	InternHy_Prefixoid	Letter_Prefixoid	BEZ_Prefixoid	BES_Prefixoid	BEZer_Prefixoid	V_Prefixoid	InternModEr_Prefixoid	RusHy_Prefixoid	NAI_Prefixoid	POL_Prefixoid	NI_Prefixoid	KOE_Prefixoid	Intern_ReducedPrefixoid	InternMod_Prefixoid	Chem_Prefixoid	ProperNamePrefixoid	Chemical_Possible	ParticipleFullForm	ParticipleShortForm	Singular	FiveAndMore	Three	Four	Two	SevenEight	AdjectiveFullForm	AdjectiveShortForm	AdjectiveShortFlectional	NounProperGeneral	NounProperSurNameFlective	NounProperTown	NounProperName	AdjectiveProper	NounProperPatronymic	NounProperNameDimin	AbbrProperGeneral	NounProperSurNameForeign	NormalNumberParadigm	FullRealization
21	157	медицинского	медицинского	284940	284939	Animate	Inanimate	Reflexive	FullReflexivity	NonReflexive	ImperfectiveReflexivity	NormalMorphForm	DefectOne	DefectTwo	Byt	DefectThree	DefectFour	GTAdjectiveAttributive	NotEllipted	VocalForm	NForm	NotControlled	ZeroTypeOfCoordination	NoCompositeness	DegreePositive	Adverb_Un_Hyphen	Adverb_With_Hyphen	DeclensionAdjectival	DeclensionNominal	DeclensionMixed	Indeclinable	Un_Comp_Suf	BiAspectual	MonoAspectual	Paired	NoSynthComparative	MOne	MTwo	MThree	NormalClassifyingCapitalization	Future	Past	Present	Adjective	ZeroDoubleConjunct	NotCommonChild	Accusative	Genitive	Partitive	RCDemonstrative	RCAttributive	RCPossessive	RCIndefinite	RCPersonal	RCInterrogative	RCNegative	RCReflexive	RCNoun	NoPlacement	Imperfective	Perfective	NotDefaultFiller	Masculine	Neuter	NoLeftmostPlacement	Iterat	UnIterat	NoRightmostPlacement	NotLeftConjunct	PersonFirst	PersonSecond	PersonThird	PersonZero	Active	VoiceSya	Passive	VerbIntransitive	VerbIntransitiveSpecial	VerbTransitive	VerbTransitiveSpecial	NotRightConjunct	NoSpecialCaseForm	Locative_u	Genitive_u	Plural_consonant	Genitive_Locative_u	GenitivePlural_Zero	NominativePlural_a	SpecialPlual	SpecialVocative	NoContrast	NormalCapitalization	PO_Prefixoid	Rus_Prefixoid	VPOL_Prefixoid	NE_Prefixoid	Eval_Prefixoid	Intern_Prefixoid	Reduced_Prefixoid	InternHy_Prefixoid	Letter_Prefixoid	BEZ_Prefixoid	BES_Prefixoid	BEZer_Prefixoid	V_Prefixoid	InternModEr_Prefixoid	RusHy_Prefixoid	NAI_Prefixoid	POL_Prefixoid	NI_Prefixoid	KOE_Prefixoid	Intern_ReducedPrefixoid	InternMod_Prefixoid	Chem_Prefixoid	ProperNamePrefixoid	Chemical_Possible	ParticipleFullForm	ParticipleShortForm	Singular	FiveAndMore	Three	Four	Two	SevenEight	AdjectiveFullForm	NounProperGeneral	NounProperSurNameFlective	NounProperTown	NounProperName	AdjectiveProper	NounProperPatronymic	NounProperNameDimin	AbbrProperGeneral	NounProperSurNameForeign	NormalNumberParadigm	FullRealization
21	170	факультета	факультета	284939	284936	Inanimate	Reflexive	FullReflexivity	NonReflexive	ImperfectiveReflexivity	NormalMorphForm	DefectOne	DefectTwo	Byt	DefectThree	DefectFour	GTNoun	NotEllipted	VocalForm	NForm	NotControlled	ZeroTypeOfCoordination	NoCompositeness	DegreeComparative	DegreePositive	DegreeSuperlative	Adverb_Un_Hyphen	Adverb_With_Hyphen	DeclensionNominal	Un_Comp_Suf	BiAspectual	MonoAspectual	Paired	FullSynthComparison	NoSynthComparative	NoSynthSuperlative	OnlySuperlative	MOne	MTwo	MThree	NormalClassifyingCapitalization	Future	Past	Present	Noun	ZeroDoubleConjunct	NotCommonChild	Genitive	Partitive	RCDemonstrative	RCAttributive	RCPossessive	RCIndefinite	RCPersonal	RCInterrogative	RCNegative	RCReflexive	RCNoun	NoPlacement	Imperfective	Perfective	NotDefaultFiller	Masculine	NoLeftmostPlacement	Iterat	UnIterat	NoRightmostPlacement	NotLeftConjunct	PersonFirst	PersonSecond	PersonThird	PersonZero	Active	VoiceSya	Passive	VerbIntransitive	VerbIntransitiveSpecial	VerbTransitive	VerbTransitiveSpecial	NotRightConjunct	NoSpecialCaseForm	NoContrast	NormalCapitalization	PO_Prefixoid	Rus_Prefixoid	VPOL_Prefixoid	NE_Prefixoid	Eval_Prefixoid	Intern_Prefixoid	Reduced_Prefixoid	InternHy_Prefixoid	Letter_Prefixoid	BEZ_Prefixoid	BES_Prefixoid	BEZer_Prefixoid	V_Prefixoid	InternModEr_Prefixoid	RusHy_Prefixoid	NAI_Prefixoid	POL_Prefixoid	NI_Prefixoid	KOE_Prefixoid	Intern_ReducedPrefixoid	InternMod_Prefixoid	Chem_Prefixoid	ProperNamePrefixoid	Chemical_Possible	ParticipleFullForm	ParticipleShortForm	Singular	FiveAndMore	Three	Four	Two	SevenEight	AdjectiveFullForm	AdjectiveShortForm	AdjectiveShortFlectional	NounProperGeneral	NounProperSurNameFlective	NounProperTown	NounProperName	AdjectiveProper	NounProperPatronymic	NounProperNameDimin	AbbrProperGeneral	NounProperSurNameForeign	NormalNumberParadigm	FullRealization
21	181	Нижегородского	Нижегородского	284942	284941	Animate	Inanimate	Reflexive	FullReflexivity	NonReflexive	ImperfectiveReflexivity	NormalMorphForm	NormalMorphForm	DefectOne	DefectTwo	Byt	DefectThree	DefectFour	GTAdjectiveAttributive	NotEllipted	NotEllipted	VocalForm	NForm	NotControlled	NotControlled	ZeroTypeOfCoordination	ZeroTypeOfCoordination	NoCompositeness	DegreePositive	Adverb_Un_Hyphen	Adverb_With_Hyphen	DeclensionAdjectival	DeclensionNominal	DeclensionMixed	Indeclinable	Un_Comp_Suf	BiAspectual	MonoAspectual	Paired	NoSynthComparative	MOne	MTwo	MThree	NormalClassifyingCapitalization	NormalClassifyingCapitalization	Future	Past	Present	Adjective	ZeroDoubleConjunct	ZeroDoubleConjunct	NotCommonChild	NotCommonChild	Accusative	Genitive	Partitive	RCDemonstrative	RCAttributive	RCPossessive	RCIndefinite	RCPersonal	RCInterrogative	RCNegative	RCReflexive	RCNoun	NoPlacement	NoPlacement	Imperfective	Perfective	NotDefaultFiller	NotDefaultFiller	Masculine	Neuter	NoLeftmostPlacement	NoLeftmostPlacement	Iterat	UnIterat	NoRightmostPlacement	NoRightmostPlacement	NotLeftConjunct	NotLeftConjunct	PersonFirst	PersonSecond	PersonThird	PersonZero	Active	VoiceSya	Passive	VerbIntransitive	VerbIntransitiveSpecial	VerbTransitive	VerbTransitiveSpecial	NotRightConjunct	NotRightConjunct	NoSpecialCaseForm	Locative_u	Genitive_u	Plural_consonant	Genitive_Locative_u	GenitivePlural_Zero	NominativePlural_a	SpecialPlual	SpecialVocative	NoContrast	NoContrast	NormalCapitalization	NormalCapitalization	PO_Prefixoid	Rus_Prefixoid	VPOL_Prefixoid	NE_Prefixoid	Eval_Prefixoid	Intern_Prefixoid	Reduced_Prefixoid	InternHy_Prefixoid	Letter_Prefixoid	BEZ_Prefixoid	BES_Prefixoid	BEZer_Prefixoid	V_Prefixoid	InternModEr_Prefixoid	RusHy_Prefixoid	NAI_Prefixoid	POL_Prefixoid	NI_Prefixoid	KOE_Prefixoid	Intern_ReducedPrefixoid	InternMod_Prefixoid	Chem_Prefixoid	ProperNamePrefixoid	Chemical_Possible	ParticipleFullForm	ParticipleShortForm	Singular	FiveAndMore	Three	Four	Two	SevenEight	AdjectiveFullForm	NounProperGeneral	NounProperSurNameFlective	NounProperTown	NounProperName	AdjectiveProper	NounProperPatronymic	NounProperNameDimin	AbbrProperGeneral	NounProperSurNameForeign	NormalNumberParadigm	NormalNumberParadigm	FullRealization	FullRealization
21	196	университета	университета	284941	284939	Inanimate	Reflexive	FullReflexivity	NonReflexive	ImperfectiveReflexivity	NormalMorphForm	DefectOne	DefectTwo	Byt	DefectThree	DefectFour	GTNoun	NotEllipted	VocalForm	NForm	NotControlled	ZeroTypeOfCoordination	NoCompositeness	DegreeComparative	DegreePositive	DegreeSuperlative	Adverb_Un_Hyphen	Adverb_With_Hyphen	DeclensionNominal	Un_Comp_Suf	BiAspectual	MonoAspectual	Paired	FullSynthComparison	NoSynthComparative	NoSynthSuperlative	OnlySuperlative	MOne	MTwo	MThree	NormalClassifyingCapitalization	Future	Past	Present	Noun	ZeroDoubleConjunct	NotCommonChild	Genitive	Partitive	RCDemonstrative	RCAttributive	RCPossessive	RCIndefinite	RCPersonal	RCInterrogative	RCNegative	RCReflexive	RCNoun	NoPlacement	Imperfective	Perfective	NotDefaultFiller	Masculine	NoLeftmostPlacement	Iterat	UnIterat	NoRightmostPlacement	NotLeftConjunct	PersonFirst	PersonSecond	PersonThird	PersonZero	Active	VoiceSya	Passive	VerbIntransitive	VerbIntransitiveSpecial	VerbTransitive	VerbTransitiveSpecial	NotRightConjunct	NoSpecialCaseForm	NoContrast	NormalCapitalization	PO_Prefixoid	Rus_Prefixoid	VPOL_Prefixoid	NE_Prefixoid	Eval_Prefixoid	Intern_Prefixoid	Reduced_Prefixoid	InternHy_Prefixoid	Letter_Prefixoid	BEZ_Prefixoid	BES_Prefixoid	BEZer_Prefixoid	V_Prefixoid	InternModEr_Prefixoid	RusHy_Prefixoid	NAI_Prefixoid	POL_Prefixoid	NI_Prefixoid	KOE_Prefixoid	Intern_ReducedPrefixoid	InternMod_Prefixoid	Chem_Prefixoid	ProperNamePrefixoid	Chemical_Possible	ParticipleFullForm	ParticipleShortForm	Singular	FiveAndMore	Three	Four	Two	SevenEight	AdjectiveFullForm	AdjectiveShortForm	AdjectiveShortFlectional	NounProperGeneral	NounProperSurNameFlective	NounProperTown	NounProperName	AdjectiveProper	NounProperPatronymic	NounProperNameDimin	AbbrProperGeneral	NounProperSurNameForeign	NormalNumberParadigm	FullRealization
25	-1			284969	284968
25	-1			284975	284964
25	-1			284981	284978
25	-1			284987	284976
25	0	Сама	Сама	284962	284961	Animate	Inanimate	Animate	Animate	Inanimate	Reflexive	FullReflexivity	NonReflexive	ImperfectiveReflexivity	Reflexive	FullReflexivity	NonReflexive	ImperfectiveReflexivity	Reflexive	FullReflexivity	NonReflexive	ImperfectiveReflexivity	NormalMorphForm	NormalMorphForm	NormalMorphForm	NormalMorphForm	DefectOne	DefectTwo	Byt	DefectThree	DefectFour	DefectOne	DefectTwo	Byt	DefectThree	DefectFour	DefectOne	DefectTwo	Byt	DefectThree	DefectFour	GTAdjectiveAttributive	GTNoun	GTNoun	NotEllipted	NotEllipted	NotEllipted	NotEllipted	VocalForm	NForm	VocalForm	NForm	VocalForm	NForm	NotControlled	NotControlled	NotControlled	NotControlled	ZeroTypeOfCoordination	ZeroTypeOfCoordination	ZeroTypeOfCoordination	ZeroTypeOfCoordination	Composite_ski	Composite_iko	Composite_sko	NoCompositeness	Composite_o	Composite_e	Composite_usek	Composite_null	Composite_Numeral	Composite_cko	Composite_cki	Composite_ComplexNumeral	Composite_NumeralFull	Composite_NumeralShort	NoCompositeness	NoCompositeness	DegreeComparative	DegreePositive	DegreeSuperlative	DegreeComparative	DegreePositive	DegreeSuperlative	DegreeComparative	DegreePositive	DegreeSuperlative	Adverb_Un_Hyphen	Adverb_With_Hyphen	Adverb_Un_Hyphen	Adverb_With_Hyphen	Adverb_Un_Hyphen	Adverb_With_Hyphen	DeclensionAdjectival	DeclensionNominal	DeclensionMixed	Indeclinable	DeclensionMixed	Indeclinable	DeclensionAdjectival	DeclensionNominal	DeclensionMixed	Indeclinable	Comp_Suffixoid	Un_Comp_Suf	Comp_Suffixoid_Num_OJ	Comp_Suffixoid_Num_YJ	Comp_Suffixoid_Num_IJ	Comp_Suffixoid_Num_J	Comp_PunctuatorPost	Comp_PunctuatorPref	Comp_PunctuatorPostSeparable	Comp_PunctuatorPrefSeparable	Comp_Prefixoid	Comp_Suffixoid_Num_PercentYJ	Comp_Noun	Comp_Suffixoid_Chem	Comp_Adj	Comp_SuffixoidAbbr	Un_Comp_Suf	Un_Comp_Suf	Comp_PunctuatorPostSeparable	Comp_PunctuatorPrefSeparable	Comp_Noun	BiAspectual	MonoAspectual	Paired	BiAspectual	MonoAspectual	Paired	BiAspectual	MonoAspectual	Paired	FullSynthComparison	NoSynthComparative	NoSynthSuperlative	OnlySuperlative	FullSynthComparison	NoSynthComparative	NoSynthSuperlative	OnlySuperlative	FullSynthComparison	NoSynthComparative	NoSynthSuperlative	OnlySuperlative	MOne	MTwo	MThree	MOne	MTwo	MThree	MOne	MTwo	MThree	NormalClassifyingCapitalization	NormalClassifyingCapitalization	NormalClassifyingCapitalization	NormalClassifyingCapitalization	Future	Past	Present	Future	Past	Present	Future	Past	Present	Pronoun	Noun	Noun	ZeroDoubleConjunct	ZeroDoubleConjunct	ZeroDoubleConjunct	ZeroDoubleConjunct	NotCommonChild	NotCommonChild	NotCommonChild	NotCommonChild	Nominative	Accusative	Dative	Genitive	Instrumental	Locative	Nominative	Partitive	Prepositional	Accusative	Dative	Genitive	Instrumental	Locative	Nominative	Partitive	Prepositional	RCAttributive	RCDemonstrative	RCAttributive	RCPossessive	RCIndefinite	RCPersonal	RCInterrogative	RCNegative	RCReflexive	RCNoun	RCDemonstrative	RCAttributive	RCPossessive	RCIndefinite	RCPersonal	RCInterrogative	RCNegative	RCReflexive	RCNoun	NoPlacement	NoPlacement	NoPlacement	NoPlacement	Imperfective	Perfective	Imperfective	Perfective	Imperfective	Perfective	NotDefaultFiller	NotDefaultFiller	NotDefaultFiller	NotDefaultFiller	Feminine	Masculine	Common	Feminine	Masculine	Neuter	Common	NoLeftmostPlacement	NoLeftmostPlacement	NoLeftmostPlacement	NoLeftmostPlacement	Iterat	UnIterat	Iterat	UnIterat	Iterat	UnIterat	NoRightmostPlacement	NoRightmostPlacement	NoRightmostPlacement	NoRightmostPlacement	NotLeftConjunct	NotLeftConjunct	NotLeftConjunct	NotLeftConjunct	PersonFirst	PersonSecond	PersonThird	PersonZero	PersonFirst	PersonSecond	PersonThird	PersonZero	PersonFirst	PersonSecond	PersonThird	PersonZero	Active	VoiceSya	Passive	Active	VoiceSya	Passive	Active	VoiceSya	Passive	VerbIntransitive	VerbIntransitiveSpecial	VerbTransitive	VerbTransitiveSpecial	VerbIntransitive	VerbIntransitiveSpecial	VerbTransitive	VerbTransitiveSpecial	VerbIntransitive	VerbIntransitiveSpecial	VerbTransitive	VerbTransitiveSpecial	NotRightConjunct	NotRightConjunct	NotRightConjunct	NotRightConjunct	NoSpecialCaseForm	Locative_u	Genitive_u	Plural_consonant	Genitive_Locative_u	GenitivePlural_Zero	NominativePlural_a	SpecialPlual	SpecialVocative	NoSpecialCaseForm	NoSpecialCaseForm	Locative_u	Genitive_u	Plural_consonant	Genitive_Locative_u	GenitivePlural_Zero	NominativePlural_a	SpecialPlual	SpecialVocative	NoContrast	NoContrast	NoContrast	NoContrast	NormalCapitalization	NormalCapitalization	NormalCapitalization	NormalCapitalization	PO_Prefixoid	Rus_Prefixoid	VPOL_Prefixoid	NE_Prefixoid	Eval_Prefixoid	Intern_Prefixoid	Reduced_Prefixoid	InternHy_Prefixoid	Letter_Prefixoid	BEZ_Prefixoid	BES_Prefixoid	BEZer_Prefixoid	V_Prefixoid	InternModEr_Prefixoid	RusHy_Prefixoid	NAI_Prefixoid	POL_Prefixoid	NI_Prefixoid	KOE_Prefixoid	Intern_ReducedPrefixoid	InternMod_Prefixoid	Chem_Prefixoid	ProperNamePrefixoid	Chemical_Possible	PO_Prefixoid	Rus_Prefixoid	VPOL_Prefixoid	NE_Prefixoid	Eval_Prefixoid	Intern_Prefixoid	Reduced_Prefixoid	InternHy_Prefixoid	Letter_Prefixoid	BEZ_Prefixoid	BES_Prefixoid	BEZer_Prefixoid	V_Prefixoid	InternModEr_Prefixoid	RusHy_Prefixoid	NAI_Prefixoid	POL_Prefixoid	NI_Prefixoid	KOE_Prefixoid	Intern_ReducedPrefixoid	InternMod_Prefixoid	Chem_Prefixoid	ProperNamePrefixoid	Chemical_Possible	PO_Prefixoid	Rus_Prefixoid	VPOL_Prefixoid	NE_Prefixoid	Eval_Prefixoid	Intern_Prefixoid	Reduced_Prefixoid	InternHy_Prefixoid	Letter_Prefixoid	BEZ_Prefixoid	BES_Prefixoid	BEZer_Prefixoid	V_Prefixoid	InternModEr_Prefixoid	RusHy_Prefixoid	NAI_Prefixoid	POL_Prefixoid	NI_Prefixoid	KOE_Prefixoid	Intern_ReducedPrefixoid	InternMod_Prefixoid	Chem_Prefixoid	ProperNamePrefixoid	Chemical_Possible	ParticipleFullForm	ParticipleShortForm	ParticipleFullForm	ParticipleShortForm	ParticipleFullForm	ParticipleShortForm	Singular	Plural	Singular	Plural	Singular	FiveAndMore	Three	Four	Two	SevenEight	FiveAndMore	Three	Four	Two	SevenEight	FiveAndMore	Three	Four	Two	SevenEight	AdjectiveFullForm	AdjectiveFullForm	AdjectiveShortForm	AdjectiveShortFlectional	AdjectiveFullForm	AdjectiveShortForm	AdjectiveShortFlectional	NounProperGeneral	NounProperSurNameFlective	NounProperTown	NounProperName	AdjectiveProper	NounProperPatronymic	NounProperNameDimin	AbbrProperGeneral	NounProperSurNameForeign	NounProperGeneral	NounProperSurNameFlective	NounProperTown	NounProperName	AdjectiveProper	NounProperPatronymic	NounProperNameDimin	AbbrProperGeneral	NounProperSurNameForeign	NounProperGeneral	NounProperSurNameFlective	NounProperTown	NounProperName	AdjectiveProper	NounProperPatronymic	NounProperNameDimin	AbbrProperGeneral	NounProperSurNameForeign	NormalNumberParadigm	NormalNumberParadigm	NormalNumberParadigm	NormalNumberParadigm	PluraliaTantum	SingulariaTantum	FullRealization	FullRealization	FullRealization	FullRealization
25	5	Вероника	Вероника	284961	284960	Animate	Inanimate	Reflexive	FullReflexivity	NonReflexive	ImperfectiveReflexivity	Reflexive	FullReflexivity	NonReflexive	ImperfectiveReflexivity	NormalMorphForm	NormalMorphForm	DefectOne	DefectTwo	Byt	DefectThree	DefectFour	DefectOne	DefectTwo	Byt	DefectThree	DefectFour	GTNoun	GTNoun	NotEllipted	NotEllipted	VocalForm	NForm	VocalForm	NForm	NotControlled	NotControlled	ZeroTypeOfCoordination	ZeroTypeOfCoordination	NoCompositeness	NoCompositeness	DegreeComparative	DegreePositive	DegreeSuperlative	DegreeComparative	DegreePositive	DegreeSuperlative	Adverb_Un_Hyphen	Adverb_With_Hyphen	Adverb_Un_Hyphen	Adverb_With_Hyphen	DeclensionNominal	DeclensionNominal	Un_Comp_Suf	Un_Comp_Suf	BiAspectual	MonoAspectual	Paired	BiAspectual	MonoAspectual	Paired	FullSynthComparison	NoSynthComparative	NoSynthSuperlative	OnlySuperlative	FullSynthComparison	NoSynthComparative	NoSynthSuperlative	OnlySuperlative	MOne	MTwo	MThree	MOne	MTwo	MThree	NormalClassifyingCapitalization	NormalClassifyingCapitalization	Future	Past	Present	Future	Past	Present	Noun	Noun	ZeroDoubleConjunct	ZeroDoubleConjunct	NotCommonChild	NotCommonChild	Nominative	Nominative	RCDemonstrative	RCAttributive	RCPossessive	RCIndefinite	RCPersonal	RCInterrogative	RCNegative	RCReflexive	RCNoun	RCDemonstrative	RCAttributive	RCPossessive	RCIndefinite	RCPersonal	RCInterrogative	RCNegative	RCReflexive	RCNoun	NoPlacement	NoPlacement	Imperfective	Perfective	Imperfective	Perfective	NotDefaultFiller	NotDefaultFiller	Feminine	Feminine	NoLeftmostPlacement	NoLeftmostPlacement	Iterat	UnIterat	Iterat	UnIterat	NoRightmostPlacement	NoRightmostPlacement	NotLeftConjunct	NotLeftConjunct	PersonFirst	PersonSecond	PersonThird	PersonZero	PersonFirst	PersonSecond	PersonThird	PersonZero	Active	VoiceSya	Passive	Active	VoiceSya	Passive	VerbIntransitive	VerbIntransitiveSpecial	VerbTransitive	VerbTransitiveSpecial	VerbIntransitive	VerbIntransitiveSpecial	VerbTransitive	VerbTransitiveSpecial	NotRightConjunct	NotRightConjunct	SpecialVocative	NoSpecialCaseForm	NoContrast	NoContrast	NormalCapitalization	NormalCapitalization	PO_Prefixoid	Rus_Prefixoid	VPOL_Prefixoid	NE_Prefixoid	Eval_Prefixoid	Intern_Prefixoid	Reduced_Prefixoid	InternHy_Prefixoid	Letter_Prefixoid	BEZ_Prefixoid	BES_Prefixoid	BEZer_Prefixoid	V_Prefixoid	InternModEr_Prefixoid	RusHy_Prefixoid	NAI_Prefixoid	POL_Prefixoid	NI_Prefixoid	KOE_Prefixoid	Intern_ReducedPrefixoid	InternMod_Prefixoid	Chem_Prefixoid	ProperNamePrefixoid	Chemical_Possible	PO_Prefixoid	Rus_Prefixoid	VPOL_Prefixoid	NE_Prefixoid	Eval_Prefixoid	Intern_Prefixoid	Reduced_Prefixoid	InternHy_Prefixoid	Letter_Prefixoid	BEZ_Prefixoid	BES_Prefixoid	BEZer_Prefixoid	V_Prefixoid	InternModEr_Prefixoid	RusHy_Prefixoid	NAI_Prefixoid	POL_Prefixoid	NI_Prefixoid	KOE_Prefixoid	Intern_ReducedPrefixoid	InternMod_Prefixoid	Chem_Prefixoid	ProperNamePrefixoid	Chemical_Possible	ParticipleFullForm	ParticipleShortForm	ParticipleFullForm	ParticipleShortForm	Singular	Singular	FiveAndMore	Three	Four	Two	SevenEight	FiveAndMore	Three	Four	Two	SevenEight	AdjectiveFullForm	AdjectiveShortForm	AdjectiveShortFlectional	AdjectiveFullForm	AdjectiveShortForm	AdjectiveShortFlectional	NounProperName	NounProperGeneral	NounProperSurNameFlective	NounProperTown	NounProperName	AdjectiveProper	NounProperPatronymic	NounProperNameDimin	AbbrProperGeneral	NounProperSurNameForeign	NormalNumberParadigm	SingulariaTantum	FullRealization	FullRealization
25	14	Скворцова	Скворцова	284963	284961	Animate	Reflexive	FullReflexivity	NonReflexive	ImperfectiveReflexivity	NormalMorphForm	DefectOne	DefectTwo	Byt	DefectThree	DefectFour	GTNoun	NotEllipted	VocalForm	NForm	NotControlled	ZeroTypeOfCoordination	NoCompositeness	DegreeComparative	DegreePositive	DegreeSuperlative	Adverb_Un_Hyphen	Adverb_With_Hyphen	DeclensionNominal	Un_Comp_Suf	BiAspectual	MonoAspectual	Paired	FullSynthComparison	NoSynthComparative	NoSynthSuperlative	OnlySuperlative	MOne	MTwo	MThree	NormalClassifyingCapitalization	Future	Past	Present	Noun	ZeroDoubleConjunct	NotCommonChild	Accusative	Genitive	Nominative	Partitive	RCDemonstrative	RCAttributive	RCPossessive	RCIndefinite	RCPersonal	RCInterrogative	RCNegative	RCReflexive	RCNoun	NoPlacement	Imperfective	Perfective	NotDefaultFiller	Feminine	Masculine	NoLeftmostPlacement	Iterat	UnIterat	NoRightmostPlacement	NotLeftConjunct	PersonFirst	PersonSecond	PersonThird	PersonZero	Active	VoiceSya	Passive	VerbIntransitive	VerbIntransitiveSpecial	VerbTransitive	VerbTransitiveSpecial	NotRightConjunct	NoSpecialCaseForm	NoContrast	NormalCapitalization	PO_Prefixoid	Rus_Prefixoid	VPOL_Prefixoid	NE_Prefixoid	Eval_Prefixoid	Intern_Prefixoid	Reduced_Prefixoid	InternHy_Prefixoid	Letter_Prefixoid	BEZ_Prefixoid	BES_Prefixoid	BEZer_Prefixoid	V_Prefixoid	InternModEr_Prefixoid	RusHy_Prefixoid	NAI_Prefixoid	POL_Prefixoid	NI_Prefixoid	KOE_Prefixoid	Intern_ReducedPrefixoid	InternMod_Prefixoid	Chem_Prefixoid	ProperNamePrefixoid	Chemical_Possible	ParticipleFullForm	ParticipleShortForm	Singular	FiveAndMore	Three	Four	Two	SevenEight	AdjectiveFullForm	AdjectiveShortForm	AdjectiveShortFlectional	NounProperSurNameFlective	NormalNumberParadigm	FullRealization
25	24	окончила	окончила	284960	-1	Animate	Inanimate	FullReflexivity	NormalMorphForm	DefectOne	DefectTwo	Byt	DefectThree	DefectFour	GTVerb	NotEllipted	VocalForm	NForm	NotControlled	ZeroTypeOfCoordination	Composite_ski	Composite_iko	Composite_sko	NoCompositeness	Composite_o	Composite_e	Composite_usek	Composite_null	Composite_Numeral	Composite_cko	Composite_cki	Composite_ComplexNumeral	Composite_NumeralFull	Composite_NumeralShort	DegreeComparative	DegreePositive	DegreeSuperlative	Adverb_Un_Hyphen	Adverb_With_Hyphen	DeclensionAdjectival	DeclensionNominal	DeclensionMixed	Indeclinable	Comp_Suffixoid	Un_Comp_Suf	Comp_Suffixoid_Num_OJ	Comp_Suffixoid_Num_YJ	Comp_Suffixoid_Num_IJ	Comp_Suffixoid_Num_J	Comp_PunctuatorPost	Comp_PunctuatorPref	Comp_PunctuatorPostSeparable	Comp_PunctuatorPrefSeparable	Comp_Prefixoid	Comp_Suffixoid_Num_PercentYJ	Comp_Noun	Comp_Suffixoid_Chem	Comp_Adj	Comp_SuffixoidAbbr	Paired	FullSynthComparison	NoSynthComparative	NoSynthSuperlative	OnlySuperlative	MOne	MTwo	MThree	NormalClassifyingCapitalization	Past	Verb	ZeroDoubleConjunct	NotCommonChild	Accusative	Dative	Genitive	Instrumental	Locative	Nominative	Partitive	Prepositional	DativeSpecial	ZeroCase	Vocative	RCDemonstrative	RCAttributive	RCPossessive	RCIndefinite	RCPersonal	RCInterrogative	RCNegative	RCReflexive	RCNoun	NoPlacement	Perfective	NotDefaultFiller	Feminine	NoLeftmostPlacement	UnIterat	NoRightmostPlacement	NotLeftConjunct	PersonFirst	PersonSecond	PersonThird	PersonZero	Active	VerbTransitive	NotRightConjunct	NoSpecialCaseForm	Locative_u	Genitive_u	Plural_consonant	Genitive_Locative_u	GenitivePlural_Zero	NominativePlural_a	SpecialPlual	SpecialVocative	NoContrast	NormalCapitalization	PO_Prefixoid	Rus_Prefixoid	VPOL_Prefixoid	NE_Prefixoid	Eval_Prefixoid	Intern_Prefixoid	Reduced_Prefixoid	InternHy_Prefixoid	Letter_Prefixoid	BEZ_Prefixoid	BES_Prefixoid	BEZer_Prefixoid	V_Prefixoid	InternModEr_Prefixoid	RusHy_Prefixoid	NAI_Prefixoid	POL_Prefixoid	NI_Prefixoid	KOE_Prefixoid	Intern_ReducedPrefixoid	InternMod_Prefixoid	Chem_Prefixoid	ProperNamePrefixoid	Chemical_Possible	ParticipleFullForm	ParticipleShortForm	Singular	FiveAndMore	Three	Four	Two	SevenEight	AdjectiveFullForm	AdjectiveShortForm	AdjectiveShortFlectional	NounProperGeneral	NounProperSurNameFlective	NounProperTown	NounProperName	AdjectiveProper	NounProperPatronymic	NounProperNameDimin	AbbrProperGeneral	NounProperSurNameForeign	NormalNumberParadigm	FullRealization
25	33	две	две	284965	284964	Animate	Inanimate	Reflexive	FullReflexivity	NonReflexive	ImperfectiveReflexivity	NormalMorphForm	DefectOne	DefectTwo	Byt	DefectThree	DefectFour	GTNumeral	NotEllipted	VocalForm	NForm	NotControlled	ZeroTypeOfCoordination	Composite_ski	Composite_iko	Composite_sko	NoCompositeness	Composite_o	Composite_e	Composite_usek	Composite_null	Composite_Numeral	Composite_cko	Composite_cki	Composite_ComplexNumeral	Composite_NumeralFull	Composite_NumeralShort	DegreeComparative	DegreePositive	DegreeSuperlative	Adverb_Un_Hyphen	Adverb_With_Hyphen	DeclensionAdjectival	DeclensionNominal	DeclensionMixed	Indeclinable	Un_Comp_Suf	BiAspectual	MonoAspectual	Paired	FullSynthComparison	NoSynthComparative	NoSynthSuperlative	OnlySuperlative	MOne	MTwo	MThree	NormalClassifyingCapitalization	Future	Past	Present	Numeral	ZeroDoubleConjunct	NotCommonChild	Accusative	Nominative	RCDemonstrative	RCAttributive	RCPossessive	RCIndefinite	RCPersonal	RCInterrogative	RCNegative	RCReflexive	RCNoun	NoPlacement	Imperfective	Perfective	NotDefaultFiller	Feminine	NoLeftmostPlacement	Iterat	UnIterat	NoRightmostPlacement	NotLeftConjunct	PersonFirst	PersonSecond	PersonThird	PersonZero	Active	VoiceSya	Passive	VerbIntransitive	VerbIntransitiveSpecial	VerbTransitive	VerbTransitiveSpecial	NotRightConjunct	NoSpecialCaseForm	Locative_u	Genitive_u	Plural_consonant	Genitive_Locative_u	GenitivePlural_Zero	NominativePlural_a	SpecialPlual	SpecialVocative	NoContrast	NormalCapitalization	PO_Prefixoid	Rus_Prefixoid	VPOL_Prefixoid	NE_Prefixoid	Eval_Prefixoid	Intern_Prefixoid	Reduced_Prefixoid	InternHy_Prefixoid	Letter_Prefixoid	BEZ_Prefixoid	BES_Prefixoid	BEZer_Prefixoid	V_Prefixoid	InternModEr_Prefixoid	RusHy_Prefixoid	NAI_Prefixoid	POL_Prefixoid	NI_Prefixoid	KOE_Prefixoid	Intern_ReducedPrefixoid	InternMod_Prefixoid	Chem_Prefixoid	ProperNamePrefixoid	Chemical_Possible	ParticipleFullForm	ParticipleShortForm	Singular	FiveAndMore	Three	Four	Two	SevenEight	AdjectiveFullForm	AdjectiveShortForm	AdjectiveShortFlectional	NounProperGeneral	NounProperSurNameFlective	NounProperTown	NounProperName	AdjectiveProper	NounProperPatronymic	NounProperNameDimin	AbbrProperGeneral	NounProperSurNameForeign	NormalNumberParadigm	FullRealization
25	38	знаменитые	знаменитые	284966	284964	Animate	Inanimate	Reflexive	FullReflexivity	NonReflexive	ImperfectiveReflexivity	NormalMorphForm	DefectOne	DefectTwo	Byt	DefectThree	DefectFour	GTAdjective	NotEllipted	VocalForm	NForm	NotControlled	ZeroTypeOfCoordination	NoCompositeness	DegreePositive	Adverb_Un_Hyphen	Adverb_With_Hyphen	DeclensionAdjectival	DeclensionNominal	DeclensionMixed	Indeclinable	Un_Comp_Suf	BiAspectual	MonoAspectual	Paired	FullSynthComparison	MOne	MTwo	MThree	NormalClassifyingCapitalization	Future	Past	Present	Adjective	ZeroDoubleConjunct	NotCommonChild	Accusative	Nominative	RCDemonstrative	RCAttributive	RCPossessive	RCIndefinite	RCPersonal	RCInterrogative	RCNegative	RCReflexive	RCNoun	NoPlacement	Imperfective	Perfective	NotDefaultFiller	Feminine	Masculine	Neuter	Common	NoLeftmostPlacement	Iterat	UnIterat	NoRightmostPlacement	NotLeftConjunct	PersonFirst	PersonSecond	PersonThird	PersonZero	Active	VoiceSya	Passive	VerbIntransitive	VerbIntransitiveSpecial	VerbTransitive	VerbTransitiveSpecial	NotRightConjunct	NoSpecialCaseForm	Locative_u	Genitive_u	Plural_consonant	Genitive_Locative_u	GenitivePlural_Zero	NominativePlural_a	SpecialPlual	SpecialVocative	NoContrast	NormalCapitalization	PO_Prefixoid	Rus_Prefixoid	VPOL_Prefixoid	NE_Prefixoid	Eval_Prefixoid	Intern_Prefixoid	Reduced_Prefixoid	InternHy_Prefixoid	Letter_Prefixoid	BEZ_Prefixoid	BES_Prefixoid	BEZer_Prefixoid	V_Prefixoid	InternModEr_Prefixoid	RusHy_Prefixoid	NAI_Prefixoid	POL_Prefixoid	NI_Prefixoid	KOE_Prefixoid	Intern_ReducedPrefixoid	InternMod_Prefixoid	Chem_Prefixoid	ProperNamePrefixoid	Chemical_Possible	ParticipleFullForm	ParticipleShortForm	Plural	FiveAndMore	Three	Four	Two	SevenEight	AdjectiveFullForm	NounProperGeneral	NounProperSurNameFlective	NounProperTown	NounProperName	AdjectiveProper	NounProperPatronymic	NounProperNameDimin	AbbrProperGeneral	NounProperSurNameForeign	NormalNumberParadigm	FullRealization
25	49	московские	московские	284967	284964	Animate	Inanimate	Reflexive	FullReflexivity	NonReflexive	ImperfectiveReflexivity	NormalMorphForm	DefectOne	DefectTwo	Byt	DefectThree	DefectFour	GTAdjectiveAttributive	NotEllipted	VocalForm	NForm	NotControlled	ZeroTypeOfCoordination	NoCompositeness	DegreePositive	Adverb_Un_Hyphen	Adverb_With_Hyphen	DeclensionAdjectival	DeclensionNominal	DeclensionMixed	Indeclinable	Un_Comp_Suf	BiAspectual	MonoAspectual	Paired	NoSynthComparative	MOne	MTwo	MThree	NormalClassifyingCapitalization	Future	Past	Present	Adjective	ZeroDoubleConjunct	NotCommonChild	Accusative	Nominative	RCDemonstrative	RCAttributive	RCPossessive	RCIndefinite	RCPersonal	RCInterrogative	RCNegative	RCReflexive	RCNoun	NoPlacement	Imperfective	Perfective	NotDefaultFiller	Feminine	Masculine	Neuter	Common	NoLeftmostPlacement	Iterat	UnIterat	NoRightmostPlacement	NotLeftConjunct	PersonFirst	PersonSecond	PersonThird	PersonZero	Active	VoiceSya	Passive	VerbIntransitive	VerbIntransitiveSpecial	VerbTransitive	VerbTransitiveSpecial	NotRightConjunct	NoSpecialCaseForm	Locative_u	Genitive_u	Plural_consonant	Genitive_Locative_u	GenitivePlural_Zero	NominativePlural_a	SpecialPlual	SpecialVocative	NoContrast	NormalCapitalization	PO_Prefixoid	Rus_Prefixoid	VPOL_Prefixoid	NE_Prefixoid	Eval_Prefixoid	Intern_Prefixoid	Reduced_Prefixoid	InternHy_Prefixoid	Letter_Prefixoid	BEZ_Prefixoid	BES_Prefixoid	BEZer_Prefixoid	V_Prefixoid	InternModEr_Prefixoid	RusHy_Prefixoid	NAI_Prefixoid	POL_Prefixoid	NI_Prefixoid	KOE_Prefixoid	Intern_ReducedPrefixoid	InternMod_Prefixoid	Chem_Prefixoid	ProperNamePrefixoid	Chemical_Possible	ParticipleFullForm	ParticipleShortForm	Plural	FiveAndMore	Three	Four	Two	SevenEight	AdjectiveFullForm	NounProperGeneral	NounProperSurNameFlective	NounProperTown	NounProperName	AdjectiveProper	NounProperPatronymic	NounProperNameDimin	AbbrProperGeneral	NounProperSurNameForeign	NormalNumberParadigm	FullRealization
25	60	школы	школы	284964	284960	Inanimate	Reflexive	FullReflexivity	NonReflexive	ImperfectiveReflexivity	NormalMorphForm	DefectOne	DefectTwo	Byt	DefectThree	DefectFour	GTNoun	NotEllipted	VocalForm	NForm	NotControlled	ZeroTypeOfCoordination	NoCompositeness	DegreeComparative	DegreePositive	DegreeSuperlative	Adverb_Un_Hyphen	Adverb_With_Hyphen	DeclensionNominal	Un_Comp_Suf	BiAspectual	MonoAspectual	Paired	FullSynthComparison	NoSynthComparative	NoSynthSuperlative	OnlySuperlative	MOne	MTwo	MThree	NormalClassifyingCapitalization	Future	Past	Present	Noun	ZeroDoubleConjunct	NotCommonChild	Accusative	Genitive	Nominative	Partitive	RCDemonstrative	RCAttributive	RCPossessive	RCIndefinite	RCPersonal	RCInterrogative	RCNegative	RCReflexive	RCNoun	NoPlacement	Imperfective	Perfective	NotDefaultFiller	Feminine	NoLeftmostPlacement	Iterat	UnIterat	NoRightmostPlacement	NotLeftConjunct	PersonFirst	PersonSecond	PersonThird	PersonZero	Active	VoiceSya	Passive	VerbIntransitive	VerbIntransitiveSpecial	VerbTransitive	VerbTransitiveSpecial	NotRightConjunct	NoSpecialCaseForm	NoContrast	NormalCapitalization	PO_Prefixoid	Rus_Prefixoid	VPOL_Prefixoid	NE_Prefixoid	Eval_Prefixoid	Intern_Prefixoid	Reduced_Prefixoid	InternHy_Prefixoid	Letter_Prefixoid	BEZ_Prefixoid	BES_Prefixoid	BEZer_Prefixoid	V_Prefixoid	InternModEr_Prefixoid	RusHy_Prefixoid	NAI_Prefixoid	POL_Prefixoid	NI_Prefixoid	KOE_Prefixoid	Intern_ReducedPrefixoid	InternMod_Prefixoid	Chem_Prefixoid	ProperNamePrefixoid	Chemical_Possible	ParticipleFullForm	ParticipleShortForm	Plural	Singular	FiveAndMore	Three	Four	Two	SevenEight	AdjectiveFullForm	AdjectiveShortForm	AdjectiveShortFlectional	NounProperGeneral	NounProperSurNameFlective	NounProperTown	NounProperName	AdjectiveProper	NounProperPatronymic	NounProperNameDimin	AbbrProperGeneral	NounProperSurNameForeign	NormalNumberParadigm	FullRealization
25	68	математическую	математическую	284968	284964	Animate	Inanimate	Reflexive	FullReflexivity	NonReflexive	ImperfectiveReflexivity	NormalMorphForm	DefectOne	DefectTwo	Byt	DefectThree	DefectFour	GTAdjectiveAttributive	NotEllipted	VocalForm	NForm	NotControlled	ZeroTypeOfCoordination	NoCompositeness	DegreePositive	Adverb_Un_Hyphen	Adverb_With_Hyphen	DeclensionAdjectival	DeclensionNominal	DeclensionMixed	Indeclinable	Un_Comp_Suf	BiAspectual	MonoAspectual	Paired	NoSynthComparative	MOne	MTwo	MThree	NormalClassifyingCapitalization	Future	Past	Present	Adjective	ZeroDoubleConjunct	NotCommonChild	Accusative	RCDemonstrative	RCAttributive	RCPossessive	RCIndefinite	RCPersonal	RCInterrogative	RCNegative	RCReflexive	RCNoun	NoPlacement	Imperfective	Perfective	NotDefaultFiller	Feminine	NoLeftmostPlacement	Iterat	UnIterat	NoRightmostPlacement	NotLeftConjunct	PersonFirst	PersonSecond	PersonThird	PersonZero	Active	VoiceSya	Passive	VerbIntransitive	VerbIntransitiveSpecial	VerbTransitive	VerbTransitiveSpecial	NotRightConjunct	NoSpecialCaseForm	Locative_u	Genitive_u	Plural_consonant	Genitive_Locative_u	GenitivePlural_Zero	NominativePlural_a	SpecialPlual	SpecialVocative	NoContrast	NormalCapitalization	PO_Prefixoid	Rus_Prefixoid	VPOL_Prefixoid	NE_Prefixoid	Eval_Prefixoid	Intern_Prefixoid	Reduced_Prefixoid	InternHy_Prefixoid	Letter_Prefixoid	BEZ_Prefixoid	BES_Prefixoid	BEZer_Prefixoid	V_Prefixoid	InternModEr_Prefixoid	RusHy_Prefixoid	NAI_Prefixoid	POL_Prefixoid	NI_Prefixoid	KOE_Prefixoid	Intern_ReducedPrefixoid	InternMod_Prefixoid	Chem_Prefixoid	ProperNamePrefixoid	Chemical_Possible	ParticipleFullForm	ParticipleShortForm	Singular	FiveAndMore	Three	Four	Two	SevenEight	AdjectiveFullForm	NounProperGeneral	NounProperSurNameFlective	NounProperTown	NounProperName	AdjectiveProper	NounProperPatronymic	NounProperNameDimin	AbbrProperGeneral	NounProperSurNameForeign	NormalNumberParadigm	FullRealization
25	84	с	с	284970	284969	Animate	Inanimate	Inanimate	Reflexive	FullReflexivity	NonReflexive	ImperfectiveReflexivity	Reflexive	FullReflexivity	NonReflexive	ImperfectiveReflexivity	NormalMorphForm	NormalMorphForm	NormalMorphForm	DefectOne	DefectTwo	Byt	DefectThree	DefectFour	DefectOne	DefectTwo	Byt	DefectThree	DefectFour	GTInvariable	GTNoun	NotEllipted	NotEllipted	NotEllipted	VocalForm	NForm	VocalForm	NForm	NotControlled	NotControlled	NotControlled	ZeroTypeOfCoordination	ZeroTypeOfCoordination	ZeroTypeOfCoordination	Composite_ski	Composite_iko	Composite_sko	NoCompositeness	Composite_o	Composite_e	Composite_usek	Composite_null	Composite_Numeral	Composite_cko	Composite_cki	Composite_ComplexNumeral	Composite_NumeralFull	Composite_NumeralShort	NoCompositeness	DegreeComparative	DegreePositive	DegreeSuperlative	DegreeComparative	DegreePositive	DegreeSuperlative	Adverb_Un_Hyphen	Adverb_With_Hyphen	Adverb_Un_Hyphen	Adverb_With_Hyphen	DeclensionAdjectival	DeclensionNominal	DeclensionMixed	Indeclinable	Indeclinable	Comp_Suffixoid	Un_Comp_Suf	Comp_Suffixoid_Num_OJ	Comp_Suffixoid_Num_YJ	Comp_Suffixoid_Num_IJ	Comp_Suffixoid_Num_J	Comp_PunctuatorPost	Comp_PunctuatorPref	Comp_PunctuatorPostSeparable	Comp_PunctuatorPrefSeparable	Comp_Prefixoid	Comp_Suffixoid_Num_PercentYJ	Comp_Noun	Comp_Suffixoid_Chem	Comp_Adj	Comp_SuffixoidAbbr	Comp_PunctuatorPostSeparable	Comp_PunctuatorPrefSeparable	BiAspectual	MonoAspectual	Paired	BiAspectual	MonoAspectual	Paired	FullSynthComparison	NoSynthComparative	NoSynthSuperlative	OnlySuperlative	FullSynthComparison	NoSynthComparative	NoSynthSuperlative	OnlySuperlative	MOne	MTwo	MThree	MOne	MTwo	MThree	NormalClassifyingCapitalization	NormalClassifyingCapitalization	NormalClassifyingCapitalization	Future	Past	Present	Future	Past	Present	Preposition	Noun	ZeroDoubleConjunct	ZeroDoubleConjunct	ZeroDoubleConjunct	NotCommonChild	NotCommonChild	NotCommonChild	Accusative	Dative	Genitive	Instrumental	Locative	Nominative	Partitive	Prepositional	DativeSpecial	ZeroCase	Vocative	Accusative	Dative	Genitive	Instrumental	Locative	Nominative	Partitive	Prepositional	RCDemonstrative	RCAttributive	RCPossessive	RCIndefinite	RCPersonal	RCInterrogative	RCNegative	RCReflexive	RCNoun	RCDemonstrative	RCAttributive	RCPossessive	RCIndefinite	RCPersonal	RCInterrogative	RCNegative	RCReflexive	RCNoun	NoPlacement	NoPlacement	NoPlacement	Imperfective	Perfective	Imperfective	Perfective	NotDefaultFiller	NotDefaultFiller	NotDefaultFiller	Feminine	Masculine	Neuter	Common	Feminine	Neuter	NoLeftmostPlacement	NoLeftmostPlacement	NoLeftmostPlacement	Iterat	UnIterat	Iterat	UnIterat	NoRightmostPlacement	NoRightmostPlacement	NoRightmostPlacement	NotLeftConjunct	NotLeftConjunct	NotLeftConjunct	PersonFirst	PersonSecond	PersonThird	PersonZero	PersonFirst	PersonSecond	PersonThird	PersonZero	Active	VoiceSya	Passive	Active	VoiceSya	Passive	VerbIntransitive	VerbIntransitiveSpecial	VerbTransitive	VerbTransitiveSpecial	VerbIntransitive	VerbIntransitiveSpecial	VerbTransitive	VerbTransitiveSpecial	NotRightConjunct	NotRightConjunct	NotRightConjunct	NoSpecialCaseForm	Locative_u	Genitive_u	Plural_consonant	Genitive_Locative_u	GenitivePlural_Zero	NominativePlural_a	SpecialPlual	SpecialVocative	NoSpecialCaseForm	Locative_u	Genitive_u	Plural_consonant	Genitive_Locative_u	GenitivePlural_Zero	NominativePlural_a	SpecialPlual	SpecialVocative	NoContrast	NoContrast	NoContrast	NormalCapitalization	NormalCapitalization	NormalCapitalization	PO_Prefixoid	Rus_Prefixoid	VPOL_Prefixoid	NE_Prefixoid	Eval_Prefixoid	Intern_Prefixoid	Reduced_Prefixoid	InternHy_Prefixoid	Letter_Prefixoid	BEZ_Prefixoid	BES_Prefixoid	BEZer_Prefixoid	V_Prefixoid	InternModEr_Prefixoid	RusHy_Prefixoid	NAI_Prefixoid	POL_Prefixoid	NI_Prefixoid	KOE_Prefixoid	Intern_ReducedPrefixoid	InternMod_Prefixoid	Chem_Prefixoid	ProperNamePrefixoid	Chemical_Possible	PO_Prefixoid	Rus_Prefixoid	VPOL_Prefixoid	NE_Prefixoid	Eval_Prefixoid	Intern_Prefixoid	Reduced_Prefixoid	InternHy_Prefixoid	Letter_Prefixoid	BEZ_Prefixoid	BES_Prefixoid	BEZer_Prefixoid	V_Prefixoid	InternModEr_Prefixoid	RusHy_Prefixoid	NAI_Prefixoid	POL_Prefixoid	NI_Prefixoid	KOE_Prefixoid	Intern_ReducedPrefixoid	InternMod_Prefixoid	Chem_Prefixoid	ProperNamePrefixoid	Chemical_Possible	ParticipleFullForm	ParticipleShortForm	ParticipleFullForm	ParticipleShortForm	Plural	Singular	Plural	Singular	FiveAndMore	Three	Four	Two	SevenEight	FiveAndMore	Three	Four	Two	SevenEight	AdjectiveFullForm	AdjectiveShortForm	AdjectiveShortFlectional	AdjectiveFullForm	AdjectiveShortForm	AdjectiveShortFlectional	NounProperGeneral	NounProperSurNameFlective	NounProperTown	NounProperName	AdjectiveProper	NounProperPatronymic	NounProperNameDimin	AbbrProperGeneral	NounProperSurNameForeign	NounProperGeneral	NounProperSurNameFlective	NounProperTown	NounProperName	AdjectiveProper	NounProperPatronymic	NounProperNameDimin	AbbrProperGeneral	NounProperSurNameForeign	NormalNumberParadigm	NormalNumberParadigm	SingulariaTantum	NormalNumberParadigm	FullRealization	FullRealization	FullRealization
25	86	золотой	золотой	284971	284969	Animate	Inanimate	Reflexive	FullReflexivity	NonReflexive	ImperfectiveReflexivity	NormalMorphForm	DefectOne	DefectTwo	Byt	DefectThree	DefectFour	GTAdjectiveAttributive	GTNoun	NotEllipted	VocalForm	NForm	NotControlled	ZeroTypeOfCoordination	NoCompositeness	DegreeComparative	DegreePositive	DegreeSuperlative	Adverb_Un_Hyphen	Adverb_With_Hyphen	DeclensionAdjectival	DeclensionNominal	DeclensionMixed	Indeclinable	Un_Comp_Suf	Comp_Adj	BiAspectual	MonoAspectual	Paired	FullSynthComparison	NoSynthComparative	NoSynthSuperlative	OnlySuperlative	MOne	MTwo	MThree	NormalClassifyingCapitalization	Future	Past	Present	Adjective	Noun	ZeroDoubleConjunct	NotCommonChild	Accusative	Dative	Genitive	Instrumental	Locative	Nominative	Partitive	Prepositional	RCDemonstrative	RCAttributive	RCPossessive	RCIndefinite	RCPersonal	RCInterrogative	RCNegative	RCReflexive	RCNoun	NoPlacement	Imperfective	Perfective	NotDefaultFiller	Feminine	Masculine	NoLeftmostPlacement	Iterat	UnIterat	NoRightmostPlacement	NotLeftConjunct	PersonFirst	PersonSecond	PersonThird	PersonZero	Active	VoiceSya	Passive	VerbIntransitive	VerbIntransitiveSpecial	VerbTransitive	VerbTransitiveSpecial	NotRightConjunct	NoSpecialCaseForm	Locative_u	Genitive_u	Plural_consonant	Genitive_Locative_u	GenitivePlural_Zero	NominativePlural_a	SpecialPlual	SpecialVocative	NoContrast	NormalCapitalization	PO_Prefixoid	Rus_Prefixoid	VPOL_Prefixoid	NE_Prefixoid	Eval_Prefixoid	Intern_Prefixoid	Reduced_Prefixoid	InternHy_Prefixoid	Letter_Prefixoid	BEZ_Prefixoid	BES_Prefixoid	BEZer_Prefixoid	V_Prefixoid	InternModEr_Prefixoid	RusHy_Prefixoid	NAI_Prefixoid	POL_Prefixoid	NI_Prefixoid	KOE_Prefixoid	Intern_ReducedPrefixoid	InternMod_Prefixoid	Chem_Prefixoid	ProperNamePrefixoid	Chemical_Possible	ParticipleFullForm	ParticipleShortForm	Singular	FiveAndMore	Three	Four	Two	SevenEight	AdjectiveFullForm	AdjectiveShortForm	AdjectiveShortFlectional	NounProperGeneral	NounProperSurNameFlective	NounProperTown	NounProperName	AdjectiveProper	NounProperPatronymic	NounProperNameDimin	AbbrProperGeneral	NounProperSurNameForeign	NormalNumberParadigm	FullRealization
25	94	медалью	медалью	284972	284971	Inanimate	Reflexive	FullReflexivity	NonReflexive	ImperfectiveReflexivity	NormalMorphForm	DefectOne	DefectTwo	Byt	DefectThree	DefectFour	GTNoun	NotEllipted	VocalForm	NForm	NotControlled	ZeroTypeOfCoordination	NoCompositeness	DegreeComparative	DegreePositive	DegreeSuperlative	Adverb_Un_Hyphen	Adverb_With_Hyphen	DeclensionNominal	Un_Comp_Suf	BiAspectual	MonoAspectual	Paired	FullSynthComparison	NoSynthComparative	NoSynthSuperlative	OnlySuperlative	MOne	MTwo	MThree	NormalClassifyingCapitalization	Future	Past	Present	Noun	ZeroDoubleConjunct	NotCommonChild	Instrumental	RCDemonstrative	RCAttributive	RCPossessive	RCIndefinite	RCPersonal	RCInterrogative	RCNegative	RCReflexive	RCNoun	NoPlacement	Imperfective	Perfective	NotDefaultFiller	Feminine	NoLeftmostPlacement	Iterat	UnIterat	NoRightmostPlacement	NotLeftConjunct	PersonFirst	PersonSecond	PersonThird	PersonZero	Active	VoiceSya	Passive	VerbIntransitive	VerbIntransitiveSpecial	VerbTransitive	VerbTransitiveSpecial	NotRightConjunct	NoSpecialCaseForm	NoContrast	NormalCapitalization	PO_Prefixoid	Rus_Prefixoid	VPOL_Prefixoid	NE_Prefixoid	Eval_Prefixoid	Intern_Prefixoid	Reduced_Prefixoid	InternHy_Prefixoid	Letter_Prefixoid	BEZ_Prefixoid	BES_Prefixoid	BEZer_Prefixoid	V_Prefixoid	InternModEr_Prefixoid	RusHy_Prefixoid	NAI_Prefixoid	POL_Prefixoid	NI_Prefixoid	KOE_Prefixoid	Intern_ReducedPrefixoid	InternMod_Prefixoid	Chem_Prefixoid	ProperNamePrefixoid	Chemical_Possible	ParticipleFullForm	ParticipleShortForm	Singular	FiveAndMore	Three	Four	Two	SevenEight	AdjectiveFullForm	AdjectiveShortForm	AdjectiveShortFlectional	NounProperGeneral	NounProperSurNameFlective	NounProperTown	NounProperName	AdjectiveProper	NounProperPatronymic	NounProperNameDimin	AbbrProperGeneral	NounProperSurNameForeign	NormalNumberParadigm	FullRealization
25	103	и	и	284974	284973	Animate	Inanimate	Reflexive	FullReflexivity	NonReflexive	ImperfectiveReflexivity	NormalMorphForm	DefectOne	DefectTwo	Byt	DefectThree	DefectFour	GTInvariable	NotEllipted	VocalForm	NForm	NotControlled	ZeroTypeOfCoordination	Composite_ski	Composite_iko	Composite_sko	NoCompositeness	Composite_o	Composite_e	Composite_usek	Composite_null	Composite_Numeral	Composite_cko	Composite_cki	Composite_ComplexNumeral	Composite_NumeralFull	Composite_NumeralShort	DegreeComparative	DegreePositive	DegreeSuperlative	Adverb_Un_Hyphen	Adverb_With_Hyphen	DeclensionAdjectival	DeclensionNominal	DeclensionMixed	Indeclinable	Comp_Suffixoid	Un_Comp_Suf	Comp_Suffixoid_Num_OJ	Comp_Suffixoid_Num_YJ	Comp_Suffixoid_Num_IJ	Comp_Suffixoid_Num_J	Comp_PunctuatorPost	Comp_PunctuatorPref	Comp_PunctuatorPostSeparable	Comp_PunctuatorPrefSeparable	Comp_Prefixoid	Comp_Suffixoid_Num_PercentYJ	Comp_Noun	Comp_Suffixoid_Chem	Comp_Adj	Comp_SuffixoidAbbr	BiAspectual	MonoAspectual	Paired	FullSynthComparison	NoSynthComparative	NoSynthSuperlative	OnlySuperlative	MOne	MTwo	MThree	NormalClassifyingCapitalization	Future	Past	Present	Conjunction	Particle	ZeroDoubleConjunct	NotCommonChild	Accusative	Dative	Genitive	Instrumental	Locative	Nominative	Partitive	Prepositional	DativeSpecial	ZeroCase	Vocative	RCDemonstrative	RCAttributive	RCPossessive	RCIndefinite	RCPersonal	RCInterrogative	RCNegative	RCReflexive	RCNoun	NoPlacement	Imperfective	Perfective	NotDefaultFiller	Feminine	Masculine	Neuter	Common	NoLeftmostPlacement	Iterat	UnIterat	NoRightmostPlacement	NotLeftConjunct	PersonFirst	PersonSecond	PersonThird	PersonZero	Active	VoiceSya	Passive	VerbIntransitive	VerbIntransitiveSpecial	VerbTransitive	VerbTransitiveSpecial	NotRightConjunct	NoSpecialCaseForm	Locative_u	Genitive_u	Plural_consonant	Genitive_Locative_u	GenitivePlural_Zero	NominativePlural_a	SpecialPlual	SpecialVocative	NoContrast	NormalCapitalization	PO_Prefixoid	Rus_Prefixoid	VPOL_Prefixoid	NE_Prefixoid	Eval_Prefixoid	Intern_Prefixoid	Reduced_Prefixoid	InternHy_Prefixoid	Letter_Prefixoid	BEZ_Prefixoid	BES_Prefixoid	BEZer_Prefixoid	V_Prefixoid	InternModEr_Prefixoid	RusHy_Prefixoid	NAI_Prefixoid	POL_Prefixoid	NI_Prefixoid	KOE_Prefixoid	Intern_ReducedPrefixoid	InternMod_Prefixoid	Chem_Prefixoid	ProperNamePrefixoid	Chemical_Possible	ParticipleFullForm	ParticipleShortForm	Plural	Singular	FiveAndMore	Three	Four	Two	SevenEight	AdjectiveFullForm	AdjectiveShortForm	AdjectiveShortFlectional	NounProperGeneral	NounProperSurNameFlective	NounProperTown	NounProperName	AdjectiveProper	NounProperPatronymic	NounProperNameDimin	AbbrProperGeneral	NounProperSurNameForeign	NormalNumberParadigm	FullRealization
25	105	музыкальную	музыкальную	284973	284964	Animate	Inanimate	Reflexive	FullReflexivity	NonReflexive	ImperfectiveReflexivity	NormalMorphForm	DefectOne	DefectTwo	Byt	DefectThree	DefectFour	GTAdjective	NotEllipted	VocalForm	NForm	NotControlled	ZeroTypeOfCoordination	NoCompositeness	DegreePositive	Adverb_Un_Hyphen	Adverb_With_Hyphen	DeclensionAdjectival	DeclensionNominal	DeclensionMixed	Indeclinable	Un_Comp_Suf	BiAspectual	MonoAspectual	Paired	FullSynthComparison	MOne	MTwo	MThree	NormalClassifyingCapitalization	Future	Past	Present	Adjective	ZeroDoubleConjunct	NotCommonChild	Accusative	RCDemonstrative	RCAttributive	RCPossessive	RCIndefinite	RCPersonal	RCInterrogative	RCNegative	RCReflexive	RCNoun	NoPlacement	Imperfective	Perfective	NotDefaultFiller	Feminine	NoLeftmostPlacement	Iterat	UnIterat	NoRightmostPlacement	NotLeftConjunct	PersonFirst	PersonSecond	PersonThird	PersonZero	Active	VoiceSya	Passive	VerbIntransitive	VerbIntransitiveSpecial	VerbTransitive	VerbTransitiveSpecial	NotRightConjunct	NoSpecialCaseForm	Locative_u	Genitive_u	Plural_consonant	Genitive_Locative_u	GenitivePlural_Zero	NominativePlural_a	SpecialPlual	SpecialVocative	NoContrast	NormalCapitalization	PO_Prefixoid	Rus_Prefixoid	VPOL_Prefixoid	NE_Prefixoid	Eval_Prefixoid	Intern_Prefixoid	Reduced_Prefixoid	InternHy_Prefixoid	Letter_Prefixoid	BEZ_Prefixoid	BES_Prefixoid	BEZer_Prefixoid	V_Prefixoid	InternModEr_Prefixoid	RusHy_Prefixoid	NAI_Prefixoid	POL_Prefixoid	NI_Prefixoid	KOE_Prefixoid	Intern_ReducedPrefixoid	InternMod_Prefixoid	Chem_Prefixoid	ProperNamePrefixoid	Chemical_Possible	ParticipleFullForm	ParticipleShortForm	Singular	FiveAndMore	Three	Four	Two	SevenEight	AdjectiveFullForm	NounProperGeneral	NounProperSurNameFlective	NounProperTown	NounProperName	AdjectiveProper	NounProperPatronymic	NounProperNameDimin	AbbrProperGeneral	NounProperSurNameForeign	NormalNumberParadigm	FullRealization
25	118	и	и	284977	284976	Animate	Inanimate	Reflexive	FullReflexivity	NonReflexive	ImperfectiveReflexivity	NormalMorphForm	DefectOne	DefectTwo	Byt	DefectThree	DefectFour	GTInvariable	NotEllipted	VocalForm	NForm	NotControlled	ZeroTypeOfCoordination	Composite_ski	Composite_iko	Composite_sko	NoCompositeness	Composite_o	Composite_e	Composite_usek	Composite_null	Composite_Numeral	Composite_cko	Composite_cki	Composite_ComplexNumeral	Composite_NumeralFull	Composite_NumeralShort	DegreeComparative	DegreePositive	DegreeSuperlative	Adverb_Un_Hyphen	Adverb_With_Hyphen	DeclensionAdjectival	DeclensionNominal	DeclensionMixed	Indeclinable	Comp_Suffixoid	Un_Comp_Suf	Comp_Suffixoid_Num_OJ	Comp_Suffixoid_Num_YJ	Comp_Suffixoid_Num_IJ	Comp_Suffixoid_Num_J	Comp_PunctuatorPost	Comp_PunctuatorPref	Comp_PunctuatorPostSeparable	Comp_PunctuatorPrefSeparable	Comp_Prefixoid	Comp_Suffixoid_Num_PercentYJ	Comp_Noun	Comp_Suffixoid_Chem	Comp_Adj	Comp_SuffixoidAbbr	BiAspectual	MonoAspectual	Paired	FullSynthComparison	NoSynthComparative	NoSynthSuperlative	OnlySuperlative	MOne	MTwo	MThree	NormalClassifyingCapitalization	Future	Past	Present	Conjunction	Particle	ZeroDoubleConjunct	NotCommonChild	Accusative	Dative	Genitive	Instrumental	Locative	Nominative	Partitive	Prepositional	DativeSpecial	ZeroCase	Vocative	RCDemonstrative	RCAttributive	RCPossessive	RCIndefinite	RCPersonal	RCInterrogative	RCNegative	RCReflexive	RCNoun	NoPlacement	Imperfective	Perfective	NotDefaultFiller	Feminine	Masculine	Neuter	Common	NoLeftmostPlacement	Iterat	UnIterat	NoRightmostPlacement	NotLeftConjunct	PersonFirst	PersonSecond	PersonThird	PersonZero	Active	VoiceSya	Passive	VerbIntransitive	VerbIntransitiveSpecial	VerbTransitive	VerbTransitiveSpecial	NotRightConjunct	NoSpecialCaseForm	Locative_u	Genitive_u	Plural_consonant	Genitive_Locative_u	GenitivePlural_Zero	NominativePlural_a	SpecialPlual	SpecialVocative	NoContrast	NormalCapitalization	PO_Prefixoid	Rus_Prefixoid	VPOL_Prefixoid	NE_Prefixoid	Eval_Prefixoid	Intern_Prefixoid	Reduced_Prefixoid	InternHy_Prefixoid	Letter_Prefixoid	BEZ_Prefixoid	BES_Prefixoid	BEZer_Prefixoid	V_Prefixoid	InternModEr_Prefixoid	RusHy_Prefixoid	NAI_Prefixoid	POL_Prefixoid	NI_Prefixoid	KOE_Prefixoid	Intern_ReducedPrefixoid	InternMod_Prefixoid	Chem_Prefixoid	ProperNamePrefixoid	Chemical_Possible	ParticipleFullForm	ParticipleShortForm	Plural	Singular	FiveAndMore	Three	Four	Two	SevenEight	AdjectiveFullForm	AdjectiveShortForm	AdjectiveShortFlectional	NounProperGeneral	NounProperSurNameFlective	NounProperTown	NounProperName	AdjectiveProper	NounProperPatronymic	NounProperNameDimin	AbbrProperGeneral	NounProperSurNameForeign	NormalNumberParadigm	FullRealization
25	121	продолжив	продолжив	284978	284976	Animate	Inanimate	FullReflexivity	NormalMorphForm	DefectOne	DefectTwo	Byt	DefectThree	DefectFour	GTAdverb	NotEllipted	VocalForm	NForm	NotControlled	ZeroTypeOfCoordination	Composite_ski	Composite_iko	Composite_sko	NoCompositeness	Composite_o	Composite_e	Composite_usek	Composite_null	Composite_Numeral	Composite_cko	Composite_cki	Composite_ComplexNumeral	Composite_NumeralFull	Composite_NumeralShort	DegreeComparative	DegreePositive	DegreeSuperlative	Adverb_Un_Hyphen	Adverb_With_Hyphen	DeclensionAdjectival	DeclensionNominal	DeclensionMixed	Indeclinable	Comp_Suffixoid	Un_Comp_Suf	Comp_Suffixoid_Num_OJ	Comp_Suffixoid_Num_YJ	Comp_Suffixoid_Num_IJ	Comp_Suffixoid_Num_J	Comp_PunctuatorPost	Comp_PunctuatorPref	Comp_PunctuatorPostSeparable	Comp_PunctuatorPrefSeparable	Comp_Prefixoid	Comp_Suffixoid_Num_PercentYJ	Comp_Noun	Comp_Suffixoid_Chem	Comp_Adj	Comp_SuffixoidAbbr	Paired	FullSynthComparison	NoSynthComparative	NoSynthSuperlative	OnlySuperlative	MOne	MTwo	MThree	NormalClassifyingCapitalization	Past	Verb	ZeroDoubleConjunct	NotCommonChild	Accusative	Dative	Genitive	Instrumental	Locative	Nominative	Partitive	Prepositional	DativeSpecial	ZeroCase	Vocative	RCDemonstrative	RCAttributive	RCPossessive	RCIndefinite	RCPersonal	RCInterrogative	RCNegative	RCReflexive	RCNoun	NoPlacement	Perfective	NotDefaultFiller	Feminine	Masculine	Neuter	Common	NoLeftmostPlacement	UnIterat	NoRightmostPlacement	NotLeftConjunct	PersonFirst	PersonSecond	PersonThird	PersonZero	Active	VerbTransitive	NotRightConjunct	NoSpecialCaseForm	Locative_u	Genitive_u	Plural_consonant	Genitive_Locative_u	GenitivePlural_Zero	NominativePlural_a	SpecialPlual	SpecialVocative	NoContrast	NormalCapitalization	PO_Prefixoid	Rus_Prefixoid	VPOL_Prefixoid	NE_Prefixoid	Eval_Prefixoid	Intern_Prefixoid	Reduced_Prefixoid	InternHy_Prefixoid	Letter_Prefixoid	BEZ_Prefixoid	BES_Prefixoid	BEZer_Prefixoid	V_Prefixoid	InternModEr_Prefixoid	RusHy_Prefixoid	NAI_Prefixoid	POL_Prefixoid	NI_Prefixoid	KOE_Prefixoid	Intern_ReducedPrefixoid	InternMod_Prefixoid	Chem_Prefixoid	ProperNamePrefixoid	Chemical_Possible	ParticipleFullForm	ParticipleShortForm	Plural	Singular	FiveAndMore	Three	Four	Two	SevenEight	AdjectiveFullForm	AdjectiveShortForm	AdjectiveShortFlectional	NounProperGeneral	NounProperSurNameFlective	NounProperTown	NounProperName	AdjectiveProper	NounProperPatronymic	NounProperNameDimin	AbbrProperGeneral	NounProperSurNameForeign	NormalNumberParadigm	FullRealization
25	131	семейную	семейную	284980	284979	Animate	Inanimate	Reflexive	FullReflexivity	NonReflexive	ImperfectiveReflexivity	NormalMorphForm	DefectOne	DefectTwo	Byt	DefectThree	DefectFour	GTAdjectiveAttributive	NotEllipted	VocalForm	NForm	NotControlled	ZeroTypeOfCoordination	NoCompositeness	DegreePositive	Adverb_Un_Hyphen	Adverb_With_Hyphen	DeclensionAdjectival	DeclensionNominal	DeclensionMixed	Indeclinable	Un_Comp_Suf	BiAspectual	MonoAspectual	Paired	NoSynthComparative	MOne	MTwo	MThree	NormalClassifyingCapitalization	Future	Past	Present	Adjective	ZeroDoubleConjunct	NotCommonChild	Accusative	RCDemonstrative	RCAttributive	RCPossessive	RCIndefinite	RCPersonal	RCInterrogative	RCNegative	RCReflexive	RCNoun	NoPlacement	Imperfective	Perfective	NotDefaultFiller	Feminine	NoLeftmostPlacement	Iterat	UnIterat	NoRightmostPlacement	NotLeftConjunct	PersonFirst	PersonSecond	PersonThird	PersonZero	Active	VoiceSya	Passive	VerbIntransitive	VerbIntransitiveSpecial	VerbTransitive	VerbTransitiveSpecial	NotRightConjunct	NoSpecialCaseForm	Locative_u	Genitive_u	Plural_consonant	Genitive_Locative_u	GenitivePlural_Zero	NominativePlural_a	SpecialPlual	SpecialVocative	NoContrast	NormalCapitalization	PO_Prefixoid	Rus_Prefixoid	VPOL_Prefixoid	NE_Prefixoid	Eval_Prefixoid	Intern_Prefixoid	Reduced_Prefixoid	InternHy_Prefixoid	Letter_Prefixoid	BEZ_Prefixoid	BES_Prefixoid	BEZer_Prefixoid	V_Prefixoid	InternModEr_Prefixoid	RusHy_Prefixoid	NAI_Prefixoid	POL_Prefixoid	NI_Prefixoid	KOE_Prefixoid	Intern_ReducedPrefixoid	InternMod_Prefixoid	Chem_Prefixoid	ProperNamePrefixoid	Chemical_Possible	ParticipleFullForm	ParticipleShortForm	Singular	FiveAndMore	Three	Four	Two	SevenEight	AdjectiveFullForm	NounProperGeneral	NounProperSurNameFlective	NounProperTown	NounProperName	AdjectiveProper	NounProperPatronymic	NounProperNameDimin	AbbrProperGeneral	NounProperSurNameForeign	NormalNumberParadigm	FullRealization
25	140	традицию	традицию	284979	284978	Inanimate	Reflexive	FullReflexivity	NonReflexive	ImperfectiveReflexivity	NormalMorphForm	DefectOne	DefectTwo	Byt	DefectThree	DefectFour	GTNoun	NotEllipted	VocalForm	NForm	NotControlled	ZeroTypeOfCoordination	NoCompositeness	DegreeComparative	DegreePositive	DegreeSuperlative	Adverb_Un_Hyphen	Adverb_With_Hyphen	DeclensionNominal	Un_Comp_Suf	BiAspectual	MonoAspectual	Paired	FullSynthComparison	NoSynthComparative	NoSynthSuperlative	OnlySuperlative	MOne	MTwo	MThree	NormalClassifyingCapitalization	Future	Past	Present	Noun	ZeroDoubleConjunct	NotCommonChild	Accusative	RCDemonstrative	RCAttributive	RCPossessive	RCIndefinite	RCPersonal	RCInterrogative	RCNegative	RCReflexive	RCNoun	NoPlacement	Imperfective	Perfective	NotDefaultFiller	Feminine	NoLeftmostPlacement	Iterat	UnIterat	NoRightmostPlacement	NotLeftConjunct	PersonFirst	PersonSecond	PersonThird	PersonZero	Active	VoiceSya	Passive	VerbIntransitive	VerbIntransitiveSpecial	VerbTransitive	VerbTransitiveSpecial	NotRightConjunct	NoSpecialCaseForm	NoContrast	NormalCapitalization	PO_Prefixoid	Rus_Prefixoid	VPOL_Prefixoid	NE_Prefixoid	Eval_Prefixoid	Intern_Prefixoid	Reduced_Prefixoid	InternHy_Prefixoid	Letter_Prefixoid	BEZ_Prefixoid	BES_Prefixoid	BEZer_Prefixoid	V_Prefixoid	InternModEr_Prefixoid	RusHy_Prefixoid	NAI_Prefixoid	POL_Prefixoid	NI_Prefixoid	KOE_Prefixoid	Intern_ReducedPrefixoid	InternMod_Prefixoid	Chem_Prefixoid	ProperNamePrefixoid	Chemical_Possible	ParticipleFullForm	ParticipleShortForm	Singular	FiveAndMore	Three	Four	Two	SevenEight	AdjectiveFullForm	AdjectiveShortForm	AdjectiveShortFlectional	NounProperGeneral	NounProperSurNameFlective	NounProperTown	NounProperName	AdjectiveProper	NounProperPatronymic	NounProperNameDimin	AbbrProperGeneral	NounProperSurNameForeign	NormalNumberParadigm	FullRealization
25	150	поступила	поступила	284976	-1	Animate	Inanimate	NonReflexive	NormalMorphForm	DefectOne	DefectTwo	Byt	DefectThree	DefectFour	GTVerb	NotEllipted	VocalForm	NForm	NotControlled	ZeroTypeOfCoordination	Composite_ski	Composite_iko	Composite_sko	NoCompositeness	Composite_o	Composite_e	Composite_usek	Composite_null	Composite_Numeral	Composite_cko	Composite_cki	Composite_ComplexNumeral	Composite_NumeralFull	Composite_NumeralShort	DegreeComparative	DegreePositive	DegreeSuperlative	Adverb_Un_Hyphen	Adverb_With_Hyphen	DeclensionAdjectival	DeclensionNominal	DeclensionMixed	Indeclinable	Comp_Suffixoid	Un_Comp_Suf	Comp_Suffixoid_Num_OJ	Comp_Suffixoid_Num_YJ	Comp_Suffixoid_Num_IJ	Comp_Suffixoid_Num_J	Comp_PunctuatorPost	Comp_PunctuatorPref	Comp_PunctuatorPostSeparable	Comp_PunctuatorPrefSeparable	Comp_Prefixoid	Comp_Suffixoid_Num_PercentYJ	Comp_Noun	Comp_Suffixoid_Chem	Comp_Adj	Comp_SuffixoidAbbr	Paired	FullSynthComparison	NoSynthComparative	NoSynthSuperlative	OnlySuperlative	MOne	MTwo	MThree	NormalClassifyingCapitalization	Past	Verb	ZeroDoubleConjunct	NotCommonChild	Accusative	Dative	Genitive	Instrumental	Locative	Nominative	Partitive	Prepositional	DativeSpecial	ZeroCase	Vocative	RCDemonstrative	RCAttributive	RCPossessive	RCIndefinite	RCPersonal	RCInterrogative	RCNegative	RCReflexive	RCNoun	NoPlacement	Perfective	NotDefaultFiller	Feminine	NoLeftmostPlacement	UnIterat	NoRightmostPlacement	NotLeftConjunct	PersonFirst	PersonSecond	PersonThird	PersonZero	Active	VerbIntransitive	NotRightConjunct	NoSpecialCaseForm	Locative_u	Genitive_u	Plural_consonant	Genitive_Locative_u	GenitivePlural_Zero	NominativePlural_a	SpecialPlual	SpecialVocative	NoContrast	NormalCapitalization	PO_Prefixoid	Rus_Prefixoid	VPOL_Prefixoid	NE_Prefixoid	Eval_Prefixoid	Intern_Prefixoid	Reduced_Prefixoid	InternHy_Prefixoid	Letter_Prefixoid	BEZ_Prefixoid	BES_Prefixoid	BEZer_Prefixoid	V_Prefixoid	InternModEr_Prefixoid	RusHy_Prefixoid	NAI_Prefixoid	POL_Prefixoid	NI_Prefixoid	KOE_Prefixoid	Intern_ReducedPrefixoid	InternMod_Prefixoid	Chem_Prefixoid	ProperNamePrefixoid	Chemical_Possible	ParticipleFullForm	ParticipleShortForm	Singular	FiveAndMore	Three	Four	Two	SevenEight	AdjectiveFullForm	AdjectiveShortForm	AdjectiveShortFlectional	NounProperGeneral	NounProperSurNameFlective	NounProperTown	NounProperName	AdjectiveProper	NounProperPatronymic	NounProperNameDimin	AbbrProperGeneral	NounProperSurNameForeign	NormalNumberParadigm	FullRealization
25	160	во	во	284983	284982	Animate	Inanimate	Reflexive	FullReflexivity	NonReflexive	ImperfectiveReflexivity	NormalMorphForm	DefectOne	DefectTwo	Byt	DefectThree	DefectFour	GTInvariable	NotEllipted	VocalForm	NForm	NotControlled	ZeroTypeOfCoordination	Composite_ski	Composite_iko	Composite_sko	NoCompositeness	Composite_o	Composite_e	Composite_usek	Composite_null	Composite_Numeral	Composite_cko	Composite_cki	Composite_ComplexNumeral	Composite_NumeralFull	Composite_NumeralShort	DegreeComparative	DegreePositive	DegreeSuperlative	Adverb_Un_Hyphen	Adverb_With_Hyphen	DeclensionAdjectival	DeclensionNominal	DeclensionMixed	Indeclinable	Comp_Suffixoid	Un_Comp_Suf	Comp_Suffixoid_Num_OJ	Comp_Suffixoid_Num_YJ	Comp_Suffixoid_Num_IJ	Comp_Suffixoid_Num_J	Comp_PunctuatorPost	Comp_PunctuatorPref	Comp_PunctuatorPostSeparable	Comp_PunctuatorPrefSeparable	Comp_Prefixoid	Comp_Suffixoid_Num_PercentYJ	Comp_Noun	Comp_Suffixoid_Chem	Comp_Adj	Comp_SuffixoidAbbr	BiAspectual	MonoAspectual	Paired	FullSynthComparison	NoSynthComparative	NoSynthSuperlative	OnlySuperlative	MOne	MTwo	MThree	NormalClassifyingCapitalization	Future	Past	Present	Preposition	ZeroDoubleConjunct	NotCommonChild	Accusative	Dative	Genitive	Instrumental	Locative	Nominative	Partitive	Prepositional	DativeSpecial	ZeroCase	Vocative	RCDemonstrative	RCAttributive	RCPossessive	RCIndefinite	RCPersonal	RCInterrogative	RCNegative	RCReflexive	RCNoun	NoPlacement	Imperfective	Perfective	NotDefaultFiller	Feminine	Masculine	Neuter	Common	NoLeftmostPlacement	Iterat	UnIterat	NoRightmostPlacement	NotLeftConjunct	PersonFirst	PersonSecond	PersonThird	PersonZero	Active	VoiceSya	Passive	VerbIntransitive	VerbIntransitiveSpecial	VerbTransitive	VerbTransitiveSpecial	NotRightConjunct	NoSpecialCaseForm	Locative_u	Genitive_u	Plural_consonant	Genitive_Locative_u	GenitivePlural_Zero	NominativePlural_a	SpecialPlual	SpecialVocative	NoContrast	NormalCapitalization	PO_Prefixoid	Rus_Prefixoid	VPOL_Prefixoid	NE_Prefixoid	Eval_Prefixoid	Intern_Prefixoid	Reduced_Prefixoid	InternHy_Prefixoid	Letter_Prefixoid	BEZ_Prefixoid	BES_Prefixoid	BEZer_Prefixoid	V_Prefixoid	InternModEr_Prefixoid	RusHy_Prefixoid	NAI_Prefixoid	POL_Prefixoid	NI_Prefixoid	KOE_Prefixoid	Intern_ReducedPrefixoid	InternMod_Prefixoid	Chem_Prefixoid	ProperNamePrefixoid	Chemical_Possible	ParticipleFullForm	ParticipleShortForm	Plural	Singular	FiveAndMore	Three	Four	Two	SevenEight	AdjectiveFullForm	AdjectiveShortForm	AdjectiveShortFlectional	NounProperGeneral	NounProperSurNameFlective	NounProperTown	NounProperName	AdjectiveProper	NounProperPatronymic	NounProperNameDimin	AbbrProperGeneral	NounProperSurNameForeign	NormalNumberParadigm	FullRealization
25	163	2	2	284984	284982	ZeroTypeOfCoordination	NoPlacement	NormalCapitalization	NotDefaultFiller	NoContrast	NoLeftmostPlacement	FullRealization	NoRightmostPlacement	NormalNumberParadigm	NotLeftConjunct	NormalClassifyingCapitalization	ZeroDoubleConjunct	NotCommonChild	NotEllipted	NormalMorphForm	NotControlled	NotRightConjunct
25	165	й	й	284985	284984	Animate	Inanimate	Reflexive	FullReflexivity	NonReflexive	ImperfectiveReflexivity	NormalMorphForm	DefectOne	DefectTwo	Byt	DefectThree	DefectFour	GTAdjectiveAttributive	NotEllipted	VocalForm	NForm	NotControlled	ZeroTypeOfCoordination	Composite_ski	Composite_iko	Composite_sko	NoCompositeness	Composite_o	Composite_e	Composite_usek	Composite_null	Composite_Numeral	Composite_cko	Composite_cki	Composite_ComplexNumeral	Composite_NumeralFull	Composite_NumeralShort	DegreeComparative	DegreePositive	DegreeSuperlative	Adverb_Un_Hyphen	Adverb_With_Hyphen	DeclensionAdjectival	DeclensionNominal	DeclensionMixed	Indeclinable	Comp_Suffixoid_Num_J	BiAspectual	MonoAspectual	Paired	FullSynthComparison	NoSynthComparative	NoSynthSuperlative	OnlySuperlative	MOne	MTwo	MThree	NormalClassifyingCapitalization	Future	Past	Present	Numeral	ZeroDoubleConjunct	NotCommonChild	Accusative	Dative	Genitive	Instrumental	Locative	Nominative	Partitive	Prepositional	RCDemonstrative	RCAttributive	RCPossessive	RCIndefinite	RCPersonal	RCInterrogative	RCNegative	RCReflexive	RCNoun	NoPlacement	Imperfective	Perfective	NotDefaultFiller	Feminine	Masculine	NoLeftmostPlacement	Iterat	UnIterat	NoRightmostPlacement	NotLeftConjunct	PersonFirst	PersonSecond	PersonThird	PersonZero	Active	VoiceSya	Passive	VerbIntransitive	VerbIntransitiveSpecial	VerbTransitive	VerbTransitiveSpecial	NotRightConjunct	NoSpecialCaseForm	Locative_u	Genitive_u	Plural_consonant	Genitive_Locative_u	GenitivePlural_Zero	NominativePlural_a	SpecialPlual	SpecialVocative	NoContrast	NormalCapitalization	PO_Prefixoid	Rus_Prefixoid	VPOL_Prefixoid	NE_Prefixoid	Eval_Prefixoid	Intern_Prefixoid	Reduced_Prefixoid	InternHy_Prefixoid	Letter_Prefixoid	BEZ_Prefixoid	BES_Prefixoid	BEZer_Prefixoid	V_Prefixoid	InternModEr_Prefixoid	RusHy_Prefixoid	NAI_Prefixoid	POL_Prefixoid	NI_Prefixoid	KOE_Prefixoid	Intern_ReducedPrefixoid	InternMod_Prefixoid	Chem_Prefixoid	ProperNamePrefixoid	Chemical_Possible	ParticipleFullForm	ParticipleShortForm	Singular	FiveAndMore	Three	Four	Two	SevenEight	AdjectiveFullForm	AdjectiveShortForm	AdjectiveShortFlectional	NounProperGeneral	NounProperSurNameFlective	NounProperTown	NounProperName	AdjectiveProper	NounProperPatronymic	NounProperNameDimin	AbbrProperGeneral	NounProperSurNameForeign	NormalNumberParadigm	FullRealization
25	167	мед	мед	284986	284982	Inanimate	Animate	Inanimate	Reflexive	FullReflexivity	NonReflexive	ImperfectiveReflexivity	Reflexive	FullReflexivity	NonReflexive	ImperfectiveReflexivity	NormalMorphForm	NormalMorphForm	DefectOne	DefectTwo	Byt	DefectThree	DefectFour	DefectOne	DefectTwo	Byt	DefectThree	DefectFour	GTNoun	GTInvariable	NotEllipted	NotEllipted	VocalForm	NForm	VocalForm	NForm	NotControlled	NotControlled	ZeroTypeOfCoordination	ZeroTypeOfCoordination	NoCompositeness	Composite_ski	Composite_iko	Composite_sko	NoCompositeness	Composite_o	Composite_e	Composite_usek	Composite_null	Composite_Numeral	Composite_cko	Composite_cki	Composite_ComplexNumeral	Composite_NumeralFull	Composite_NumeralShort	DegreeComparative	DegreePositive	DegreeSuperlative	DegreeComparative	DegreePositive	DegreeSuperlative	Adverb_Un_Hyphen	Adverb_With_Hyphen	Adverb_Un_Hyphen	Adverb_With_Hyphen	DeclensionNominal	DeclensionAdjectival	DeclensionNominal	DeclensionMixed	Indeclinable	Un_Comp_Suf	Comp_Prefixoid	BiAspectual	MonoAspectual	Paired	BiAspectual	MonoAspectual	Paired	FullSynthComparison	NoSynthComparative	NoSynthSuperlative	OnlySuperlative	FullSynthComparison	NoSynthComparative	NoSynthSuperlative	OnlySuperlative	MOne	MTwo	MThree	MOne	MTwo	MThree	NormalClassifyingCapitalization	NormalClassifyingCapitalization	Future	Past	Present	Future	Past	Present	Noun	Prefixoid	ZeroDoubleConjunct	ZeroDoubleConjunct	NotCommonChild	NotCommonChild	Accusative	Nominative	Accusative	Dative	Genitive	Instrumental	Locative	Nominative	Partitive	Prepositional	DativeSpecial	ZeroCase	Vocative	RCDemonstrative	RCAttributive	RCPossessive	RCIndefinite	RCPersonal	RCInterrogative	RCNegative	RCReflexive	RCNoun	RCDemonstrative	RCAttributive	RCPossessive	RCIndefinite	RCPersonal	RCInterrogative	RCNegative	RCReflexive	RCNoun	NoPlacement	NoPlacement	Imperfective	Perfective	Imperfective	Perfective	NotDefaultFiller	NotDefaultFiller	Masculine	Feminine	Masculine	Neuter	Common	NoLeftmostPlacement	NoLeftmostPlacement	Iterat	UnIterat	Iterat	UnIterat	NoRightmostPlacement	NoRightmostPlacement	NotLeftConjunct	NotLeftConjunct	PersonFirst	PersonSecond	PersonThird	PersonZero	PersonFirst	PersonSecond	PersonThird	PersonZero	Active	VoiceSya	Passive	Active	VoiceSya	Passive	VerbIntransitive	VerbIntransitiveSpecial	VerbTransitive	VerbTransitiveSpecial	VerbIntransitive	VerbIntransitiveSpecial	VerbTransitive	VerbTransitiveSpecial	NotRightConjunct	NotRightConjunct	NoSpecialCaseForm	NoSpecialCaseForm	Locative_u	Genitive_u	Plural_consonant	Genitive_Locative_u	GenitivePlural_Zero	NominativePlural_a	SpecialPlual	SpecialVocative	NoContrast	NoContrast	NormalCapitalization	NormalCapitalization	PO_Prefixoid	Rus_Prefixoid	VPOL_Prefixoid	NE_Prefixoid	Eval_Prefixoid	Intern_Prefixoid	Reduced_Prefixoid	InternHy_Prefixoid	Letter_Prefixoid	BEZ_Prefixoid	BES_Prefixoid	BEZer_Prefixoid	V_Prefixoid	InternModEr_Prefixoid	RusHy_Prefixoid	NAI_Prefixoid	POL_Prefixoid	NI_Prefixoid	KOE_Prefixoid	Intern_ReducedPrefixoid	InternMod_Prefixoid	Chem_Prefixoid	ProperNamePrefixoid	Chemical_Possible	Reduced_Prefixoid	ParticipleFullForm	ParticipleShortForm	ParticipleFullForm	ParticipleShortForm	Singular	Plural	Singular	FiveAndMore	Three	Four	Two	SevenEight	FiveAndMore	Three	Four	Two	SevenEight	AdjectiveFullForm	AdjectiveShortForm	AdjectiveShortFlectional	AdjectiveFullForm	AdjectiveShortForm	AdjectiveShortFlectional	NounProperGeneral	NounProperSurNameFlective	NounProperTown	NounProperName	AdjectiveProper	NounProperPatronymic	NounProperNameDimin	AbbrProperGeneral	NounProperSurNameForeign	NounProperGeneral	NounProperSurNameFlective	NounProperTown	NounProperName	AdjectiveProper	NounProperPatronymic	NounProperNameDimin	AbbrProperGeneral	NounProperSurNameForeign	NormalNumberParadigm	NormalNumberParadigm	FullRealization	FullRealization
25	170	институт	институт	284982	284976	Inanimate	Reflexive	FullReflexivity	NonReflexive	ImperfectiveReflexivity	NormalMorphForm	DefectOne	DefectTwo	Byt	DefectThree	DefectFour	GTNoun	NotEllipted	VocalForm	NForm	NotControlled	ZeroTypeOfCoordination	NoCompositeness	DegreeComparative	DegreePositive	DegreeSuperlative	Adverb_Un_Hyphen	Adverb_With_Hyphen	DeclensionNominal	Un_Comp_Suf	BiAspectual	MonoAspectual	Paired	FullSynthComparison	NoSynthComparative	NoSynthSuperlative	OnlySuperlative	MOne	MTwo	MThree	NormalClassifyingCapitalization	Future	Past	Present	Noun	ZeroDoubleConjunct	NotCommonChild	Accusative	Nominative	RCDemonstrative	RCAttributive	RCPossessive	RCIndefinite	RCPersonal	RCInterrogative	RCNegative	RCReflexive	RCNoun	NoPlacement	Imperfective	Perfective	NotDefaultFiller	Masculine	NoLeftmostPlacement	Iterat	UnIterat	NoRightmostPlacement	NotLeftConjunct	PersonFirst	PersonSecond	PersonThird	PersonZero	Active	VoiceSya	Passive	VerbIntransitive	VerbIntransitiveSpecial	VerbTransitive	VerbTransitiveSpecial	NotRightConjunct	NoSpecialCaseForm	NoContrast	NormalCapitalization	PO_Prefixoid	Rus_Prefixoid	VPOL_Prefixoid	NE_Prefixoid	Eval_Prefixoid	Intern_Prefixoid	Reduced_Prefixoid	InternHy_Prefixoid	Letter_Prefixoid	BEZ_Prefixoid	BES_Prefixoid	BEZer_Prefixoid	V_Prefixoid	InternModEr_Prefixoid	RusHy_Prefixoid	NAI_Prefixoid	POL_Prefixoid	NI_Prefixoid	KOE_Prefixoid	Intern_ReducedPrefixoid	InternMod_Prefixoid	Chem_Prefixoid	ProperNamePrefixoid	Chemical_Possible	ParticipleFullForm	ParticipleShortForm	Singular	FiveAndMore	Three	Four	Two	SevenEight	AdjectiveFullForm	AdjectiveShortForm	AdjectiveShortFlectional	NounProperGeneral	NounProperSurNameFlective	NounProperTown	NounProperName	AdjectiveProper	NounProperPatronymic	NounProperNameDimin	AbbrProperGeneral	NounProperSurNameForeign	NormalNumberParadigm	FullRealization
27	-1			285010	285004
27	-1			285011	284998
27	-1			285012	284988
27	0	Отмечалось	Отмечалось	284988	-1	Animate	Inanimate	FullReflexivity	NormalMorphForm	DefectOne	DefectTwo	Byt	DefectThree	DefectFour	GTVerb	NotEllipted	VocalForm	NForm	NotControlled	ZeroTypeOfCoordination	Composite_ski	Composite_iko	Composite_sko	NoCompositeness	Composite_o	Composite_e	Composite_usek	Composite_null	Composite_Numeral	Composite_cko	Composite_cki	Composite_ComplexNumeral	Composite_NumeralFull	Composite_NumeralShort	DegreeComparative	DegreePositive	DegreeSuperlative	Adverb_Un_Hyphen	Adverb_With_Hyphen	DeclensionAdjectival	DeclensionNominal	DeclensionMixed	Indeclinable	Comp_Suffixoid	Un_Comp_Suf	Comp_Suffixoid_Num_OJ	Comp_Suffixoid_Num_YJ	Comp_Suffixoid_Num_IJ	Comp_Suffixoid_Num_J	Comp_PunctuatorPost	Comp_PunctuatorPref	Comp_PunctuatorPostSeparable	Comp_PunctuatorPrefSeparable	Comp_Prefixoid	Comp_Suffixoid_Num_PercentYJ	Comp_Noun	Comp_Suffixoid_Chem	Comp_Adj	Comp_SuffixoidAbbr	Paired	FullSynthComparison	NoSynthComparative	NoSynthSuperlative	OnlySuperlative	MOne	MTwo	MThree	NormalClassifyingCapitalization	Past	Verb	ZeroDoubleConjunct	NotCommonChild	Accusative	Dative	Genitive	Instrumental	Locative	Nominative	Partitive	Prepositional	DativeSpecial	ZeroCase	Vocative	RCDemonstrative	RCAttributive	RCPossessive	RCIndefinite	RCPersonal	RCInterrogative	RCNegative	RCReflexive	RCNoun	NoPlacement	Imperfective	NotDefaultFiller	Neuter	NoLeftmostPlacement	UnIterat	NoRightmostPlacement	NotLeftConjunct	PersonFirst	PersonSecond	PersonThird	PersonZero	VoiceSya	VerbTransitive	NotRightConjunct	NoSpecialCaseForm	Locative_u	Genitive_u	Plural_consonant	Genitive_Locative_u	GenitivePlural_Zero	NominativePlural_a	SpecialPlual	SpecialVocative	NoContrast	NormalCapitalization	PO_Prefixoid	Rus_Prefixoid	VPOL_Prefixoid	NE_Prefixoid	Eval_Prefixoid	Intern_Prefixoid	Reduced_Prefixoid	InternHy_Prefixoid	Letter_Prefixoid	BEZ_Prefixoid	BES_Prefixoid	BEZer_Prefixoid	V_Prefixoid	InternModEr_Prefixoid	RusHy_Prefixoid	NAI_Prefixoid	POL_Prefixoid	NI_Prefixoid	KOE_Prefixoid	Intern_ReducedPrefixoid	InternMod_Prefixoid	Chem_Prefixoid	ProperNamePrefixoid	Chemical_Possible	ParticipleFullForm	ParticipleShortForm	Singular	FiveAndMore	Three	Four	Two	SevenEight	AdjectiveFullForm	AdjectiveShortForm	AdjectiveShortFlectional	NounProperGeneral	NounProperSurNameFlective	NounProperTown	NounProperName	AdjectiveProper	NounProperPatronymic	NounProperNameDimin	AbbrProperGeneral	NounProperSurNameForeign	NormalNumberParadigm	FullRealization
27	12	что	что	284990	284989	Animate	Inanimate	Inanimate	Reflexive	FullReflexivity	NonReflexive	ImperfectiveReflexivity	Reflexive	FullReflexivity	NonReflexive	ImperfectiveReflexivity	NormalMorphForm	NormalMorphForm	NormalMorphForm	NormalMorphForm	DefectOne	DefectTwo	Byt	DefectThree	DefectFour	DefectOne	DefectTwo	Byt	DefectThree	DefectFour	GTInvariable	GTNoun	NotEllipted	NotEllipted	NotEllipted	NotEllipted	VocalForm	NForm	VocalForm	NForm	NotControlled	NotControlled	NotControlled	NotControlled	ZeroTypeOfCoordination	ZeroTypeOfCoordination	ZeroTypeOfCoordination	ZeroTypeOfCoordination	Composite_ski	Composite_iko	Composite_sko	NoCompositeness	Composite_o	Composite_e	Composite_usek	Composite_null	Composite_Numeral	Composite_cko	Composite_cki	Composite_ComplexNumeral	Composite_NumeralFull	Composite_NumeralShort	Composite_ski	Composite_iko	Composite_sko	NoCompositeness	Composite_o	Composite_e	Composite_usek	Composite_null	Composite_Numeral	Composite_cko	Composite_cki	Composite_ComplexNumeral	Composite_NumeralFull	Composite_NumeralShort	DegreeComparative	DegreePositive	DegreeSuperlative	DegreeComparative	DegreePositive	DegreeSuperlative	Adverb_Un_Hyphen	Adverb_With_Hyphen	Adverb_Un_Hyphen	Adverb_With_Hyphen	DeclensionAdjectival	DeclensionNominal	DeclensionMixed	Indeclinable	DeclensionAdjectival	DeclensionNominal	DeclensionMixed	Indeclinable	Comp_Suffixoid	Un_Comp_Suf	Comp_Suffixoid_Num_OJ	Comp_Suffixoid_Num_YJ	Comp_Suffixoid_Num_IJ	Comp_Suffixoid_Num_J	Comp_PunctuatorPost	Comp_PunctuatorPref	Comp_PunctuatorPostSeparable	Comp_PunctuatorPrefSeparable	Comp_Prefixoid	Comp_Suffixoid_Num_PercentYJ	Comp_Noun	Comp_Suffixoid_Chem	Comp_Adj	Comp_SuffixoidAbbr	Comp_Suffixoid	Un_Comp_Suf	Comp_Suffixoid_Num_OJ	Comp_Suffixoid_Num_YJ	Comp_Suffixoid_Num_IJ	Comp_Suffixoid_Num_J	Comp_PunctuatorPost	Comp_PunctuatorPref	Comp_PunctuatorPostSeparable	Comp_PunctuatorPrefSeparable	Comp_Prefixoid	Comp_Suffixoid_Num_PercentYJ	Comp_Noun	Comp_Suffixoid_Chem	Comp_Adj	Comp_SuffixoidAbbr	BiAspectual	MonoAspectual	Paired	BiAspectual	MonoAspectual	Paired	FullSynthComparison	NoSynthComparative	NoSynthSuperlative	OnlySuperlative	FullSynthComparison	NoSynthComparative	NoSynthSuperlative	OnlySuperlative	MOne	MTwo	MThree	MOne	MTwo	MThree	NormalClassifyingCapitalization	NormalClassifyingCapitalization	NormalClassifyingCapitalization	NormalClassifyingCapitalization	Future	Past	Present	Future	Past	Present	Conjunction	Pronoun	ZeroDoubleConjunct	ZeroDoubleConjunct	ZeroDoubleConjunct	ZeroDoubleConjunct	NotCommonChild	NotCommonChild	NotCommonChild	NotCommonChild	Accusative	Dative	Genitive	Instrumental	Locative	Nominative	Partitive	Prepositional	DativeSpecial	ZeroCase	Vocative	Accusative	Nominative	RCDemonstrative	RCAttributive	RCPossessive	RCIndefinite	RCPersonal	RCInterrogative	RCNegative	RCReflexive	RCNoun	RCInterrogative	NoPlacement	NoPlacement	NoPlacement	NoPlacement	Imperfective	Perfective	Imperfective	Perfective	NotDefaultFiller	NotDefaultFiller	NotDefaultFiller	NotDefaultFiller	Feminine	Masculine	Neuter	Common	Neuter	NoLeftmostPlacement	NoLeftmostPlacement	NoLeftmostPlacement	NoLeftmostPlacement	Iterat	UnIterat	Iterat	UnIterat	NoRightmostPlacement	NoRightmostPlacement	NoRightmostPlacement	NoRightmostPlacement	NotLeftConjunct	NotLeftConjunct	NotLeftConjunct	NotLeftConjunct	PersonFirst	PersonSecond	PersonThird	PersonZero	PersonFirst	PersonSecond	PersonThird	PersonZero	Active	VoiceSya	Passive	Active	VoiceSya	Passive	VerbIntransitive	VerbIntransitiveSpecial	VerbTransitive	VerbTransitiveSpecial	VerbIntransitive	VerbIntransitiveSpecial	VerbTransitive	VerbTransitiveSpecial	NotRightConjunct	NotRightConjunct	NotRightConjunct	NotRightConjunct	NoSpecialCaseForm	Locative_u	Genitive_u	Plural_consonant	Genitive_Locative_u	GenitivePlural_Zero	NominativePlural_a	SpecialPlual	SpecialVocative	NoSpecialCaseForm	Locative_u	Genitive_u	Plural_consonant	Genitive_Locative_u	GenitivePlural_Zero	NominativePlural_a	SpecialPlual	SpecialVocative	NoContrast	NoContrast	NoContrast	NoContrast	NormalCapitalization	NormalCapitalization	NormalCapitalization	NormalCapitalization	PO_Prefixoid	Rus_Prefixoid	VPOL_Prefixoid	NE_Prefixoid	Eval_Prefixoid	Intern_Prefixoid	Reduced_Prefixoid	InternHy_Prefixoid	Letter_Prefixoid	BEZ_Prefixoid	BES_Prefixoid	BEZer_Prefixoid	V_Prefixoid	InternModEr_Prefixoid	RusHy_Prefixoid	NAI_Prefixoid	POL_Prefixoid	NI_Prefixoid	KOE_Prefixoid	Intern_ReducedPrefixoid	InternMod_Prefixoid	Chem_Prefixoid	ProperNamePrefixoid	Chemical_Possible	PO_Prefixoid	Rus_Prefixoid	VPOL_Prefixoid	NE_Prefixoid	Eval_Prefixoid	Intern_Prefixoid	Reduced_Prefixoid	InternHy_Prefixoid	Letter_Prefixoid	BEZ_Prefixoid	BES_Prefixoid	BEZer_Prefixoid	V_Prefixoid	InternModEr_Prefixoid	RusHy_Prefixoid	NAI_Prefixoid	POL_Prefixoid	NI_Prefixoid	KOE_Prefixoid	Intern_ReducedPrefixoid	InternMod_Prefixoid	Chem_Prefixoid	ProperNamePrefixoid	Chemical_Possible	ParticipleFullForm	ParticipleShortForm	ParticipleFullForm	ParticipleShortForm	Plural	Singular	Singular	FiveAndMore	Three	Four	Two	SevenEight	FiveAndMore	Three	Four	Two	SevenEight	AdjectiveFullForm	AdjectiveShortForm	AdjectiveShortFlectional	AdjectiveFullForm	AdjectiveShortForm	AdjectiveShortFlectional	NounProperGeneral	NounProperSurNameFlective	NounProperTown	NounProperName	AdjectiveProper	NounProperPatronymic	NounProperNameDimin	AbbrProperGeneral	NounProperSurNameForeign	NounProperGeneral	NounProperSurNameFlective	NounProperTown	NounProperName	AdjectiveProper	NounProperPatronymic	NounProperNameDimin	AbbrProperGeneral	NounProperSurNameForeign	NormalNumberParadigm	NormalNumberParadigm	NormalNumberParadigm	NormalNumberParadigm	FullRealization	FullRealization	FullRealization	FullRealization
27	16	ее	ее	284991	284989	Animate	Inanimate	Animate	Inanimate	Reflexive	FullReflexivity	NonReflexive	ImperfectiveReflexivity	Reflexive	FullReflexivity	NonReflexive	ImperfectiveReflexivity	NormalMorphForm	NormalMorphForm	DefectOne	DefectTwo	Byt	DefectThree	DefectFour	DefectOne	DefectTwo	Byt	DefectThree	DefectFour	GTAdjectiveAttributive	GTNoun	NotEllipted	NotEllipted	VocalForm	NForm	VocalForm	NotControlled	NotControlled	ZeroTypeOfCoordination	ZeroTypeOfCoordination	Composite_ski	Composite_iko	Composite_sko	NoCompositeness	Composite_o	Composite_e	Composite_usek	Composite_null	Composite_Numeral	Composite_cko	Composite_cki	Composite_ComplexNumeral	Composite_NumeralFull	Composite_NumeralShort	Composite_ski	Composite_iko	Composite_sko	NoCompositeness	Composite_o	Composite_e	Composite_usek	Composite_null	Composite_Numeral	Composite_cko	Composite_cki	Composite_ComplexNumeral	Composite_NumeralFull	Composite_NumeralShort	DegreeComparative	DegreePositive	DegreeSuperlative	DegreeComparative	DegreePositive	DegreeSuperlative	Adverb_Un_Hyphen	Adverb_With_Hyphen	Adverb_Un_Hyphen	Adverb_With_Hyphen	DeclensionAdjectival	DeclensionNominal	DeclensionMixed	Indeclinable	DeclensionAdjectival	DeclensionNominal	DeclensionMixed	Indeclinable	Comp_Suffixoid	Un_Comp_Suf	Comp_Suffixoid_Num_OJ	Comp_Suffixoid_Num_YJ	Comp_Suffixoid_Num_IJ	Comp_Suffixoid_Num_J	Comp_PunctuatorPost	Comp_PunctuatorPref	Comp_PunctuatorPostSeparable	Comp_PunctuatorPrefSeparable	Comp_Prefixoid	Comp_Suffixoid_Num_PercentYJ	Comp_Noun	Comp_Suffixoid_Chem	Comp_Adj	Comp_SuffixoidAbbr	Comp_Suffixoid	Un_Comp_Suf	Comp_Suffixoid_Num_OJ	Comp_Suffixoid_Num_YJ	Comp_Suffixoid_Num_IJ	Comp_Suffixoid_Num_J	Comp_PunctuatorPost	Comp_PunctuatorPref	Comp_PunctuatorPostSeparable	Comp_PunctuatorPrefSeparable	Comp_Prefixoid	Comp_Suffixoid_Num_PercentYJ	Comp_Noun	Comp_Suffixoid_Chem	Comp_Adj	Comp_SuffixoidAbbr	BiAspectual	MonoAspectual	Paired	BiAspectual	MonoAspectual	Paired	FullSynthComparison	NoSynthComparative	NoSynthSuperlative	OnlySuperlative	FullSynthComparison	NoSynthComparative	NoSynthSuperlative	OnlySuperlative	MOne	MTwo	MThree	MOne	MTwo	MThree	NormalClassifyingCapitalization	NormalClassifyingCapitalization	Future	Past	Present	Future	Past	Present	Pronoun	Pronoun	ZeroDoubleConjunct	ZeroDoubleConjunct	NotCommonChild	NotCommonChild	Accusative	Dative	Genitive	Instrumental	Locative	Nominative	Partitive	Prepositional	Accusative	Genitive	RCPossessive	RCPersonal	NoPlacement	NoPlacement	Imperfective	Perfective	Imperfective	Perfective	NotDefaultFiller	NotDefaultFiller	Feminine	Masculine	Neuter	Common	Feminine	NoLeftmostPlacement	NoLeftmostPlacement	Iterat	UnIterat	Iterat	UnIterat	NoRightmostPlacement	NoRightmostPlacement	NotLeftConjunct	NotLeftConjunct	PersonThird	PersonThird	Active	VoiceSya	Passive	Active	VoiceSya	Passive	VerbIntransitive	VerbIntransitiveSpecial	VerbTransitive	VerbTransitiveSpecial	VerbIntransitive	VerbIntransitiveSpecial	VerbTransitive	VerbTransitiveSpecial	NotRightConjunct	NotRightConjunct	NoSpecialCaseForm	Locative_u	Genitive_u	Plural_consonant	Genitive_Locative_u	GenitivePlural_Zero	NominativePlural_a	SpecialPlual	SpecialVocative	NoSpecialCaseForm	Locative_u	Genitive_u	Plural_consonant	Genitive_Locative_u	GenitivePlural_Zero	NominativePlural_a	SpecialPlual	SpecialVocative	NoContrast	NoContrast	NormalCapitalization	NormalCapitalization	PO_Prefixoid	Rus_Prefixoid	VPOL_Prefixoid	NE_Prefixoid	Eval_Prefixoid	Intern_Prefixoid	Reduced_Prefixoid	InternHy_Prefixoid	Letter_Prefixoid	BEZ_Prefixoid	BES_Prefixoid	BEZer_Prefixoid	V_Prefixoid	InternModEr_Prefixoid	RusHy_Prefixoid	NAI_Prefixoid	POL_Prefixoid	NI_Prefixoid	KOE_Prefixoid	Intern_ReducedPrefixoid	InternMod_Prefixoid	Chem_Prefixoid	ProperNamePrefixoid	Chemical_Possible	PO_Prefixoid	Rus_Prefixoid	VPOL_Prefixoid	NE_Prefixoid	Eval_Prefixoid	Intern_Prefixoid	Reduced_Prefixoid	InternHy_Prefixoid	Letter_Prefixoid	BEZ_Prefixoid	BES_Prefixoid	BEZer_Prefixoid	V_Prefixoid	InternModEr_Prefixoid	RusHy_Prefixoid	NAI_Prefixoid	POL_Prefixoid	NI_Prefixoid	KOE_Prefixoid	Intern_ReducedPrefixoid	InternMod_Prefixoid	Chem_Prefixoid	ProperNamePrefixoid	Chemical_Possible	ParticipleFullForm	ParticipleShortForm	ParticipleFullForm	ParticipleShortForm	Plural	Singular	Singular	FiveAndMore	Three	Four	Two	SevenEight	FiveAndMore	Three	Four	Two	SevenEight	AdjectiveFullForm	AdjectiveFullForm	AdjectiveShortForm	AdjectiveShortFlectional	NounProperGeneral	NounProperSurNameFlective	NounProperTown	NounProperName	AdjectiveProper	NounProperPatronymic	NounProperNameDimin	AbbrProperGeneral	NounProperSurNameForeign	NounProperGeneral	NounProperSurNameFlective	NounProperTown	NounProperName	AdjectiveProper	NounProperPatronymic	NounProperNameDimin	AbbrProperGeneral	NounProperSurNameForeign	NormalNumberParadigm	NormalNumberParadigm	FullRealization	FullRealization
27	19	особенно	особенно	284992	284989	Animate	Inanimate	Animate	Inanimate	Reflexive	FullReflexivity	NonReflexive	ImperfectiveReflexivity	Reflexive	FullReflexivity	NonReflexive	ImperfectiveReflexivity	NormalMorphForm	NormalMorphForm	DefectOne	DefectTwo	Byt	DefectThree	DefectFour	DefectOne	DefectTwo	Byt	DefectThree	DefectFour	GTAdverb	GTAdjective	NotEllipted	NotEllipted	VocalForm	NForm	VocalForm	NForm	NotControlled	NotControlled	ZeroTypeOfCoordination	ZeroTypeOfCoordination	Composite_ski	Composite_iko	Composite_sko	NoCompositeness	Composite_o	Composite_e	Composite_usek	Composite_null	Composite_Numeral	Composite_cko	Composite_cki	Composite_ComplexNumeral	Composite_NumeralFull	Composite_NumeralShort	NoCompositeness	DegreePositive	DegreePositive	Adverb_Un_Hyphen	Adverb_Un_Hyphen	Adverb_With_Hyphen	DeclensionAdjectival	DeclensionNominal	DeclensionMixed	Indeclinable	DeclensionAdjectival	DeclensionNominal	DeclensionMixed	Indeclinable	Comp_Suffixoid	Un_Comp_Suf	Comp_Suffixoid_Num_OJ	Comp_Suffixoid_Num_YJ	Comp_Suffixoid_Num_IJ	Comp_Suffixoid_Num_J	Comp_PunctuatorPost	Comp_PunctuatorPref	Comp_PunctuatorPostSeparable	Comp_PunctuatorPrefSeparable	Comp_Prefixoid	Comp_Suffixoid_Num_PercentYJ	Comp_Noun	Comp_Suffixoid_Chem	Comp_Adj	Comp_SuffixoidAbbr	Un_Comp_Suf	BiAspectual	MonoAspectual	Paired	BiAspectual	MonoAspectual	Paired	NoSynthSuperlative	NoSynthSuperlative	MOne	MTwo	MThree	MOne	MTwo	MThree	NormalClassifyingCapitalization	NormalClassifyingCapitalization	Future	Past	Present	Future	Past	Present	Adverb	Adjective	ZeroDoubleConjunct	ZeroDoubleConjunct	NotCommonChild	NotCommonChild	Accusative	Dative	Genitive	Instrumental	Locative	Nominative	Partitive	Prepositional	DativeSpecial	ZeroCase	Vocative	ZeroCase	RCDemonstrative	RCAttributive	RCPossessive	RCIndefinite	RCPersonal	RCInterrogative	RCNegative	RCReflexive	RCNoun	RCDemonstrative	RCAttributive	RCPossessive	RCIndefinite	RCPersonal	RCInterrogative	RCNegative	RCReflexive	RCNoun	NoPlacement	NoPlacement	Imperfective	Perfective	Imperfective	Perfective	NotDefaultFiller	NotDefaultFiller	Feminine	Masculine	Neuter	Common	Neuter	NoLeftmostPlacement	NoLeftmostPlacement	Iterat	UnIterat	Iterat	UnIterat	NoRightmostPlacement	NoRightmostPlacement	NotLeftConjunct	NotLeftConjunct	PersonFirst	PersonSecond	PersonThird	PersonZero	PersonFirst	PersonSecond	PersonThird	PersonZero	Active	VoiceSya	Passive	Active	VoiceSya	Passive	VerbIntransitive	VerbIntransitiveSpecial	VerbTransitive	VerbTransitiveSpecial	VerbIntransitive	VerbIntransitiveSpecial	VerbTransitive	VerbTransitiveSpecial	NotRightConjunct	NotRightConjunct	NoSpecialCaseForm	Locative_u	Genitive_u	Plural_consonant	Genitive_Locative_u	GenitivePlural_Zero	NominativePlural_a	SpecialPlual	SpecialVocative	NoSpecialCaseForm	Locative_u	Genitive_u	Plural_consonant	Genitive_Locative_u	GenitivePlural_Zero	NominativePlural_a	SpecialPlual	SpecialVocative	NoContrast	NoContrast	NormalCapitalization	NormalCapitalization	PO_Prefixoid	Rus_Prefixoid	VPOL_Prefixoid	NE_Prefixoid	Eval_Prefixoid	Intern_Prefixoid	Reduced_Prefixoid	InternHy_Prefixoid	Letter_Prefixoid	BEZ_Prefixoid	BES_Prefixoid	BEZer_Prefixoid	V_Prefixoid	InternModEr_Prefixoid	RusHy_Prefixoid	NAI_Prefixoid	POL_Prefixoid	NI_Prefixoid	KOE_Prefixoid	Intern_ReducedPrefixoid	InternMod_Prefixoid	Chem_Prefixoid	ProperNamePrefixoid	Chemical_Possible	PO_Prefixoid	Rus_Prefixoid	VPOL_Prefixoid	NE_Prefixoid	Eval_Prefixoid	Intern_Prefixoid	Reduced_Prefixoid	InternHy_Prefixoid	Letter_Prefixoid	BEZ_Prefixoid	BES_Prefixoid	BEZer_Prefixoid	V_Prefixoid	InternModEr_Prefixoid	RusHy_Prefixoid	NAI_Prefixoid	POL_Prefixoid	NI_Prefixoid	KOE_Prefixoid	Intern_ReducedPrefixoid	InternMod_Prefixoid	Chem_Prefixoid	ProperNamePrefixoid	Chemical_Possible	ParticipleFullForm	ParticipleShortForm	ParticipleFullForm	ParticipleShortForm	Plural	Singular	Singular	FiveAndMore	Three	Four	Two	SevenEight	FiveAndMore	Three	Four	Two	SevenEight	AdjectiveFullForm	AdjectiveShortForm	AdjectiveShortFlectional	AdjectiveShortForm	NounProperGeneral	NounProperSurNameFlective	NounProperTown	NounProperName	AdjectiveProper	NounProperPatronymic	NounProperNameDimin	AbbrProperGeneral	NounProperSurNameForeign	NounProperGeneral	NounProperSurNameFlective	NounProperTown	NounProperName	AdjectiveProper	NounProperPatronymic	NounProperNameDimin	AbbrProperGeneral	NounProperSurNameForeign	NormalNumberParadigm	NormalNumberParadigm	FullRealization	FullRealization
27	28	интересовал	интересовал	284989	284988	Animate	Inanimate	FullReflexivity	NormalMorphForm	DefectOne	DefectTwo	Byt	DefectThree	DefectFour	GTVerb	NotEllipted	VocalForm	NForm	NotControlled	ZeroTypeOfCoordination	Composite_ski	Composite_iko	Composite_sko	NoCompositeness	Composite_o	Composite_e	Composite_usek	Composite_null	Composite_Numeral	Composite_cko	Composite_cki	Composite_ComplexNumeral	Composite_NumeralFull	Composite_NumeralShort	DegreeComparative	DegreePositive	DegreeSuperlative	Adverb_Un_Hyphen	Adverb_With_Hyphen	DeclensionAdjectival	DeclensionNominal	DeclensionMixed	Indeclinable	Comp_Suffixoid	Un_Comp_Suf	Comp_Suffixoid_Num_OJ	Comp_Suffixoid_Num_YJ	Comp_Suffixoid_Num_IJ	Comp_Suffixoid_Num_J	Comp_PunctuatorPost	Comp_PunctuatorPref	Comp_PunctuatorPostSeparable	Comp_PunctuatorPrefSeparable	Comp_Prefixoid	Comp_Suffixoid_Num_PercentYJ	Comp_Noun	Comp_Suffixoid_Chem	Comp_Adj	Comp_SuffixoidAbbr	MonoAspectual	FullSynthComparison	NoSynthComparative	NoSynthSuperlative	OnlySuperlative	MOne	MTwo	MThree	NormalClassifyingCapitalization	Past	Verb	ZeroDoubleConjunct	NotCommonChild	Accusative	Dative	Genitive	Instrumental	Locative	Nominative	Partitive	Prepositional	DativeSpecial	ZeroCase	Vocative	RCDemonstrative	RCAttributive	RCPossessive	RCIndefinite	RCPersonal	RCInterrogative	RCNegative	RCReflexive	RCNoun	NoPlacement	Imperfective	NotDefaultFiller	Masculine	NoLeftmostPlacement	UnIterat	NoRightmostPlacement	NotLeftConjunct	PersonFirst	PersonSecond	PersonThird	PersonZero	Active	VerbTransitiveSpecial	NotRightConjunct	NoSpecialCaseForm	Locative_u	Genitive_u	Plural_consonant	Genitive_Locative_u	GenitivePlural_Zero	NominativePlural_a	SpecialPlual	SpecialVocative	NoContrast	NormalCapitalization	PO_Prefixoid	Rus_Prefixoid	VPOL_Prefixoid	NE_Prefixoid	Eval_Prefixoid	Intern_Prefixoid	Reduced_Prefixoid	InternHy_Prefixoid	Letter_Prefixoid	BEZ_Prefixoid	BES_Prefixoid	BEZer_Prefixoid	V_Prefixoid	InternModEr_Prefixoid	RusHy_Prefixoid	NAI_Prefixoid	POL_Prefixoid	NI_Prefixoid	KOE_Prefixoid	Intern_ReducedPrefixoid	InternMod_Prefixoid	Chem_Prefixoid	ProperNamePrefixoid	Chemical_Possible	ParticipleFullForm	ParticipleShortForm	Singular	FiveAndMore	Three	Four	Two	SevenEight	AdjectiveFullForm	AdjectiveShortForm	AdjectiveShortFlectional	NounProperGeneral	NounProperSurNameFlective	NounProperTown	NounProperName	AdjectiveProper	NounProperPatronymic	NounProperNameDimin	AbbrProperGeneral	NounProperSurNameForeign	NormalNumberParadigm	FullRealization
27	40	человеческий	человеческий	284994	284993	Animate	Inanimate	Reflexive	FullReflexivity	NonReflexive	ImperfectiveReflexivity	NormalMorphForm	DefectOne	DefectTwo	Byt	DefectThree	DefectFour	GTAdjectiveAttributive	NotEllipted	VocalForm	NForm	NotControlled	ZeroTypeOfCoordination	NoCompositeness	DegreePositive	Adverb_Un_Hyphen	Adverb_With_Hyphen	DeclensionAdjectival	DeclensionNominal	DeclensionMixed	Indeclinable	Un_Comp_Suf	BiAspectual	MonoAspectual	Paired	NoSynthComparative	MOne	MTwo	MThree	NormalClassifyingCapitalization	Future	Past	Present	Adjective	ZeroDoubleConjunct	NotCommonChild	Accusative	Nominative	RCDemonstrative	RCAttributive	RCPossessive	RCIndefinite	RCPersonal	RCInterrogative	RCNegative	RCReflexive	RCNoun	NoPlacement	Imperfective	Perfective	NotDefaultFiller	Masculine	NoLeftmostPlacement	Iterat	UnIterat	NoRightmostPlacement	NotLeftConjunct	PersonFirst	PersonSecond	PersonThird	PersonZero	Active	VoiceSya	Passive	VerbIntransitive	VerbIntransitiveSpecial	VerbTransitive	VerbTransitiveSpecial	NotRightConjunct	NoSpecialCaseForm	Locative_u	Genitive_u	Plural_consonant	Genitive_Locative_u	GenitivePlural_Zero	NominativePlural_a	SpecialPlual	SpecialVocative	NoContrast	NormalCapitalization	PO_Prefixoid	Rus_Prefixoid	VPOL_Prefixoid	NE_Prefixoid	Eval_Prefixoid	Intern_Prefixoid	Reduced_Prefixoid	InternHy_Prefixoid	Letter_Prefixoid	BEZ_Prefixoid	BES_Prefixoid	BEZer_Prefixoid	V_Prefixoid	InternModEr_Prefixoid	RusHy_Prefixoid	NAI_Prefixoid	POL_Prefixoid	NI_Prefixoid	KOE_Prefixoid	Intern_ReducedPrefixoid	InternMod_Prefixoid	Chem_Prefixoid	ProperNamePrefixoid	Chemical_Possible	ParticipleFullForm	ParticipleShortForm	Singular	FiveAndMore	Three	Four	Two	SevenEight	AdjectiveFullForm	NounProperGeneral	NounProperSurNameFlective	NounProperTown	NounProperName	AdjectiveProper	NounProperPatronymic	NounProperNameDimin	AbbrProperGeneral	NounProperSurNameForeign	NormalNumberParadigm	FullRealization
27	53	мозг	мозг	284993	284989	Inanimate	Reflexive	FullReflexivity	NonReflexive	ImperfectiveReflexivity	NormalMorphForm	DefectOne	DefectTwo	Byt	DefectThree	DefectFour	GTNoun	NotEllipted	VocalForm	NForm	NotControlled	ZeroTypeOfCoordination	NoCompositeness	DegreeComparative	DegreePositive	DegreeSuperlative	Adverb_Un_Hyphen	Adverb_With_Hyphen	DeclensionNominal	Un_Comp_Suf	BiAspectual	MonoAspectual	Paired	FullSynthComparison	NoSynthComparative	NoSynthSuperlative	OnlySuperlative	MOne	MTwo	MThree	NormalClassifyingCapitalization	Future	Past	Present	Noun	ZeroDoubleConjunct	NotCommonChild	Accusative	Nominative	RCDemonstrative	RCAttributive	RCPossessive	RCIndefinite	RCPersonal	RCInterrogative	RCNegative	RCReflexive	RCNoun	NoPlacement	Imperfective	Perfective	NotDefaultFiller	Masculine	NoLeftmostPlacement	Iterat	UnIterat	NoRightmostPlacement	NotLeftConjunct	PersonFirst	PersonSecond	PersonThird	PersonZero	Active	VoiceSya	Passive	VerbIntransitive	VerbIntransitiveSpecial	VerbTransitive	VerbTransitiveSpecial	NotRightConjunct	Locative_u	NoContrast	NormalCapitalization	PO_Prefixoid	Rus_Prefixoid	VPOL_Prefixoid	NE_Prefixoid	Eval_Prefixoid	Intern_Prefixoid	Reduced_Prefixoid	InternHy_Prefixoid	Letter_Prefixoid	BEZ_Prefixoid	BES_Prefixoid	BEZer_Prefixoid	V_Prefixoid	InternModEr_Prefixoid	RusHy_Prefixoid	NAI_Prefixoid	POL_Prefixoid	NI_Prefixoid	KOE_Prefixoid	Intern_ReducedPrefixoid	InternMod_Prefixoid	Chem_Prefixoid	ProperNamePrefixoid	Chemical_Possible	ParticipleFullForm	ParticipleShortForm	Singular	FiveAndMore	Three	Four	Two	SevenEight	AdjectiveFullForm	AdjectiveShortForm	AdjectiveShortFlectional	NounProperGeneral	NounProperSurNameFlective	NounProperTown	NounProperName	AdjectiveProper	NounProperPatronymic	NounProperNameDimin	AbbrProperGeneral	NounProperSurNameForeign	NormalNumberParadigm	FullRealization
27	58	и	и	284996	284995	Animate	Inanimate	Reflexive	FullReflexivity	NonReflexive	ImperfectiveReflexivity	NormalMorphForm	DefectOne	DefectTwo	Byt	DefectThree	DefectFour	GTInvariable	NotEllipted	VocalForm	NForm	NotControlled	ZeroTypeOfCoordination	Composite_ski	Composite_iko	Composite_sko	NoCompositeness	Composite_o	Composite_e	Composite_usek	Composite_null	Composite_Numeral	Composite_cko	Composite_cki	Composite_ComplexNumeral	Composite_NumeralFull	Composite_NumeralShort	DegreeComparative	DegreePositive	DegreeSuperlative	Adverb_Un_Hyphen	Adverb_With_Hyphen	DeclensionAdjectival	DeclensionNominal	DeclensionMixed	Indeclinable	Comp_Suffixoid	Un_Comp_Suf	Comp_Suffixoid_Num_OJ	Comp_Suffixoid_Num_YJ	Comp_Suffixoid_Num_IJ	Comp_Suffixoid_Num_J	Comp_PunctuatorPost	Comp_PunctuatorPref	Comp_PunctuatorPostSeparable	Comp_PunctuatorPrefSeparable	Comp_Prefixoid	Comp_Suffixoid_Num_PercentYJ	Comp_Noun	Comp_Suffixoid_Chem	Comp_Adj	Comp_SuffixoidAbbr	BiAspectual	MonoAspectual	Paired	FullSynthComparison	NoSynthComparative	NoSynthSuperlative	OnlySuperlative	MOne	MTwo	MThree	NormalClassifyingCapitalization	Future	Past	Present	Conjunction	Particle	ZeroDoubleConjunct	NotCommonChild	Accusative	Dative	Genitive	Instrumental	Locative	Nominative	Partitive	Prepositional	DativeSpecial	ZeroCase	Vocative	RCDemonstrative	RCAttributive	RCPossessive	RCIndefinite	RCPersonal	RCInterrogative	RCNegative	RCReflexive	RCNoun	NoPlacement	Imperfective	Perfective	NotDefaultFiller	Feminine	Masculine	Neuter	Common	NoLeftmostPlacement	Iterat	UnIterat	NoRightmostPlacement	NotLeftConjunct	PersonFirst	PersonSecond	PersonThird	PersonZero	Active	VoiceSya	Passive	VerbIntransitive	VerbIntransitiveSpecial	VerbTransitive	VerbTransitiveSpecial	NotRightConjunct	NoSpecialCaseForm	Locative_u	Genitive_u	Plural_consonant	Genitive_Locative_u	GenitivePlural_Zero	NominativePlural_a	SpecialPlual	SpecialVocative	NoContrast	NormalCapitalization	PO_Prefixoid	Rus_Prefixoid	VPOL_Prefixoid	NE_Prefixoid	Eval_Prefixoid	Intern_Prefixoid	Reduced_Prefixoid	InternHy_Prefixoid	Letter_Prefixoid	BEZ_Prefixoid	BES_Prefixoid	BEZer_Prefixoid	V_Prefixoid	InternModEr_Prefixoid	RusHy_Prefixoid	NAI_Prefixoid	POL_Prefixoid	NI_Prefixoid	KOE_Prefixoid	Intern_ReducedPrefixoid	InternMod_Prefixoid	Chem_Prefixoid	ProperNamePrefixoid	Chemical_Possible	ParticipleFullForm	ParticipleShortForm	Plural	Singular	FiveAndMore	Three	Four	Two	SevenEight	AdjectiveFullForm	AdjectiveShortForm	AdjectiveShortFlectional	NounProperGeneral	NounProperSurNameFlective	NounProperTown	NounProperName	AdjectiveProper	NounProperPatronymic	NounProperNameDimin	AbbrProperGeneral	NounProperSurNameForeign	NormalNumberParadigm	FullRealization
27	60	нервная	нервная	284997	284995	Animate	Inanimate	Reflexive	FullReflexivity	NonReflexive	ImperfectiveReflexivity	NormalMorphForm	DefectOne	DefectTwo	Byt	DefectThree	DefectFour	GTAdjective	NotEllipted	VocalForm	NForm	NotControlled	ZeroTypeOfCoordination	NoCompositeness	DegreePositive	Adverb_Un_Hyphen	Adverb_With_Hyphen	DeclensionAdjectival	DeclensionNominal	DeclensionMixed	Indeclinable	Un_Comp_Suf	BiAspectual	MonoAspectual	Paired	FullSynthComparison	MOne	MTwo	MThree	NormalClassifyingCapitalization	Future	Past	Present	Adjective	ZeroDoubleConjunct	NotCommonChild	Nominative	RCDemonstrative	RCAttributive	RCPossessive	RCIndefinite	RCPersonal	RCInterrogative	RCNegative	RCReflexive	RCNoun	NoPlacement	Imperfective	Perfective	NotDefaultFiller	Feminine	NoLeftmostPlacement	Iterat	UnIterat	NoRightmostPlacement	NotLeftConjunct	PersonFirst	PersonSecond	PersonThird	PersonZero	Active	VoiceSya	Passive	VerbIntransitive	VerbIntransitiveSpecial	VerbTransitive	VerbTransitiveSpecial	NotRightConjunct	NoSpecialCaseForm	Locative_u	Genitive_u	Plural_consonant	Genitive_Locative_u	GenitivePlural_Zero	NominativePlural_a	SpecialPlual	SpecialVocative	NoContrast	NormalCapitalization	PO_Prefixoid	Rus_Prefixoid	VPOL_Prefixoid	NE_Prefixoid	Eval_Prefixoid	Intern_Prefixoid	Reduced_Prefixoid	InternHy_Prefixoid	Letter_Prefixoid	BEZ_Prefixoid	BES_Prefixoid	BEZer_Prefixoid	V_Prefixoid	InternModEr_Prefixoid	RusHy_Prefixoid	NAI_Prefixoid	POL_Prefixoid	NI_Prefixoid	KOE_Prefixoid	Intern_ReducedPrefixoid	InternMod_Prefixoid	Chem_Prefixoid	ProperNamePrefixoid	Chemical_Possible	ParticipleFullForm	ParticipleShortForm	Singular	FiveAndMore	Three	Four	Two	SevenEight	AdjectiveFullForm	NounProperGeneral	NounProperSurNameFlective	NounProperTown	NounProperName	AdjectiveProper	NounProperPatronymic	NounProperNameDimin	AbbrProperGeneral	NounProperSurNameForeign	NormalNumberParadigm	FullRealization
27	68	система	система	284995	284989	Inanimate	Reflexive	FullReflexivity	NonReflexive	ImperfectiveReflexivity	NormalMorphForm	DefectOne	DefectTwo	Byt	DefectThree	DefectFour	GTNoun	NotEllipted	VocalForm	NForm	NotControlled	ZeroTypeOfCoordination	NoCompositeness	DegreeComparative	DegreePositive	DegreeSuperlative	Adverb_Un_Hyphen	Adverb_With_Hyphen	DeclensionNominal	Un_Comp_Suf	BiAspectual	MonoAspectual	Paired	FullSynthComparison	NoSynthComparative	NoSynthSuperlative	OnlySuperlative	MOne	MTwo	MThree	NormalClassifyingCapitalization	Future	Past	Present	Noun	ZeroDoubleConjunct	NotCommonChild	Nominative	RCDemonstrative	RCAttributive	RCPossessive	RCIndefinite	RCPersonal	RCInterrogative	RCNegative	RCReflexive	RCNoun	NoPlacement	Imperfective	Perfective	NotDefaultFiller	Feminine	NoLeftmostPlacement	Iterat	UnIterat	NoRightmostPlacement	NotLeftConjunct	PersonFirst	PersonSecond	PersonThird	PersonZero	Active	VoiceSya	Passive	VerbIntransitive	VerbIntransitiveSpecial	VerbTransitive	VerbTransitiveSpecial	NotRightConjunct	NoSpecialCaseForm	NoContrast	NormalCapitalization	PO_Prefixoid	Rus_Prefixoid	VPOL_Prefixoid	NE_Prefixoid	Eval_Prefixoid	Intern_Prefixoid	Reduced_Prefixoid	InternHy_Prefixoid	Letter_Prefixoid	BEZ_Prefixoid	BES_Prefixoid	BEZer_Prefixoid	V_Prefixoid	InternModEr_Prefixoid	RusHy_Prefixoid	NAI_Prefixoid	POL_Prefixoid	NI_Prefixoid	KOE_Prefixoid	Intern_ReducedPrefixoid	InternMod_Prefixoid	Chem_Prefixoid	ProperNamePrefixoid	Chemical_Possible	ParticipleFullForm	ParticipleShortForm	Singular	FiveAndMore	Three	Four	Two	SevenEight	AdjectiveFullForm	AdjectiveShortForm	AdjectiveShortFlectional	NounProperGeneral	NounProperSurNameFlective	NounProperTown	NounProperName	AdjectiveProper	NounProperPatronymic	NounProperNameDimin	AbbrProperGeneral	NounProperSurNameForeign	NormalNumberParadigm	FullRealization
27	77	и	и	284999	284998	Animate	Inanimate	Reflexive	FullReflexivity	NonReflexive	ImperfectiveReflexivity	NormalMorphForm	DefectOne	DefectTwo	Byt	DefectThree	DefectFour	GTInvariable	NotEllipted	VocalForm	NForm	NotControlled	ZeroTypeOfCoordination	Composite_ski	Composite_iko	Composite_sko	NoCompositeness	Composite_o	Composite_e	Composite_usek	Composite_null	Composite_Numeral	Composite_cko	Composite_cki	Composite_ComplexNumeral	Composite_NumeralFull	Composite_NumeralShort	DegreeComparative	DegreePositive	DegreeSuperlative	Adverb_Un_Hyphen	Adverb_With_Hyphen	DeclensionAdjectival	DeclensionNominal	DeclensionMixed	Indeclinable	Comp_Suffixoid	Un_Comp_Suf	Comp_Suffixoid_Num_OJ	Comp_Suffixoid_Num_YJ	Comp_Suffixoid_Num_IJ	Comp_Suffixoid_Num_J	Comp_PunctuatorPost	Comp_PunctuatorPref	Comp_PunctuatorPostSeparable	Comp_PunctuatorPrefSeparable	Comp_Prefixoid	Comp_Suffixoid_Num_PercentYJ	Comp_Noun	Comp_Suffixoid_Chem	Comp_Adj	Comp_SuffixoidAbbr	BiAspectual	MonoAspectual	Paired	FullSynthComparison	NoSynthComparative	NoSynthSuperlative	OnlySuperlative	MOne	MTwo	MThree	NormalClassifyingCapitalization	Future	Past	Present	Conjunction	Particle	ZeroDoubleConjunct	NotCommonChild	Accusative	Dative	Genitive	Instrumental	Locative	Nominative	Partitive	Prepositional	DativeSpecial	ZeroCase	Vocative	RCDemonstrative	RCAttributive	RCPossessive	RCIndefinite	RCPersonal	RCInterrogative	RCNegative	RCReflexive	RCNoun	NoPlacement	Imperfective	Perfective	NotDefaultFiller	Feminine	Masculine	Neuter	Common	NoLeftmostPlacement	Iterat	UnIterat	NoRightmostPlacement	NotLeftConjunct	PersonFirst	PersonSecond	PersonThird	PersonZero	Active	VoiceSya	Passive	VerbIntransitive	VerbIntransitiveSpecial	VerbTransitive	VerbTransitiveSpecial	NotRightConjunct	NoSpecialCaseForm	Locative_u	Genitive_u	Plural_consonant	Genitive_Locative_u	GenitivePlural_Zero	NominativePlural_a	SpecialPlual	SpecialVocative	NoContrast	NormalCapitalization	PO_Prefixoid	Rus_Prefixoid	VPOL_Prefixoid	NE_Prefixoid	Eval_Prefixoid	Intern_Prefixoid	Reduced_Prefixoid	InternHy_Prefixoid	Letter_Prefixoid	BEZ_Prefixoid	BES_Prefixoid	BEZer_Prefixoid	V_Prefixoid	InternModEr_Prefixoid	RusHy_Prefixoid	NAI_Prefixoid	POL_Prefixoid	NI_Prefixoid	KOE_Prefixoid	Intern_ReducedPrefixoid	InternMod_Prefixoid	Chem_Prefixoid	ProperNamePrefixoid	Chemical_Possible	ParticipleFullForm	ParticipleShortForm	Plural	Singular	FiveAndMore	Three	Four	Two	SevenEight	AdjectiveFullForm	AdjectiveShortForm	AdjectiveShortFlectional	NounProperGeneral	NounProperSurNameFlective	NounProperTown	NounProperName	AdjectiveProper	NounProperPatronymic	NounProperNameDimin	AbbrProperGeneral	NounProperSurNameForeign	NormalNumberParadigm	FullRealization
27	79	на	на	285001	285000	Animate	Inanimate	Reflexive	FullReflexivity	NonReflexive	ImperfectiveReflexivity	NormalMorphForm	DefectOne	DefectTwo	Byt	DefectThree	DefectFour	GTInvariable	NotEllipted	VocalForm	NForm	NotControlled	ZeroTypeOfCoordination	Composite_ski	Composite_iko	Composite_sko	NoCompositeness	Composite_o	Composite_e	Composite_usek	Composite_null	Composite_Numeral	Composite_cko	Composite_cki	Composite_ComplexNumeral	Composite_NumeralFull	Composite_NumeralShort	DegreeComparative	DegreePositive	DegreeSuperlative	Adverb_Un_Hyphen	Adverb_With_Hyphen	DeclensionAdjectival	DeclensionNominal	DeclensionMixed	Indeclinable	Comp_Suffixoid	Un_Comp_Suf	Comp_Suffixoid_Num_OJ	Comp_Suffixoid_Num_YJ	Comp_Suffixoid_Num_IJ	Comp_Suffixoid_Num_J	Comp_PunctuatorPost	Comp_PunctuatorPref	Comp_PunctuatorPostSeparable	Comp_PunctuatorPrefSeparable	Comp_Prefixoid	Comp_Suffixoid_Num_PercentYJ	Comp_Noun	Comp_Suffixoid_Chem	Comp_Adj	Comp_SuffixoidAbbr	BiAspectual	MonoAspectual	Paired	FullSynthComparison	NoSynthComparative	NoSynthSuperlative	OnlySuperlative	MOne	MTwo	MThree	NormalClassifyingCapitalization	Future	Past	Present	Preposition	ZeroDoubleConjunct	NotCommonChild	Accusative	Dative	Genitive	Instrumental	Locative	Nominative	Partitive	Prepositional	DativeSpecial	ZeroCase	Vocative	RCDemonstrative	RCAttributive	RCPossessive	RCIndefinite	RCPersonal	RCInterrogative	RCNegative	RCReflexive	RCNoun	NoPlacement	Imperfective	Perfective	NotDefaultFiller	Feminine	Masculine	Neuter	Common	NoLeftmostPlacement	Iterat	UnIterat	NoRightmostPlacement	NotLeftConjunct	PersonFirst	PersonSecond	PersonThird	PersonZero	Active	VoiceSya	Passive	VerbIntransitive	VerbIntransitiveSpecial	VerbTransitive	VerbTransitiveSpecial	NotRightConjunct	NoSpecialCaseForm	Locative_u	Genitive_u	Plural_consonant	Genitive_Locative_u	GenitivePlural_Zero	NominativePlural_a	SpecialPlual	SpecialVocative	NoContrast	NormalCapitalization	PO_Prefixoid	Rus_Prefixoid	VPOL_Prefixoid	NE_Prefixoid	Eval_Prefixoid	Intern_Prefixoid	Reduced_Prefixoid	InternHy_Prefixoid	Letter_Prefixoid	BEZ_Prefixoid	BES_Prefixoid	BEZer_Prefixoid	V_Prefixoid	InternModEr_Prefixoid	RusHy_Prefixoid	NAI_Prefixoid	POL_Prefixoid	NI_Prefixoid	KOE_Prefixoid	Intern_ReducedPrefixoid	InternMod_Prefixoid	Chem_Prefixoid	ProperNamePrefixoid	Chemical_Possible	ParticipleFullForm	ParticipleShortForm	Plural	Singular	FiveAndMore	Three	Four	Two	SevenEight	AdjectiveFullForm	AdjectiveShortForm	AdjectiveShortFlectional	NounProperGeneral	NounProperSurNameFlective	NounProperTown	NounProperName	AdjectiveProper	NounProperPatronymic	NounProperNameDimin	AbbrProperGeneral	NounProperSurNameForeign	NormalNumberParadigm	FullRealization
27	82	третьем	третьем	285002	285000	Animate	Inanimate	Inanimate	Reflexive	FullReflexivity	NonReflexive	ImperfectiveReflexivity	Reflexive	FullReflexivity	NonReflexive	ImperfectiveReflexivity	NormalMorphForm	NormalMorphForm	DefectOne	DefectTwo	Byt	DefectThree	DefectFour	DefectOne	DefectTwo	Byt	DefectThree	DefectFour	GTAdjectiveAttributive	GTNoun	NotEllipted	NotEllipted	VocalForm	NForm	VocalForm	NForm	NotControlled	NotControlled	ZeroTypeOfCoordination	ZeroTypeOfCoordination	Composite_ski	Composite_iko	Composite_sko	NoCompositeness	Composite_o	Composite_e	Composite_usek	Composite_null	Composite_Numeral	Composite_cko	Composite_cki	Composite_ComplexNumeral	Composite_NumeralFull	Composite_NumeralShort	NoCompositeness	DegreeComparative	DegreePositive	DegreeSuperlative	DegreeComparative	DegreePositive	DegreeSuperlative	Adverb_Un_Hyphen	Adverb_With_Hyphen	Adverb_Un_Hyphen	Adverb_With_Hyphen	DeclensionAdjectival	DeclensionNominal	DeclensionMixed	Indeclinable	DeclensionNominal	Comp_Suffixoid	Un_Comp_Suf	Comp_Suffixoid_Num_OJ	Comp_Suffixoid_Num_YJ	Comp_Suffixoid_Num_IJ	Comp_Suffixoid_Num_J	Comp_PunctuatorPost	Comp_PunctuatorPref	Comp_PunctuatorPostSeparable	Comp_PunctuatorPrefSeparable	Comp_Prefixoid	Comp_Suffixoid_Num_PercentYJ	Comp_Noun	Comp_Suffixoid_Chem	Comp_Adj	Comp_SuffixoidAbbr	Un_Comp_Suf	BiAspectual	MonoAspectual	Paired	BiAspectual	MonoAspectual	Paired	FullSynthComparison	NoSynthComparative	NoSynthSuperlative	OnlySuperlative	FullSynthComparison	NoSynthComparative	NoSynthSuperlative	OnlySuperlative	MOne	MTwo	MThree	MOne	MTwo	MThree	NormalClassifyingCapitalization	NormalClassifyingCapitalization	Future	Past	Present	Future	Past	Present	Numeral	Noun	ZeroDoubleConjunct	ZeroDoubleConjunct	NotCommonChild	NotCommonChild	Locative	Prepositional	Locative	Prepositional	RCDemonstrative	RCAttributive	RCPossessive	RCIndefinite	RCPersonal	RCInterrogative	RCNegative	RCReflexive	RCNoun	RCDemonstrative	RCAttributive	RCPossessive	RCIndefinite	RCPersonal	RCInterrogative	RCNegative	RCReflexive	RCNoun	NoPlacement	NoPlacement	Imperfective	Perfective	Imperfective	Perfective	NotDefaultFiller	NotDefaultFiller	Masculine	Neuter	Neuter	NoLeftmostPlacement	NoLeftmostPlacement	Iterat	UnIterat	Iterat	UnIterat	NoRightmostPlacement	NoRightmostPlacement	NotLeftConjunct	NotLeftConjunct	PersonFirst	PersonSecond	PersonThird	PersonZero	PersonFirst	PersonSecond	PersonThird	PersonZero	Active	VoiceSya	Passive	Active	VoiceSya	Passive	VerbIntransitive	VerbIntransitiveSpecial	VerbTransitive	VerbTransitiveSpecial	VerbIntransitive	VerbIntransitiveSpecial	VerbTransitive	VerbTransitiveSpecial	NotRightConjunct	NotRightConjunct	NoSpecialCaseForm	Locative_u	Genitive_u	Plural_consonant	Genitive_Locative_u	GenitivePlural_Zero	NominativePlural_a	SpecialPlual	SpecialVocative	NoSpecialCaseForm	NoContrast	NoContrast	NormalCapitalization	NormalCapitalization	PO_Prefixoid	Rus_Prefixoid	VPOL_Prefixoid	NE_Prefixoid	Eval_Prefixoid	Intern_Prefixoid	Reduced_Prefixoid	InternHy_Prefixoid	Letter_Prefixoid	BEZ_Prefixoid	BES_Prefixoid	BEZer_Prefixoid	V_Prefixoid	InternModEr_Prefixoid	RusHy_Prefixoid	NAI_Prefixoid	POL_Prefixoid	NI_Prefixoid	KOE_Prefixoid	Intern_ReducedPrefixoid	InternMod_Prefixoid	Chem_Prefixoid	ProperNamePrefixoid	Chemical_Possible	PO_Prefixoid	Rus_Prefixoid	VPOL_Prefixoid	NE_Prefixoid	Eval_Prefixoid	Intern_Prefixoid	Reduced_Prefixoid	InternHy_Prefixoid	Letter_Prefixoid	BEZ_Prefixoid	BES_Prefixoid	BEZer_Prefixoid	V_Prefixoid	InternModEr_Prefixoid	RusHy_Prefixoid	NAI_Prefixoid	POL_Prefixoid	NI_Prefixoid	KOE_Prefixoid	Intern_ReducedPrefixoid	InternMod_Prefixoid	Chem_Prefixoid	ProperNamePrefixoid	Chemical_Possible	ParticipleFullForm	ParticipleShortForm	ParticipleFullForm	ParticipleShortForm	Singular	Singular	FiveAndMore	Three	Four	Two	SevenEight	FiveAndMore	Three	Four	Two	SevenEight	AdjectiveFullForm	AdjectiveShortForm	AdjectiveShortFlectional	AdjectiveFullForm	AdjectiveShortForm	AdjectiveShortFlectional	NounProperGeneral	NounProperSurNameFlective	NounProperTown	NounProperName	AdjectiveProper	NounProperPatronymic	NounProperNameDimin	AbbrProperGeneral	NounProperSurNameForeign	NounProperGeneral	NounProperSurNameFlective	NounProperTown	NounProperName	AdjectiveProper	NounProperPatronymic	NounProperNameDimin	AbbrProperGeneral	NounProperSurNameForeign	NormalNumberParadigm	SingulariaTantum	FullRealization	FullRealization
27	90	курсе	курсе	285000	284998	Inanimate	Reflexive	FullReflexivity	NonReflexive	ImperfectiveReflexivity	NormalMorphForm	DefectOne	DefectTwo	Byt	DefectThree	DefectFour	GTNoun	NotEllipted	VocalForm	NForm	NotControlled	ZeroTypeOfCoordination	NoCompositeness	DegreeComparative	DegreePositive	DegreeSuperlative	Adverb_Un_Hyphen	Adverb_With_Hyphen	DeclensionNominal	Un_Comp_Suf	BiAspectual	MonoAspectual	Paired	FullSynthComparison	NoSynthComparative	NoSynthSuperlative	OnlySuperlative	MOne	MTwo	MThree	NormalClassifyingCapitalization	Future	Past	Present	Noun	ZeroDoubleConjunct	NotCommonChild	Locative	Prepositional	RCDemonstrative	RCAttributive	RCPossessive	RCIndefinite	RCPersonal	RCInterrogative	RCNegative	RCReflexive	RCNoun	NoPlacement	Imperfective	Perfective	NotDefaultFiller	Masculine	NoLeftmostPlacement	Iterat	UnIterat	NoRightmostPlacement	NotLeftConjunct	PersonFirst	PersonSecond	PersonThird	PersonZero	Active	VoiceSya	Passive	VerbIntransitive	VerbIntransitiveSpecial	VerbTransitive	VerbTransitiveSpecial	NotRightConjunct	NoSpecialCaseForm	NoContrast	NormalCapitalization	PO_Prefixoid	Rus_Prefixoid	VPOL_Prefixoid	NE_Prefixoid	Eval_Prefixoid	Intern_Prefixoid	Reduced_Prefixoid	InternHy_Prefixoid	Letter_Prefixoid	BEZ_Prefixoid	BES_Prefixoid	BEZer_Prefixoid	V_Prefixoid	InternModEr_Prefixoid	RusHy_Prefixoid	NAI_Prefixoid	POL_Prefixoid	NI_Prefixoid	KOE_Prefixoid	Intern_ReducedPrefixoid	InternMod_Prefixoid	Chem_Prefixoid	ProperNamePrefixoid	Chemical_Possible	ParticipleFullForm	ParticipleShortForm	Singular	FiveAndMore	Three	Four	Two	SevenEight	AdjectiveFullForm	AdjectiveShortForm	AdjectiveShortFlectional	NounProperGeneral	NounProperSurNameFlective	NounProperTown	NounProperName	AdjectiveProper	NounProperPatronymic	NounProperNameDimin	AbbrProperGeneral	NounProperSurNameForeign	NormalNumberParadigm	FullRealization
27	96	она	она	285003	284998	Animate	Inanimate	Reflexive	FullReflexivity	NonReflexive	ImperfectiveReflexivity	NormalMorphForm	DefectOne	DefectTwo	Byt	DefectThree	DefectFour	GTNoun	NotEllipted	VocalForm	NForm	NotControlled	ZeroTypeOfCoordination	Composite_ski	Composite_iko	Composite_sko	NoCompositeness	Composite_o	Composite_e	Composite_usek	Composite_null	Composite_Numeral	Composite_cko	Composite_cki	Composite_ComplexNumeral	Composite_NumeralFull	Composite_NumeralShort	DegreeComparative	DegreePositive	DegreeSuperlative	Adverb_Un_Hyphen	Adverb_With_Hyphen	DeclensionAdjectival	DeclensionNominal	DeclensionMixed	Indeclinable	Comp_Suffixoid	Un_Comp_Suf	Comp_Suffixoid_Num_OJ	Comp_Suffixoid_Num_YJ	Comp_Suffixoid_Num_IJ	Comp_Suffixoid_Num_J	Comp_PunctuatorPost	Comp_PunctuatorPref	Comp_PunctuatorPostSeparable	Comp_PunctuatorPrefSeparable	Comp_Prefixoid	Comp_Suffixoid_Num_PercentYJ	Comp_Noun	Comp_Suffixoid_Chem	Comp_Adj	Comp_SuffixoidAbbr	BiAspectual	MonoAspectual	Paired	FullSynthComparison	NoSynthComparative	NoSynthSuperlative	OnlySuperlative	MOne	MTwo	MThree	NormalClassifyingCapitalization	Future	Past	Present	Pronoun	ZeroDoubleConjunct	NotCommonChild	Nominative	RCPersonal	NoPlacement	Imperfective	Perfective	NotDefaultFiller	Feminine	NoLeftmostPlacement	Iterat	UnIterat	NoRightmostPlacement	NotLeftConjunct	PersonThird	Active	VoiceSya	Passive	VerbIntransitive	VerbIntransitiveSpecial	VerbTransitive	VerbTransitiveSpecial	NotRightConjunct	NoSpecialCaseForm	Locative_u	Genitive_u	Plural_consonant	Genitive_Locative_u	GenitivePlural_Zero	NominativePlural_a	SpecialPlual	SpecialVocative	NoContrast	NormalCapitalization	PO_Prefixoid	Rus_Prefixoid	VPOL_Prefixoid	NE_Prefixoid	Eval_Prefixoid	Intern_Prefixoid	Reduced_Prefixoid	InternHy_Prefixoid	Letter_Prefixoid	BEZ_Prefixoid	BES_Prefixoid	BEZer_Prefixoid	V_Prefixoid	InternModEr_Prefixoid	RusHy_Prefixoid	NAI_Prefixoid	POL_Prefixoid	NI_Prefixoid	KOE_Prefixoid	Intern_ReducedPrefixoid	InternMod_Prefixoid	Chem_Prefixoid	ProperNamePrefixoid	Chemical_Possible	ParticipleFullForm	ParticipleShortForm	Singular	FiveAndMore	Three	Four	Two	SevenEight	AdjectiveFullForm	AdjectiveShortForm	AdjectiveShortFlectional	NounProperGeneral	NounProperSurNameFlective	NounProperTown	NounProperName	AdjectiveProper	NounProperPatronymic	NounProperNameDimin	AbbrProperGeneral	NounProperSurNameForeign	NormalNumberParadigm	FullRealization
27	100	начала	начала	284998	284988	Inanimate	Animate	Inanimate	Reflexive	FullReflexivity	NonReflexive	ImperfectiveReflexivity	FullReflexivity	NormalMorphForm	NormalMorphForm	DefectOne	DefectTwo	Byt	DefectThree	DefectFour	DefectOne	DefectTwo	Byt	DefectThree	DefectFour	GTNoun	GTVerb	NotEllipted	NotEllipted	VocalForm	NForm	VocalForm	NForm	NotControlled	NotControlled	ZeroTypeOfCoordination	ZeroTypeOfCoordination	NoCompositeness	Composite_ski	Composite_iko	Composite_sko	NoCompositeness	Composite_o	Composite_e	Composite_usek	Composite_null	Composite_Numeral	Composite_cko	Composite_cki	Composite_ComplexNumeral	Composite_NumeralFull	Composite_NumeralShort	DegreeComparative	DegreePositive	DegreeSuperlative	DegreeComparative	DegreePositive	DegreeSuperlative	Adverb_Un_Hyphen	Adverb_With_Hyphen	Adverb_Un_Hyphen	Adverb_With_Hyphen	DeclensionNominal	DeclensionAdjectival	DeclensionNominal	DeclensionMixed	Indeclinable	Un_Comp_Suf	Comp_Suffixoid	Un_Comp_Suf	Comp_Suffixoid_Num_OJ	Comp_Suffixoid_Num_YJ	Comp_Suffixoid_Num_IJ	Comp_Suffixoid_Num_J	Comp_PunctuatorPost	Comp_PunctuatorPref	Comp_PunctuatorPostSeparable	Comp_PunctuatorPrefSeparable	Comp_Prefixoid	Comp_Suffixoid_Num_PercentYJ	Comp_Noun	Comp_Suffixoid_Chem	Comp_Adj	Comp_SuffixoidAbbr	BiAspectual	MonoAspectual	Paired	Paired	FullSynthComparison	NoSynthComparative	NoSynthSuperlative	OnlySuperlative	FullSynthComparison	NoSynthComparative	NoSynthSuperlative	OnlySuperlative	MOne	MTwo	MThree	MOne	MTwo	MThree	NormalClassifyingCapitalization	NormalClassifyingCapitalization	Future	Past	Present	Past	Noun	Verb	ZeroDoubleConjunct	ZeroDoubleConjunct	NotCommonChild	NotCommonChild	Accusative	Genitive	Nominative	Partitive	Accusative	Dative	Genitive	Instrumental	Locative	Nominative	Partitive	Prepositional	DativeSpecial	ZeroCase	Vocative	RCDemonstrative	RCAttributive	RCPossessive	RCIndefinite	RCPersonal	RCInterrogative	RCNegative	RCReflexive	RCNoun	RCDemonstrative	RCAttributive	RCPossessive	RCIndefinite	RCPersonal	RCInterrogative	RCNegative	RCReflexive	RCNoun	NoPlacement	NoPlacement	Imperfective	Perfective	Perfective	NotDefaultFiller	NotDefaultFiller	Neuter	Feminine	NoLeftmostPlacement	NoLeftmostPlacement	Iterat	UnIterat	UnIterat	NoRightmostPlacement	NoRightmostPlacement	NotLeftConjunct	NotLeftConjunct	PersonFirst	PersonSecond	PersonThird	PersonZero	PersonFirst	PersonSecond	PersonThird	PersonZero	Active	VoiceSya	Passive	Active	VerbIntransitive	VerbIntransitiveSpecial	VerbTransitive	VerbTransitiveSpecial	VerbTransitive	NotRightConjunct	NotRightConjunct	NominativePlural_a	NoSpecialCaseForm	Locative_u	Genitive_u	Plural_consonant	Genitive_Locative_u	GenitivePlural_Zero	NominativePlural_a	SpecialPlual	SpecialVocative	NoContrast	NoContrast	NormalCapitalization	NormalCapitalization	PO_Prefixoid	Rus_Prefixoid	VPOL_Prefixoid	NE_Prefixoid	Eval_Prefixoid	Intern_Prefixoid	Reduced_Prefixoid	InternHy_Prefixoid	Letter_Prefixoid	BEZ_Prefixoid	BES_Prefixoid	BEZer_Prefixoid	V_Prefixoid	InternModEr_Prefixoid	RusHy_Prefixoid	NAI_Prefixoid	POL_Prefixoid	NI_Prefixoid	KOE_Prefixoid	Intern_ReducedPrefixoid	InternMod_Prefixoid	Chem_Prefixoid	ProperNamePrefixoid	Chemical_Possible	PO_Prefixoid	Rus_Prefixoid	VPOL_Prefixoid	NE_Prefixoid	Eval_Prefixoid	Intern_Prefixoid	Reduced_Prefixoid	InternHy_Prefixoid	Letter_Prefixoid	BEZ_Prefixoid	BES_Prefixoid	BEZer_Prefixoid	V_Prefixoid	InternModEr_Prefixoid	RusHy_Prefixoid	NAI_Prefixoid	POL_Prefixoid	NI_Prefixoid	KOE_Prefixoid	Intern_ReducedPrefixoid	InternMod_Prefixoid	Chem_Prefixoid	ProperNamePrefixoid	Chemical_Possible	ParticipleFullForm	ParticipleShortForm	ParticipleFullForm	ParticipleShortForm	Plural	Singular	Singular	FiveAndMore	Three	Four	Two	SevenEight	FiveAndMore	Three	Four	Two	SevenEight	AdjectiveFullForm	AdjectiveShortForm	AdjectiveShortFlectional	AdjectiveFullForm	AdjectiveShortForm	AdjectiveShortFlectional	NounProperGeneral	NounProperSurNameFlective	NounProperTown	NounProperName	AdjectiveProper	NounProperPatronymic	NounProperNameDimin	AbbrProperGeneral	NounProperSurNameForeign	NounProperGeneral	NounProperSurNameFlective	NounProperTown	NounProperName	AdjectiveProper	NounProperPatronymic	NounProperNameDimin	AbbrProperGeneral	NounProperSurNameForeign	NormalNumberParadigm	NormalNumberParadigm	FullRealization	FullRealization
27	107	заниматься	заниматься	285004	284998	Animate	Inanimate	Animate	Inanimate	Reflexive	ImperfectiveReflexivity	NormalMorphForm	NormalMorphForm	DefectOne	DefectTwo	Byt	DefectThree	DefectFour	DefectOne	DefectTwo	Byt	DefectThree	DefectFour	GTInfinitive	GTInfinitive	NotEllipted	NotEllipted	VocalForm	NForm	VocalForm	NForm	NotControlled	NotControlled	ZeroTypeOfCoordination	ZeroTypeOfCoordination	Composite_ski	Composite_iko	Composite_sko	NoCompositeness	Composite_o	Composite_e	Composite_usek	Composite_null	Composite_Numeral	Composite_cko	Composite_cki	Composite_ComplexNumeral	Composite_NumeralFull	Composite_NumeralShort	Composite_ski	Composite_iko	Composite_sko	NoCompositeness	Composite_o	Composite_e	Composite_usek	Composite_null	Composite_Numeral	Composite_cko	Composite_cki	Composite_ComplexNumeral	Composite_NumeralFull	Composite_NumeralShort	DegreeComparative	DegreePositive	DegreeSuperlative	DegreeComparative	DegreePositive	DegreeSuperlative	Adverb_Un_Hyphen	Adverb_With_Hyphen	Adverb_Un_Hyphen	Adverb_With_Hyphen	DeclensionAdjectival	DeclensionNominal	DeclensionMixed	Indeclinable	DeclensionAdjectival	DeclensionNominal	DeclensionMixed	Indeclinable	Comp_Suffixoid	Un_Comp_Suf	Comp_Suffixoid_Num_OJ	Comp_Suffixoid_Num_YJ	Comp_Suffixoid_Num_IJ	Comp_Suffixoid_Num_J	Comp_PunctuatorPost	Comp_PunctuatorPref	Comp_PunctuatorPostSeparable	Comp_PunctuatorPrefSeparable	Comp_Prefixoid	Comp_Suffixoid_Num_PercentYJ	Comp_Noun	Comp_Suffixoid_Chem	Comp_Adj	Comp_SuffixoidAbbr	Comp_Suffixoid	Un_Comp_Suf	Comp_Suffixoid_Num_OJ	Comp_Suffixoid_Num_YJ	Comp_Suffixoid_Num_IJ	Comp_Suffixoid_Num_J	Comp_PunctuatorPost	Comp_PunctuatorPref	Comp_PunctuatorPostSeparable	Comp_PunctuatorPrefSeparable	Comp_Prefixoid	Comp_Suffixoid_Num_PercentYJ	Comp_Noun	Comp_Suffixoid_Chem	Comp_Adj	Comp_SuffixoidAbbr	Paired	Paired	FullSynthComparison	NoSynthComparative	NoSynthSuperlative	OnlySuperlative	FullSynthComparison	NoSynthComparative	NoSynthSuperlative	OnlySuperlative	MOne	MTwo	MThree	MOne	MTwo	MThree	NormalClassifyingCapitalization	NormalClassifyingCapitalization	Future	Past	Present	Future	Past	Present	Verb	Verb	ZeroDoubleConjunct	ZeroDoubleConjunct	NotCommonChild	NotCommonChild	Accusative	Dative	Genitive	Instrumental	Locative	Nominative	Partitive	Prepositional	DativeSpecial	ZeroCase	Vocative	Accusative	Dative	Genitive	Instrumental	Locative	Nominative	Partitive	Prepositional	DativeSpecial	ZeroCase	Vocative	RCDemonstrative	RCAttributive	RCPossessive	RCIndefinite	RCPersonal	RCInterrogative	RCNegative	RCReflexive	RCNoun	RCDemonstrative	RCAttributive	RCPossessive	RCIndefinite	RCPersonal	RCInterrogative	RCNegative	RCReflexive	RCNoun	NoPlacement	NoPlacement	Imperfective	Imperfective	NotDefaultFiller	NotDefaultFiller	Feminine	Masculine	Neuter	Common	Feminine	Masculine	Neuter	Common	NoLeftmostPlacement	NoLeftmostPlacement	UnIterat	UnIterat	NoRightmostPlacement	NoRightmostPlacement	NotLeftConjunct	NotLeftConjunct	PersonZero	PersonZero	VoiceSya	VoiceSya	VerbIntransitive	VerbTransitive	NotRightConjunct	NotRightConjunct	NoSpecialCaseForm	Locative_u	Genitive_u	Plural_consonant	Genitive_Locative_u	GenitivePlural_Zero	NominativePlural_a	SpecialPlual	SpecialVocative	NoSpecialCaseForm	Locative_u	Genitive_u	Plural_consonant	Genitive_Locative_u	GenitivePlural_Zero	NominativePlural_a	SpecialPlual	SpecialVocative	NoContrast	NoContrast	NormalCapitalization	NormalCapitalization	PO_Prefixoid	Rus_Prefixoid	VPOL_Prefixoid	NE_Prefixoid	Eval_Prefixoid	Intern_Prefixoid	Reduced_Prefixoid	InternHy_Prefixoid	Letter_Prefixoid	BEZ_Prefixoid	BES_Prefixoid	BEZer_Prefixoid	V_Prefixoid	InternModEr_Prefixoid	RusHy_Prefixoid	NAI_Prefixoid	POL_Prefixoid	NI_Prefixoid	KOE_Prefixoid	Intern_ReducedPrefixoid	InternMod_Prefixoid	Chem_Prefixoid	ProperNamePrefixoid	Chemical_Possible	PO_Prefixoid	Rus_Prefixoid	VPOL_Prefixoid	NE_Prefixoid	Eval_Prefixoid	Intern_Prefixoid	Reduced_Prefixoid	InternHy_Prefixoid	Letter_Prefixoid	BEZ_Prefixoid	BES_Prefixoid	BEZer_Prefixoid	V_Prefixoid	InternModEr_Prefixoid	RusHy_Prefixoid	NAI_Prefixoid	POL_Prefixoid	NI_Prefixoid	KOE_Prefixoid	Intern_ReducedPrefixoid	InternMod_Prefixoid	Chem_Prefixoid	ProperNamePrefixoid	Chemical_Possible	ParticipleFullForm	ParticipleShortForm	ParticipleFullForm	ParticipleShortForm	Plural	Singular	Plural	Singular	FiveAndMore	Three	Four	Two	SevenEight	FiveAndMore	Three	Four	Two	SevenEight	AdjectiveFullForm	AdjectiveShortForm	AdjectiveShortFlectional	AdjectiveFullForm	AdjectiveShortForm	AdjectiveShortFlectional	NounProperGeneral	NounProperSurNameFlective	NounProperTown	NounProperName	AdjectiveProper	NounProperPatronymic	NounProperNameDimin	AbbrProperGeneral	NounProperSurNameForeign	NounProperGeneral	NounProperSurNameFlective	NounProperTown	NounProperName	AdjectiveProper	NounProperPatronymic	NounProperNameDimin	AbbrProperGeneral	NounProperSurNameForeign	NormalNumberParadigm	NormalNumberParadigm	FullRealization	FullRealization
27	118	в	в	285006	285005	Animate	Inanimate	Inanimate	Reflexive	FullReflexivity	NonReflexive	ImperfectiveReflexivity	Reflexive	FullReflexivity	NonReflexive	ImperfectiveReflexivity	NormalMorphForm	NormalMorphForm	DefectOne	DefectTwo	Byt	DefectThree	DefectFour	DefectOne	DefectTwo	Byt	DefectThree	DefectFour	GTInvariable	GTNoun	NotEllipted	NotEllipted	VocalForm	NForm	VocalForm	NForm	NotControlled	NotControlled	ZeroTypeOfCoordination	ZeroTypeOfCoordination	Composite_ski	Composite_iko	Composite_sko	NoCompositeness	Composite_o	Composite_e	Composite_usek	Composite_null	Composite_Numeral	Composite_cko	Composite_cki	Composite_ComplexNumeral	Composite_NumeralFull	Composite_NumeralShort	NoCompositeness	DegreeComparative	DegreePositive	DegreeSuperlative	DegreeComparative	DegreePositive	DegreeSuperlative	Adverb_Un_Hyphen	Adverb_With_Hyphen	Adverb_Un_Hyphen	Adverb_With_Hyphen	DeclensionAdjectival	DeclensionNominal	DeclensionMixed	Indeclinable	Indeclinable	Comp_Suffixoid	Un_Comp_Suf	Comp_Suffixoid_Num_OJ	Comp_Suffixoid_Num_YJ	Comp_Suffixoid_Num_IJ	Comp_Suffixoid_Num_J	Comp_PunctuatorPost	Comp_PunctuatorPref	Comp_PunctuatorPostSeparable	Comp_PunctuatorPrefSeparable	Comp_Prefixoid	Comp_Suffixoid_Num_PercentYJ	Comp_Noun	Comp_Suffixoid_Chem	Comp_Adj	Comp_SuffixoidAbbr	Comp_PunctuatorPostSeparable	BiAspectual	MonoAspectual	Paired	BiAspectual	MonoAspectual	Paired	FullSynthComparison	NoSynthComparative	NoSynthSuperlative	OnlySuperlative	FullSynthComparison	NoSynthComparative	NoSynthSuperlative	OnlySuperlative	MOne	MTwo	MThree	MOne	MTwo	MThree	NormalClassifyingCapitalization	NormalClassifyingCapitalization	Future	Past	Present	Future	Past	Present	Preposition	Noun	ZeroDoubleConjunct	ZeroDoubleConjunct	NotCommonChild	NotCommonChild	Accusative	Dative	Genitive	Instrumental	Locative	Nominative	Partitive	Prepositional	DativeSpecial	ZeroCase	Vocative	Accusative	Dative	Genitive	Instrumental	Locative	Nominative	Partitive	Prepositional	RCDemonstrative	RCAttributive	RCPossessive	RCIndefinite	RCPersonal	RCInterrogative	RCNegative	RCReflexive	RCNoun	RCDemonstrative	RCAttributive	RCPossessive	RCIndefinite	RCPersonal	RCInterrogative	RCNegative	RCReflexive	RCNoun	NoPlacement	NoPlacement	Imperfective	Perfective	Imperfective	Perfective	NotDefaultFiller	NotDefaultFiller	Feminine	Masculine	Neuter	Common	Masculine	NoLeftmostPlacement	NoLeftmostPlacement	Iterat	UnIterat	Iterat	UnIterat	NoRightmostPlacement	NoRightmostPlacement	NotLeftConjunct	NotLeftConjunct	PersonFirst	PersonSecond	PersonThird	PersonZero	PersonFirst	PersonSecond	PersonThird	PersonZero	Active	VoiceSya	Passive	Active	VoiceSya	Passive	VerbIntransitive	VerbIntransitiveSpecial	VerbTransitive	VerbTransitiveSpecial	VerbIntransitive	VerbIntransitiveSpecial	VerbTransitive	VerbTransitiveSpecial	NotRightConjunct	NotRightConjunct	NoSpecialCaseForm	Locative_u	Genitive_u	Plural_consonant	Genitive_Locative_u	GenitivePlural_Zero	NominativePlural_a	SpecialPlual	SpecialVocative	NoSpecialCaseForm	Locative_u	Genitive_u	Plural_consonant	Genitive_Locative_u	GenitivePlural_Zero	NominativePlural_a	SpecialPlual	SpecialVocative	NoContrast	NoContrast	NormalCapitalization	NormalCapitalization	PO_Prefixoid	Rus_Prefixoid	VPOL_Prefixoid	NE_Prefixoid	Eval_Prefixoid	Intern_Prefixoid	Reduced_Prefixoid	InternHy_Prefixoid	Letter_Prefixoid	BEZ_Prefixoid	BES_Prefixoid	BEZer_Prefixoid	V_Prefixoid	InternModEr_Prefixoid	RusHy_Prefixoid	NAI_Prefixoid	POL_Prefixoid	NI_Prefixoid	KOE_Prefixoid	Intern_ReducedPrefixoid	InternMod_Prefixoid	Chem_Prefixoid	ProperNamePrefixoid	Chemical_Possible	PO_Prefixoid	Rus_Prefixoid	VPOL_Prefixoid	NE_Prefixoid	Eval_Prefixoid	Intern_Prefixoid	Reduced_Prefixoid	InternHy_Prefixoid	Letter_Prefixoid	BEZ_Prefixoid	BES_Prefixoid	BEZer_Prefixoid	V_Prefixoid	InternModEr_Prefixoid	RusHy_Prefixoid	NAI_Prefixoid	POL_Prefixoid	NI_Prefixoid	KOE_Prefixoid	Intern_ReducedPrefixoid	InternMod_Prefixoid	Chem_Prefixoid	ProperNamePrefixoid	Chemical_Possible	ParticipleFullForm	ParticipleShortForm	ParticipleFullForm	ParticipleShortForm	Plural	Singular	Plural	Singular	FiveAndMore	Three	Four	Two	SevenEight	FiveAndMore	Three	Four	Two	SevenEight	AdjectiveFullForm	AdjectiveShortForm	AdjectiveShortFlectional	AdjectiveFullForm	AdjectiveShortForm	AdjectiveShortFlectional	NounProperGeneral	NounProperSurNameFlective	NounProperTown	NounProperName	AdjectiveProper	NounProperPatronymic	NounProperNameDimin	AbbrProperGeneral	NounProperSurNameForeign	NounProperGeneral	NounProperSurNameFlective	NounProperTown	NounProperName	AdjectiveProper	NounProperPatronymic	NounProperNameDimin	AbbrProperGeneral	NounProperSurNameForeign	NormalNumberParadigm	NormalNumberParadigm	FullRealization	FullRealization
27	120	научном	научном	285007	285005	Animate	Inanimate	Reflexive	FullReflexivity	NonReflexive	ImperfectiveReflexivity	NormalMorphForm	DefectOne	DefectTwo	Byt	DefectThree	DefectFour	GTAdjective	NotEllipted	VocalForm	NForm	NotControlled	ZeroTypeOfCoordination	NoCompositeness	DegreePositive	Adverb_Un_Hyphen	Adverb_With_Hyphen	DeclensionAdjectival	DeclensionNominal	DeclensionMixed	Indeclinable	Un_Comp_Suf	BiAspectual	MonoAspectual	Paired	FullSynthComparison	MOne	MTwo	MThree	NormalClassifyingCapitalization	Future	Past	Present	Adjective	ZeroDoubleConjunct	NotCommonChild	Locative	Prepositional	RCDemonstrative	RCAttributive	RCPossessive	RCIndefinite	RCPersonal	RCInterrogative	RCNegative	RCReflexive	RCNoun	NoPlacement	Imperfective	Perfective	NotDefaultFiller	Masculine	Neuter	NoLeftmostPlacement	Iterat	UnIterat	NoRightmostPlacement	NotLeftConjunct	PersonFirst	PersonSecond	PersonThird	PersonZero	Active	VoiceSya	Passive	VerbIntransitive	VerbIntransitiveSpecial	VerbTransitive	VerbTransitiveSpecial	NotRightConjunct	NoSpecialCaseForm	Locative_u	Genitive_u	Plural_consonant	Genitive_Locative_u	GenitivePlural_Zero	NominativePlural_a	SpecialPlual	SpecialVocative	NoContrast	NormalCapitalization	PO_Prefixoid	Rus_Prefixoid	VPOL_Prefixoid	NE_Prefixoid	Eval_Prefixoid	Intern_Prefixoid	Reduced_Prefixoid	InternHy_Prefixoid	Letter_Prefixoid	BEZ_Prefixoid	BES_Prefixoid	BEZer_Prefixoid	V_Prefixoid	InternModEr_Prefixoid	RusHy_Prefixoid	NAI_Prefixoid	POL_Prefixoid	NI_Prefixoid	KOE_Prefixoid	Intern_ReducedPrefixoid	InternMod_Prefixoid	Chem_Prefixoid	ProperNamePrefixoid	Chemical_Possible	ParticipleFullForm	ParticipleShortForm	Singular	FiveAndMore	Three	Four	Two	SevenEight	AdjectiveFullForm	NounProperGeneral	NounProperSurNameFlective	NounProperTown	NounProperName	AdjectiveProper	NounProperPatronymic	NounProperNameDimin	AbbrProperGeneral	NounProperSurNameForeign	NormalNumberParadigm	FullRealization
27	128	кружке	кружке	285005	285004	Inanimate	Inanimate	Reflexive	FullReflexivity	NonReflexive	ImperfectiveReflexivity	Reflexive	FullReflexivity	NonReflexive	ImperfectiveReflexivity	NormalMorphForm	NormalMorphForm	DefectOne	DefectTwo	Byt	DefectThree	DefectFour	DefectOne	DefectTwo	Byt	DefectThree	DefectFour	GTNoun	GTNoun	NotEllipted	NotEllipted	VocalForm	NForm	VocalForm	NForm	NotControlled	NotControlled	ZeroTypeOfCoordination	ZeroTypeOfCoordination	NoCompositeness	NoCompositeness	DegreeComparative	DegreePositive	DegreeSuperlative	DegreeComparative	DegreePositive	DegreeSuperlative	Adverb_Un_Hyphen	Adverb_With_Hyphen	Adverb_Un_Hyphen	Adverb_With_Hyphen	DeclensionNominal	DeclensionNominal	Un_Comp_Suf	Un_Comp_Suf	BiAspectual	MonoAspectual	Paired	BiAspectual	MonoAspectual	Paired	FullSynthComparison	NoSynthComparative	NoSynthSuperlative	OnlySuperlative	FullSynthComparison	NoSynthComparative	NoSynthSuperlative	OnlySuperlative	MOne	MTwo	MThree	MOne	MTwo	MThree	NormalClassifyingCapitalization	NormalClassifyingCapitalization	Future	Past	Present	Future	Past	Present	Noun	Noun	ZeroDoubleConjunct	ZeroDoubleConjunct	NotCommonChild	NotCommonChild	Locative	Prepositional	Dative	Locative	Prepositional	RCDemonstrative	RCAttributive	RCPossessive	RCIndefinite	RCPersonal	RCInterrogative	RCNegative	RCReflexive	RCNoun	RCDemonstrative	RCAttributive	RCPossessive	RCIndefinite	RCPersonal	RCInterrogative	RCNegative	RCReflexive	RCNoun	NoPlacement	NoPlacement	Imperfective	Perfective	Imperfective	Perfective	NotDefaultFiller	NotDefaultFiller	Masculine	Feminine	NoLeftmostPlacement	NoLeftmostPlacement	Iterat	UnIterat	Iterat	UnIterat	NoRightmostPlacement	NoRightmostPlacement	NotLeftConjunct	NotLeftConjunct	PersonFirst	PersonSecond	PersonThird	PersonZero	PersonFirst	PersonSecond	PersonThird	PersonZero	Active	VoiceSya	Passive	Active	VoiceSya	Passive	VerbIntransitive	VerbIntransitiveSpecial	VerbTransitive	VerbTransitiveSpecial	VerbIntransitive	VerbIntransitiveSpecial	VerbTransitive	VerbTransitiveSpecial	NotRightConjunct	NotRightConjunct	NoSpecialCaseForm	NoSpecialCaseForm	NoContrast	NoContrast	NormalCapitalization	NormalCapitalization	PO_Prefixoid	Rus_Prefixoid	VPOL_Prefixoid	NE_Prefixoid	Eval_Prefixoid	Intern_Prefixoid	Reduced_Prefixoid	InternHy_Prefixoid	Letter_Prefixoid	BEZ_Prefixoid	BES_Prefixoid	BEZer_Prefixoid	V_Prefixoid	InternModEr_Prefixoid	RusHy_Prefixoid	NAI_Prefixoid	POL_Prefixoid	NI_Prefixoid	KOE_Prefixoid	Intern_ReducedPrefixoid	InternMod_Prefixoid	Chem_Prefixoid	ProperNamePrefixoid	Chemical_Possible	PO_Prefixoid	Rus_Prefixoid	VPOL_Prefixoid	NE_Prefixoid	Eval_Prefixoid	Intern_Prefixoid	Reduced_Prefixoid	InternHy_Prefixoid	Letter_Prefixoid	BEZ_Prefixoid	BES_Prefixoid	BEZer_Prefixoid	V_Prefixoid	InternModEr_Prefixoid	RusHy_Prefixoid	NAI_Prefixoid	POL_Prefixoid	NI_Prefixoid	KOE_Prefixoid	Intern_ReducedPrefixoid	InternMod_Prefixoid	Chem_Prefixoid	ProperNamePrefixoid	Chemical_Possible	ParticipleFullForm	ParticipleShortForm	ParticipleFullForm	ParticipleShortForm	Singular	Singular	FiveAndMore	Three	Four	Two	SevenEight	FiveAndMore	Three	Four	Two	SevenEight	AdjectiveFullForm	AdjectiveShortForm	AdjectiveShortFlectional	AdjectiveFullForm	AdjectiveShortForm	AdjectiveShortFlectional	NounProperGeneral	NounProperSurNameFlective	NounProperTown	NounProperName	AdjectiveProper	NounProperPatronymic	NounProperNameDimin	AbbrProperGeneral	NounProperSurNameForeign	NounProperGeneral	NounProperSurNameFlective	NounProperTown	NounProperName	AdjectiveProper	NounProperPatronymic	NounProperNameDimin	AbbrProperGeneral	NounProperSurNameForeign	NormalNumberParadigm	NormalNumberParadigm	FullRealization	FullRealization
27	135	по	по	285009	285008	Animate	Inanimate	Reflexive	FullReflexivity	NonReflexive	ImperfectiveReflexivity	NormalMorphForm	DefectOne	DefectTwo	Byt	DefectThree	DefectFour	GTInvariable	NotEllipted	VocalForm	NForm	NotControlled	ZeroTypeOfCoordination	Composite_ski	Composite_iko	Composite_sko	NoCompositeness	Composite_o	Composite_e	Composite_usek	Composite_null	Composite_Numeral	Composite_cko	Composite_cki	Composite_ComplexNumeral	Composite_NumeralFull	Composite_NumeralShort	DegreeComparative	DegreePositive	DegreeSuperlative	Adverb_Un_Hyphen	Adverb_With_Hyphen	DeclensionAdjectival	DeclensionNominal	DeclensionMixed	Indeclinable	Comp_Suffixoid	Un_Comp_Suf	Comp_Suffixoid_Num_OJ	Comp_Suffixoid_Num_YJ	Comp_Suffixoid_Num_IJ	Comp_Suffixoid_Num_J	Comp_PunctuatorPost	Comp_PunctuatorPref	Comp_PunctuatorPostSeparable	Comp_PunctuatorPrefSeparable	Comp_Prefixoid	Comp_Suffixoid_Num_PercentYJ	Comp_Noun	Comp_Suffixoid_Chem	Comp_Adj	Comp_SuffixoidAbbr	BiAspectual	MonoAspectual	Paired	FullSynthComparison	NoSynthComparative	NoSynthSuperlative	OnlySuperlative	MOne	MTwo	MThree	NormalClassifyingCapitalization	Future	Past	Present	Preposition	ZeroDoubleConjunct	NotCommonChild	Accusative	Dative	Genitive	Instrumental	Locative	Nominative	Partitive	Prepositional	DativeSpecial	ZeroCase	Vocative	RCDemonstrative	RCAttributive	RCPossessive	RCIndefinite	RCPersonal	RCInterrogative	RCNegative	RCReflexive	RCNoun	NoPlacement	Imperfective	Perfective	NotDefaultFiller	Feminine	Masculine	Neuter	Common	NoLeftmostPlacement	Iterat	UnIterat	NoRightmostPlacement	NotLeftConjunct	PersonFirst	PersonSecond	PersonThird	PersonZero	Active	VoiceSya	Passive	VerbIntransitive	VerbIntransitiveSpecial	VerbTransitive	VerbTransitiveSpecial	NotRightConjunct	NoSpecialCaseForm	Locative_u	Genitive_u	Plural_consonant	Genitive_Locative_u	GenitivePlural_Zero	NominativePlural_a	SpecialPlual	SpecialVocative	NoContrast	NormalCapitalization	PO_Prefixoid	Rus_Prefixoid	VPOL_Prefixoid	NE_Prefixoid	Eval_Prefixoid	Intern_Prefixoid	Reduced_Prefixoid	InternHy_Prefixoid	Letter_Prefixoid	BEZ_Prefixoid	BES_Prefixoid	BEZer_Prefixoid	V_Prefixoid	InternModEr_Prefixoid	RusHy_Prefixoid	NAI_Prefixoid	POL_Prefixoid	NI_Prefixoid	KOE_Prefixoid	Intern_ReducedPrefixoid	InternMod_Prefixoid	Chem_Prefixoid	ProperNamePrefixoid	Chemical_Possible	ParticipleFullForm	ParticipleShortForm	Plural	Singular	FiveAndMore	Three	Four	Two	SevenEight	AdjectiveFullForm	AdjectiveShortForm	AdjectiveShortFlectional	NounProperGeneral	NounProperSurNameFlective	NounProperTown	NounProperName	AdjectiveProper	NounProperPatronymic	NounProperNameDimin	AbbrProperGeneral	NounProperSurNameForeign	NormalNumberParadigm	FullRealization
27	138	неврологии	неврологии	285008	285005	Inanimate	Reflexive	FullReflexivity	NonReflexive	ImperfectiveReflexivity	NormalMorphForm	DefectOne	DefectTwo	Byt	DefectThree	DefectFour	GTNoun	NotEllipted	VocalForm	NForm	NotControlled	ZeroTypeOfCoordination	NoCompositeness	DegreeComparative	DegreePositive	DegreeSuperlative	Adverb_Un_Hyphen	Adverb_With_Hyphen	DeclensionNominal	Un_Comp_Suf	BiAspectual	MonoAspectual	Paired	FullSynthComparison	NoSynthComparative	NoSynthSuperlative	OnlySuperlative	MOne	MTwo	MThree	NormalClassifyingCapitalization	Future	Past	Present	Noun	ZeroDoubleConjunct	NotCommonChild	Accusative	Dative	Genitive	Locative	Nominative	Partitive	Prepositional	RCDemonstrative	RCAttributive	RCPossessive	RCIndefinite	RCPersonal	RCInterrogative	RCNegative	RCReflexive	RCNoun	NoPlacement	Imperfective	Perfective	NotDefaultFiller	Feminine	NoLeftmostPlacement	Iterat	UnIterat	NoRightmostPlacement	NotLeftConjunct	PersonFirst	PersonSecond	PersonThird	PersonZero	Active	VoiceSya	Passive	VerbIntransitive	VerbIntransitiveSpecial	VerbTransitive	VerbTransitiveSpecial	NotRightConjunct	NoSpecialCaseForm	NoContrast	NormalCapitalization	PO_Prefixoid	Rus_Prefixoid	VPOL_Prefixoid	NE_Prefixoid	Eval_Prefixoid	Intern_Prefixoid	Reduced_Prefixoid	InternHy_Prefixoid	Letter_Prefixoid	BEZ_Prefixoid	BES_Prefixoid	BEZer_Prefixoid	V_Prefixoid	InternModEr_Prefixoid	RusHy_Prefixoid	NAI_Prefixoid	POL_Prefixoid	NI_Prefixoid	KOE_Prefixoid	Intern_ReducedPrefixoid	InternMod_Prefixoid	Chem_Prefixoid	ProperNamePrefixoid	Chemical_Possible	ParticipleFullForm	ParticipleShortForm	Plural	Singular	FiveAndMore	Three	Four	Two	SevenEight	AdjectiveFullForm	AdjectiveShortForm	AdjectiveShortFlectional	NounProperGeneral	NounProperSurNameFlective	NounProperTown	NounProperName	AdjectiveProper	NounProperPatronymic	NounProperNameDimin	AbbrProperGeneral	NounProperSurNameForeign	NormalNumberParadigm	FullRealization
29	0	Тогда	Тогда	285014	285013	Animate	Inanimate	Animate	Inanimate	Reflexive	FullReflexivity	NonReflexive	ImperfectiveReflexivity	Reflexive	FullReflexivity	NonReflexive	ImperfectiveReflexivity	NormalMorphForm	NormalMorphForm	DefectOne	DefectTwo	Byt	DefectThree	DefectFour	DefectOne	DefectTwo	Byt	DefectThree	DefectFour	GTAdverb	GTInvariable	NotEllipted	NotEllipted	VocalForm	NForm	VocalForm	NForm	NotControlled	NotControlled	ZeroTypeOfCoordination	ZeroTypeOfCoordination	Composite_ski	Composite_iko	Composite_sko	NoCompositeness	Composite_o	Composite_e	Composite_usek	Composite_null	Composite_Numeral	Composite_cko	Composite_cki	Composite_ComplexNumeral	Composite_NumeralFull	Composite_NumeralShort	Composite_ski	Composite_iko	Composite_sko	NoCompositeness	Composite_o	Composite_e	Composite_usek	Composite_null	Composite_Numeral	Composite_cko	Composite_cki	Composite_ComplexNumeral	Composite_NumeralFull	Composite_NumeralShort	DegreePositive	DegreeComparative	DegreePositive	DegreeSuperlative	Adverb_Un_Hyphen	Adverb_Un_Hyphen	Adverb_With_Hyphen	DeclensionAdjectival	DeclensionNominal	DeclensionMixed	Indeclinable	DeclensionAdjectival	DeclensionNominal	DeclensionMixed	Indeclinable	Comp_Suffixoid	Un_Comp_Suf	Comp_Suffixoid_Num_OJ	Comp_Suffixoid_Num_YJ	Comp_Suffixoid_Num_IJ	Comp_Suffixoid_Num_J	Comp_PunctuatorPost	Comp_PunctuatorPref	Comp_PunctuatorPostSeparable	Comp_PunctuatorPrefSeparable	Comp_Prefixoid	Comp_Suffixoid_Num_PercentYJ	Comp_Noun	Comp_Suffixoid_Chem	Comp_Adj	Comp_SuffixoidAbbr	Comp_Suffixoid	Un_Comp_Suf	Comp_Suffixoid_Num_OJ	Comp_Suffixoid_Num_YJ	Comp_Suffixoid_Num_IJ	Comp_Suffixoid_Num_J	Comp_PunctuatorPost	Comp_PunctuatorPref	Comp_PunctuatorPostSeparable	Comp_PunctuatorPrefSeparable	Comp_Prefixoid	Comp_Suffixoid_Num_PercentYJ	Comp_Noun	Comp_Suffixoid_Chem	Comp_Adj	Comp_SuffixoidAbbr	BiAspectual	MonoAspectual	Paired	BiAspectual	MonoAspectual	Paired	NoSynthComparative	FullSynthComparison	NoSynthComparative	NoSynthSuperlative	OnlySuperlative	MOne	MTwo	MThree	MOne	MTwo	MThree	NormalClassifyingCapitalization	NormalClassifyingCapitalization	Future	Past	Present	Future	Past	Present	Adverb	Conjunction	ZeroDoubleConjunct	ZeroDoubleConjunct	NotCommonChild	NotCommonChild	Accusative	Dative	Genitive	Instrumental	Locative	Nominative	Partitive	Prepositional	DativeSpecial	ZeroCase	Vocative	Accusative	Dative	Genitive	Instrumental	Locative	Nominative	Partitive	Prepositional	DativeSpecial	ZeroCase	Vocative	RCDemonstrative	RCAttributive	RCPossessive	RCIndefinite	RCPersonal	RCInterrogative	RCNegative	RCReflexive	RCNoun	RCDemonstrative	RCAttributive	RCPossessive	RCIndefinite	RCPersonal	RCInterrogative	RCNegative	RCReflexive	RCNoun	NoPlacement	NoPlacement	Imperfective	Perfective	Imperfective	Perfective	NotDefaultFiller	NotDefaultFiller	Feminine	Masculine	Neuter	Common	Feminine	Masculine	Neuter	Common	NoLeftmostPlacement	NoLeftmostPlacement	Iterat	UnIterat	Iterat	UnIterat	NoRightmostPlacement	NoRightmostPlacement	NotLeftConjunct	NotLeftConjunct	PersonFirst	PersonSecond	PersonThird	PersonZero	PersonFirst	PersonSecond	PersonThird	PersonZero	Active	VoiceSya	Passive	Active	VoiceSya	Passive	VerbIntransitive	VerbIntransitiveSpecial	VerbTransitive	VerbTransitiveSpecial	VerbIntransitive	VerbIntransitiveSpecial	VerbTransitive	VerbTransitiveSpecial	NotRightConjunct	NotRightConjunct	NoSpecialCaseForm	Locative_u	Genitive_u	Plural_consonant	Genitive_Locative_u	GenitivePlural_Zero	NominativePlural_a	SpecialPlual	SpecialVocative	NoSpecialCaseForm	Locative_u	Genitive_u	Plural_consonant	Genitive_Locative_u	GenitivePlural_Zero	NominativePlural_a	SpecialPlual	SpecialVocative	NoContrast	NoContrast	NormalCapitalization	NormalCapitalization	PO_Prefixoid	Rus_Prefixoid	VPOL_Prefixoid	NE_Prefixoid	Eval_Prefixoid	Intern_Prefixoid	Reduced_Prefixoid	InternHy_Prefixoid	Letter_Prefixoid	BEZ_Prefixoid	BES_Prefixoid	BEZer_Prefixoid	V_Prefixoid	InternModEr_Prefixoid	RusHy_Prefixoid	NAI_Prefixoid	POL_Prefixoid	NI_Prefixoid	KOE_Prefixoid	Intern_ReducedPrefixoid	InternMod_Prefixoid	Chem_Prefixoid	ProperNamePrefixoid	Chemical_Possible	PO_Prefixoid	Rus_Prefixoid	VPOL_Prefixoid	NE_Prefixoid	Eval_Prefixoid	Intern_Prefixoid	Reduced_Prefixoid	InternHy_Prefixoid	Letter_Prefixoid	BEZ_Prefixoid	BES_Prefixoid	BEZer_Prefixoid	V_Prefixoid	InternModEr_Prefixoid	RusHy_Prefixoid	NAI_Prefixoid	POL_Prefixoid	NI_Prefixoid	KOE_Prefixoid	Intern_ReducedPrefixoid	InternMod_Prefixoid	Chem_Prefixoid	ProperNamePrefixoid	Chemical_Possible	ParticipleFullForm	ParticipleShortForm	ParticipleFullForm	ParticipleShortForm	Plural	Singular	Plural	Singular	FiveAndMore	Three	Four	Two	SevenEight	FiveAndMore	Three	Four	Two	SevenEight	AdjectiveFullForm	AdjectiveShortForm	AdjectiveShortFlectional	AdjectiveFullForm	AdjectiveShortForm	AdjectiveShortFlectional	NounProperGeneral	NounProperSurNameFlective	NounProperTown	NounProperName	AdjectiveProper	NounProperPatronymic	NounProperNameDimin	AbbrProperGeneral	NounProperSurNameForeign	NounProperGeneral	NounProperSurNameFlective	NounProperTown	NounProperName	AdjectiveProper	NounProperPatronymic	NounProperNameDimin	AbbrProperGeneral	NounProperSurNameForeign	NormalNumberParadigm	NormalNumberParadigm	FullRealization	FullRealization
29	6	же	же	285015	285014	Animate	Inanimate	Reflexive	FullReflexivity	NonReflexive	ImperfectiveReflexivity	NormalMorphForm	DefectOne	DefectTwo	Byt	DefectThree	DefectFour	GTInvariable	NotEllipted	VocalForm	NForm	NotControlled	ZeroTypeOfCoordination	Composite_ski	Composite_iko	Composite_sko	NoCompositeness	Composite_o	Composite_e	Composite_usek	Composite_null	Composite_Numeral	Composite_cko	Composite_cki	Composite_ComplexNumeral	Composite_NumeralFull	Composite_NumeralShort	DegreeComparative	DegreePositive	DegreeSuperlative	Adverb_Un_Hyphen	Adverb_With_Hyphen	DeclensionAdjectival	DeclensionNominal	DeclensionMixed	Indeclinable	Comp_Suffixoid	Un_Comp_Suf	Comp_Suffixoid_Num_OJ	Comp_Suffixoid_Num_YJ	Comp_Suffixoid_Num_IJ	Comp_Suffixoid_Num_J	Comp_PunctuatorPost	Comp_PunctuatorPref	Comp_PunctuatorPostSeparable	Comp_PunctuatorPrefSeparable	Comp_Prefixoid	Comp_Suffixoid_Num_PercentYJ	Comp_Noun	Comp_Suffixoid_Chem	Comp_Adj	Comp_SuffixoidAbbr	BiAspectual	MonoAspectual	Paired	FullSynthComparison	NoSynthComparative	NoSynthSuperlative	OnlySuperlative	MOne	MTwo	MThree	NormalClassifyingCapitalization	Future	Past	Present	Particle	ZeroDoubleConjunct	NotCommonChild	Accusative	Dative	Genitive	Instrumental	Locative	Nominative	Partitive	Prepositional	DativeSpecial	ZeroCase	Vocative	RCDemonstrative	RCAttributive	RCPossessive	RCIndefinite	RCPersonal	RCInterrogative	RCNegative	RCReflexive	RCNoun	NoPlacement	Imperfective	Perfective	NotDefaultFiller	Feminine	Masculine	Neuter	Common	NoLeftmostPlacement	Iterat	UnIterat	NoRightmostPlacement	NotLeftConjunct	PersonFirst	PersonSecond	PersonThird	PersonZero	Active	VoiceSya	Passive	VerbIntransitive	VerbIntransitiveSpecial	VerbTransitive	VerbTransitiveSpecial	NotRightConjunct	NoSpecialCaseForm	Locative_u	Genitive_u	Plural_consonant	Genitive_Locative_u	GenitivePlural_Zero	NominativePlural_a	SpecialPlual	SpecialVocative	NoContrast	NormalCapitalization	PO_Prefixoid	Rus_Prefixoid	VPOL_Prefixoid	NE_Prefixoid	Eval_Prefixoid	Intern_Prefixoid	Reduced_Prefixoid	InternHy_Prefixoid	Letter_Prefixoid	BEZ_Prefixoid	BES_Prefixoid	BEZer_Prefixoid	V_Prefixoid	InternModEr_Prefixoid	RusHy_Prefixoid	NAI_Prefixoid	POL_Prefixoid	NI_Prefixoid	KOE_Prefixoid	Intern_ReducedPrefixoid	InternMod_Prefixoid	Chem_Prefixoid	ProperNamePrefixoid	Chemical_Possible	ParticipleFullForm	ParticipleShortForm	Plural	Singular	FiveAndMore	Three	Four	Two	SevenEight	AdjectiveFullForm	AdjectiveShortForm	AdjectiveShortFlectional	NounProperGeneral	NounProperSurNameFlective	NounProperTown	NounProperName	AdjectiveProper	NounProperPatronymic	NounProperNameDimin	AbbrProperGeneral	NounProperSurNameForeign	NormalNumberParadigm	FullRealization
29	9	у	у	285017	285016	Animate	Inanimate	Reflexive	FullReflexivity	NonReflexive	ImperfectiveReflexivity	NormalMorphForm	NormalMorphForm	DefectOne	DefectTwo	Byt	DefectThree	DefectFour	GTInvariable	NotEllipted	NotEllipted	VocalForm	NForm	NotControlled	NotControlled	ZeroTypeOfCoordination	ZeroTypeOfCoordination	Composite_ski	Composite_iko	Composite_sko	NoCompositeness	Composite_o	Composite_e	Composite_usek	Composite_null	Composite_Numeral	Composite_cko	Composite_cki	Composite_ComplexNumeral	Composite_NumeralFull	Composite_NumeralShort	DegreeComparative	DegreePositive	DegreeSuperlative	Adverb_Un_Hyphen	Adverb_With_Hyphen	DeclensionAdjectival	DeclensionNominal	DeclensionMixed	Indeclinable	Comp_Suffixoid	Un_Comp_Suf	Comp_Suffixoid_Num_OJ	Comp_Suffixoid_Num_YJ	Comp_Suffixoid_Num_IJ	Comp_Suffixoid_Num_J	Comp_PunctuatorPost	Comp_PunctuatorPref	Comp_PunctuatorPostSeparable	Comp_PunctuatorPrefSeparable	Comp_Prefixoid	Comp_Suffixoid_Num_PercentYJ	Comp_Noun	Comp_Suffixoid_Chem	Comp_Adj	Comp_SuffixoidAbbr	BiAspectual	MonoAspectual	Paired	FullSynthComparison	NoSynthComparative	NoSynthSuperlative	OnlySuperlative	MOne	MTwo	MThree	NormalClassifyingCapitalization	NormalClassifyingCapitalization	Future	Past	Present	Preposition	ZeroDoubleConjunct	ZeroDoubleConjunct	NotCommonChild	NotCommonChild	Accusative	Dative	Genitive	Instrumental	Locative	Nominative	Partitive	Prepositional	DativeSpecial	ZeroCase	Vocative	RCDemonstrative	RCAttributive	RCPossessive	RCIndefinite	RCPersonal	RCInterrogative	RCNegative	RCReflexive	RCNoun	NoPlacement	NoPlacement	Imperfective	Perfective	NotDefaultFiller	NotDefaultFiller	Feminine	Masculine	Neuter	Common	NoLeftmostPlacement	NoLeftmostPlacement	Iterat	UnIterat	NoRightmostPlacement	NoRightmostPlacement	NotLeftConjunct	NotLeftConjunct	PersonFirst	PersonSecond	PersonThird	PersonZero	Active	VoiceSya	Passive	VerbIntransitive	VerbIntransitiveSpecial	VerbTransitive	VerbTransitiveSpecial	NotRightConjunct	NotRightConjunct	NoSpecialCaseForm	Locative_u	Genitive_u	Plural_consonant	Genitive_Locative_u	GenitivePlural_Zero	NominativePlural_a	SpecialPlual	SpecialVocative	NoContrast	NoContrast	NormalCapitalization	NormalCapitalization	PO_Prefixoid	Rus_Prefixoid	VPOL_Prefixoid	NE_Prefixoid	Eval_Prefixoid	Intern_Prefixoid	Reduced_Prefixoid	InternHy_Prefixoid	Letter_Prefixoid	BEZ_Prefixoid	BES_Prefixoid	BEZer_Prefixoid	V_Prefixoid	InternModEr_Prefixoid	RusHy_Prefixoid	NAI_Prefixoid	POL_Prefixoid	NI_Prefixoid	KOE_Prefixoid	Intern_ReducedPrefixoid	InternMod_Prefixoid	Chem_Prefixoid	ProperNamePrefixoid	Chemical_Possible	ParticipleFullForm	ParticipleShortForm	Plural	Singular	FiveAndMore	Three	Four	Two	SevenEight	AdjectiveFullForm	AdjectiveShortForm	AdjectiveShortFlectional	NounProperGeneral	NounProperSurNameFlective	NounProperTown	NounProperName	AdjectiveProper	NounProperPatronymic	NounProperNameDimin	AbbrProperGeneral	NounProperSurNameForeign	NormalNumberParadigm	NormalNumberParadigm	FullRealization	FullRealization
29	11	нее	нее	285016	285013	Animate	Inanimate	Reflexive	FullReflexivity	NonReflexive	ImperfectiveReflexivity	NormalMorphForm	DefectOne	DefectTwo	Byt	DefectThree	DefectFour	GTNoun	NotEllipted	NForm	NotControlled	ZeroTypeOfCoordination	Composite_ski	Composite_iko	Composite_sko	NoCompositeness	Composite_o	Composite_e	Composite_usek	Composite_null	Composite_Numeral	Composite_cko	Composite_cki	Composite_ComplexNumeral	Composite_NumeralFull	Composite_NumeralShort	DegreeComparative	DegreePositive	DegreeSuperlative	Adverb_Un_Hyphen	Adverb_With_Hyphen	DeclensionAdjectival	DeclensionNominal	DeclensionMixed	Indeclinable	Comp_Suffixoid	Un_Comp_Suf	Comp_Suffixoid_Num_OJ	Comp_Suffixoid_Num_YJ	Comp_Suffixoid_Num_IJ	Comp_Suffixoid_Num_J	Comp_PunctuatorPost	Comp_PunctuatorPref	Comp_PunctuatorPostSeparable	Comp_PunctuatorPrefSeparable	Comp_Prefixoid	Comp_Suffixoid_Num_PercentYJ	Comp_Noun	Comp_Suffixoid_Chem	Comp_Adj	Comp_SuffixoidAbbr	BiAspectual	MonoAspectual	Paired	FullSynthComparison	NoSynthComparative	NoSynthSuperlative	OnlySuperlative	MOne	MTwo	MThree	NormalClassifyingCapitalization	Future	Past	Present	Pronoun	ZeroDoubleConjunct	NotCommonChild	Accusative	Genitive	RCPersonal	NoPlacement	Imperfective	Perfective	NotDefaultFiller	Feminine	NoLeftmostPlacement	Iterat	UnIterat	NoRightmostPlacement	NotLeftConjunct	PersonThird	Active	VoiceSya	Passive	VerbIntransitive	VerbIntransitiveSpecial	VerbTransitive	VerbTransitiveSpecial	NotRightConjunct	NoSpecialCaseForm	Locative_u	Genitive_u	Plural_consonant	Genitive_Locative_u	GenitivePlural_Zero	NominativePlural_a	SpecialPlual	SpecialVocative	NoContrast	NormalCapitalization	PO_Prefixoid	Rus_Prefixoid	VPOL_Prefixoid	NE_Prefixoid	Eval_Prefixoid	Intern_Prefixoid	Reduced_Prefixoid	InternHy_Prefixoid	Letter_Prefixoid	BEZ_Prefixoid	BES_Prefixoid	BEZer_Prefixoid	V_Prefixoid	InternModEr_Prefixoid	RusHy_Prefixoid	NAI_Prefixoid	POL_Prefixoid	NI_Prefixoid	KOE_Prefixoid	Intern_ReducedPrefixoid	InternMod_Prefixoid	Chem_Prefixoid	ProperNamePrefixoid	Chemical_Possible	ParticipleFullForm	ParticipleShortForm	Singular	FiveAndMore	Three	Four	Two	SevenEight	AdjectiveFullForm	AdjectiveShortForm	AdjectiveShortFlectional	NounProperGeneral	NounProperSurNameFlective	NounProperTown	NounProperName	AdjectiveProper	NounProperPatronymic	NounProperNameDimin	AbbrProperGeneral	NounProperSurNameForeign	NormalNumberParadigm	FullRealization
29	15	появились	появились	285013	-1	Animate	Inanimate	Reflexive	NormalMorphForm	DefectOne	DefectTwo	Byt	DefectThree	DefectFour	GTVerb	NotEllipted	VocalForm	NForm	NotControlled	ZeroTypeOfCoordination	Composite_ski	Composite_iko	Composite_sko	NoCompositeness	Composite_o	Composite_e	Composite_usek	Composite_null	Composite_Numeral	Composite_cko	Composite_cki	Composite_ComplexNumeral	Composite_NumeralFull	Composite_NumeralShort	DegreeComparative	DegreePositive	DegreeSuperlative	Adverb_Un_Hyphen	Adverb_With_Hyphen	DeclensionAdjectival	DeclensionNominal	DeclensionMixed	Indeclinable	Comp_Suffixoid	Un_Comp_Suf	Comp_Suffixoid_Num_OJ	Comp_Suffixoid_Num_YJ	Comp_Suffixoid_Num_IJ	Comp_Suffixoid_Num_J	Comp_PunctuatorPost	Comp_PunctuatorPref	Comp_PunctuatorPostSeparable	Comp_PunctuatorPrefSeparable	Comp_Prefixoid	Comp_Suffixoid_Num_PercentYJ	Comp_Noun	Comp_Suffixoid_Chem	Comp_Adj	Comp_SuffixoidAbbr	Paired	FullSynthComparison	NoSynthComparative	NoSynthSuperlative	OnlySuperlative	MOne	MTwo	MThree	NormalClassifyingCapitalization	Past	Verb	ZeroDoubleConjunct	NotCommonChild	Accusative	Dative	Genitive	Instrumental	Locative	Nominative	Partitive	Prepositional	DativeSpecial	ZeroCase	Vocative	RCDemonstrative	RCAttributive	RCPossessive	RCIndefinite	RCPersonal	RCInterrogative	RCNegative	RCReflexive	RCNoun	NoPlacement	Perfective	NotDefaultFiller	Feminine	Masculine	Neuter	Common	NoLeftmostPlacement	UnIterat	NoRightmostPlacement	NotLeftConjunct	PersonFirst	PersonSecond	PersonThird	PersonZero	VoiceSya	VerbIntransitive	NotRightConjunct	NoSpecialCaseForm	Locative_u	Genitive_u	Plural_consonant	Genitive_Locative_u	GenitivePlural_Zero	NominativePlural_a	SpecialPlual	SpecialVocative	NoContrast	NormalCapitalization	PO_Prefixoid	Rus_Prefixoid	VPOL_Prefixoid	NE_Prefixoid	Eval_Prefixoid	Intern_Prefixoid	Reduced_Prefixoid	InternHy_Prefixoid	Letter_Prefixoid	BEZ_Prefixoid	BES_Prefixoid	BEZer_Prefixoid	V_Prefixoid	InternModEr_Prefixoid	RusHy_Prefixoid	NAI_Prefixoid	POL_Prefixoid	NI_Prefixoid	KOE_Prefixoid	Intern_ReducedPrefixoid	InternMod_Prefixoid	Chem_Prefixoid	ProperNamePrefixoid	Chemical_Possible	ParticipleFullForm	ParticipleShortForm	Plural	FiveAndMore	Three	Four	Two	SevenEight	AdjectiveFullForm	AdjectiveShortForm	AdjectiveShortFlectional	NounProperGeneral	NounProperSurNameFlective	NounProperTown	NounProperName	AdjectiveProper	NounProperPatronymic	NounProperNameDimin	AbbrProperGeneral	NounProperSurNameForeign	NormalNumberParadigm	FullRealization
29	25	первые	первые	285019	285018	Animate	Inanimate	Reflexive	FullReflexivity	NonReflexive	ImperfectiveReflexivity	NormalMorphForm	DefectOne	DefectTwo	Byt	DefectThree	DefectFour	GTAdjectiveAttributive	NotEllipted	VocalForm	NForm	NotControlled	ZeroTypeOfCoordination	Composite_ski	Composite_iko	Composite_sko	NoCompositeness	Composite_o	Composite_e	Composite_usek	Composite_null	Composite_Numeral	Composite_cko	Composite_cki	Composite_ComplexNumeral	Composite_NumeralFull	Composite_NumeralShort	DegreeComparative	DegreePositive	DegreeSuperlative	Adverb_Un_Hyphen	Adverb_With_Hyphen	DeclensionAdjectival	DeclensionNominal	DeclensionMixed	Indeclinable	Comp_Suffixoid	Un_Comp_Suf	Comp_Suffixoid_Num_OJ	Comp_Suffixoid_Num_YJ	Comp_Suffixoid_Num_IJ	Comp_Suffixoid_Num_J	Comp_PunctuatorPost	Comp_PunctuatorPref	Comp_PunctuatorPostSeparable	Comp_PunctuatorPrefSeparable	Comp_Prefixoid	Comp_Suffixoid_Num_PercentYJ	Comp_Noun	Comp_Suffixoid_Chem	Comp_Adj	Comp_SuffixoidAbbr	BiAspectual	MonoAspectual	Paired	FullSynthComparison	NoSynthComparative	NoSynthSuperlative	OnlySuperlative	MOne	MTwo	MThree	NormalClassifyingCapitalization	Future	Past	Present	Numeral	ZeroDoubleConjunct	NotCommonChild	Accusative	Nominative	RCDemonstrative	RCAttributive	RCPossessive	RCIndefinite	RCPersonal	RCInterrogative	RCNegative	RCReflexive	RCNoun	NoPlacement	Imperfective	Perfective	NotDefaultFiller	Feminine	Masculine	Neuter	Common	NoLeftmostPlacement	Iterat	UnIterat	NoRightmostPlacement	NotLeftConjunct	PersonFirst	PersonSecond	PersonThird	PersonZero	Active	VoiceSya	Passive	VerbIntransitive	VerbIntransitiveSpecial	VerbTransitive	VerbTransitiveSpecial	NotRightConjunct	NoSpecialCaseForm	Locative_u	Genitive_u	Plural_consonant	Genitive_Locative_u	GenitivePlural_Zero	NominativePlural_a	SpecialPlual	SpecialVocative	NoContrast	NormalCapitalization	PO_Prefixoid	Rus_Prefixoid	VPOL_Prefixoid	NE_Prefixoid	Eval_Prefixoid	Intern_Prefixoid	Reduced_Prefixoid	InternHy_Prefixoid	Letter_Prefixoid	BEZ_Prefixoid	BES_Prefixoid	BEZer_Prefixoid	V_Prefixoid	InternModEr_Prefixoid	RusHy_Prefixoid	NAI_Prefixoid	POL_Prefixoid	NI_Prefixoid	KOE_Prefixoid	Intern_ReducedPrefixoid	InternMod_Prefixoid	Chem_Prefixoid	ProperNamePrefixoid	Chemical_Possible	ParticipleFullForm	ParticipleShortForm	Plural	FiveAndMore	Three	Four	Two	SevenEight	AdjectiveFullForm	AdjectiveShortForm	AdjectiveShortFlectional	NounProperGeneral	NounProperSurNameFlective	NounProperTown	NounProperName	AdjectiveProper	NounProperPatronymic	NounProperNameDimin	AbbrProperGeneral	NounProperSurNameForeign	NormalNumberParadigm	FullRealization
29	32	научные	научные	285020	285018	Animate	Inanimate	Reflexive	FullReflexivity	NonReflexive	ImperfectiveReflexivity	NormalMorphForm	DefectOne	DefectTwo	Byt	DefectThree	DefectFour	GTAdjective	NotEllipted	VocalForm	NForm	NotControlled	ZeroTypeOfCoordination	NoCompositeness	DegreePositive	Adverb_Un_Hyphen	Adverb_With_Hyphen	DeclensionAdjectival	DeclensionNominal	DeclensionMixed	Indeclinable	Un_Comp_Suf	BiAspectual	MonoAspectual	Paired	FullSynthComparison	MOne	MTwo	MThree	NormalClassifyingCapitalization	Future	Past	Present	Adjective	ZeroDoubleConjunct	NotCommonChild	Accusative	Nominative	RCDemonstrative	RCAttributive	RCPossessive	RCIndefinite	RCPersonal	RCInterrogative	RCNegative	RCReflexive	RCNoun	NoPlacement	Imperfective	Perfective	NotDefaultFiller	Feminine	Masculine	Neuter	Common	NoLeftmostPlacement	Iterat	UnIterat	NoRightmostPlacement	NotLeftConjunct	PersonFirst	PersonSecond	PersonThird	PersonZero	Active	VoiceSya	Passive	VerbIntransitive	VerbIntransitiveSpecial	VerbTransitive	VerbTransitiveSpecial	NotRightConjunct	NoSpecialCaseForm	Locative_u	Genitive_u	Plural_consonant	Genitive_Locative_u	GenitivePlural_Zero	NominativePlural_a	SpecialPlual	SpecialVocative	NoContrast	NormalCapitalization	PO_Prefixoid	Rus_Prefixoid	VPOL_Prefixoid	NE_Prefixoid	Eval_Prefixoid	Intern_Prefixoid	Reduced_Prefixoid	InternHy_Prefixoid	Letter_Prefixoid	BEZ_Prefixoid	BES_Prefixoid	BEZer_Prefixoid	V_Prefixoid	InternModEr_Prefixoid	RusHy_Prefixoid	NAI_Prefixoid	POL_Prefixoid	NI_Prefixoid	KOE_Prefixoid	Intern_ReducedPrefixoid	InternMod_Prefixoid	Chem_Prefixoid	ProperNamePrefixoid	Chemical_Possible	ParticipleFullForm	ParticipleShortForm	Plural	FiveAndMore	Three	Four	Two	SevenEight	AdjectiveFullForm	NounProperGeneral	NounProperSurNameFlective	NounProperTown	NounProperName	AdjectiveProper	NounProperPatronymic	NounProperNameDimin	AbbrProperGeneral	NounProperSurNameForeign	NormalNumberParadigm	FullRealization
29	40	публикации	публикации	285018	285013	Inanimate	Reflexive	FullReflexivity	NonReflexive	ImperfectiveReflexivity	NormalMorphForm	DefectOne	DefectTwo	Byt	DefectThree	DefectFour	GTNoun	NotEllipted	VocalForm	NForm	NotControlled	ZeroTypeOfCoordination	NoCompositeness	DegreeComparative	DegreePositive	DegreeSuperlative	Adverb_Un_Hyphen	Adverb_With_Hyphen	DeclensionNominal	Un_Comp_Suf	BiAspectual	MonoAspectual	Paired	FullSynthComparison	NoSynthComparative	NoSynthSuperlative	OnlySuperlative	MOne	MTwo	MThree	NormalClassifyingCapitalization	Future	Past	Present	Noun	ZeroDoubleConjunct	NotCommonChild	Accusative	Dative	Genitive	Locative	Nominative	Partitive	Prepositional	RCDemonstrative	RCAttributive	RCPossessive	RCIndefinite	RCPersonal	RCInterrogative	RCNegative	RCReflexive	RCNoun	NoPlacement	Imperfective	Perfective	NotDefaultFiller	Feminine	NoLeftmostPlacement	Iterat	UnIterat	NoRightmostPlacement	NotLeftConjunct	PersonFirst	PersonSecond	PersonThird	PersonZero	Active	VoiceSya	Passive	VerbIntransitive	VerbIntransitiveSpecial	VerbTransitive	VerbTransitiveSpecial	NotRightConjunct	NoSpecialCaseForm	NoContrast	NormalCapitalization	PO_Prefixoid	Rus_Prefixoid	VPOL_Prefixoid	NE_Prefixoid	Eval_Prefixoid	Intern_Prefixoid	Reduced_Prefixoid	InternHy_Prefixoid	Letter_Prefixoid	BEZ_Prefixoid	BES_Prefixoid	BEZer_Prefixoid	V_Prefixoid	InternModEr_Prefixoid	RusHy_Prefixoid	NAI_Prefixoid	POL_Prefixoid	NI_Prefixoid	KOE_Prefixoid	Intern_ReducedPrefixoid	InternMod_Prefixoid	Chem_Prefixoid	ProperNamePrefixoid	Chemical_Possible	ParticipleFullForm	ParticipleShortForm	Plural	Singular	FiveAndMore	Three	Four	Two	SevenEight	AdjectiveFullForm	AdjectiveShortForm	AdjectiveShortFlectional	NounProperGeneral	NounProperSurNameFlective	NounProperTown	NounProperName	AdjectiveProper	NounProperPatronymic	NounProperNameDimin	AbbrProperGeneral	NounProperSurNameForeign	NormalNumberParadigm	FullRealization
43	-1			285053	285050
43	-1			285058	285057
43	-1			285073	285061
43	-1			285074	285049
43	0	Отмечалось	Отмечалось	285049	-1	Animate	Inanimate	FullReflexivity	NormalMorphForm	DefectOne	DefectTwo	Byt	DefectThree	DefectFour	GTVerb	NotEllipted	VocalForm	NForm	NotControlled	ZeroTypeOfCoordination	Composite_ski	Composite_iko	Composite_sko	NoCompositeness	Composite_o	Composite_e	Composite_usek	Composite_null	Composite_Numeral	Composite_cko	Composite_cki	Composite_ComplexNumeral	Composite_NumeralFull	Composite_NumeralShort	DegreeComparative	DegreePositive	DegreeSuperlative	Adverb_Un_Hyphen	Adverb_With_Hyphen	DeclensionAdjectival	DeclensionNominal	DeclensionMixed	Indeclinable	Comp_Suffixoid	Un_Comp_Suf	Comp_Suffixoid_Num_OJ	Comp_Suffixoid_Num_YJ	Comp_Suffixoid_Num_IJ	Comp_Suffixoid_Num_J	Comp_PunctuatorPost	Comp_PunctuatorPref	Comp_PunctuatorPostSeparable	Comp_PunctuatorPrefSeparable	Comp_Prefixoid	Comp_Suffixoid_Num_PercentYJ	Comp_Noun	Comp_Suffixoid_Chem	Comp_Adj	Comp_SuffixoidAbbr	Paired	FullSynthComparison	NoSynthComparative	NoSynthSuperlative	OnlySuperlative	MOne	MTwo	MThree	NormalClassifyingCapitalization	Past	Verb	ZeroDoubleConjunct	NotCommonChild	Accusative	Dative	Genitive	Instrumental	Locative	Nominative	Partitive	Prepositional	DativeSpecial	ZeroCase	Vocative	RCDemonstrative	RCAttributive	RCPossessive	RCIndefinite	RCPersonal	RCInterrogative	RCNegative	RCReflexive	RCNoun	NoPlacement	Imperfective	NotDefaultFiller	Neuter	NoLeftmostPlacement	UnIterat	NoRightmostPlacement	NotLeftConjunct	PersonFirst	PersonSecond	PersonThird	PersonZero	VoiceSya	VerbTransitive	NotRightConjunct	NoSpecialCaseForm	Locative_u	Genitive_u	Plural_consonant	Genitive_Locative_u	GenitivePlural_Zero	NominativePlural_a	SpecialPlual	SpecialVocative	NoContrast	NormalCapitalization	PO_Prefixoid	Rus_Prefixoid	VPOL_Prefixoid	NE_Prefixoid	Eval_Prefixoid	Intern_Prefixoid	Reduced_Prefixoid	InternHy_Prefixoid	Letter_Prefixoid	BEZ_Prefixoid	BES_Prefixoid	BEZer_Prefixoid	V_Prefixoid	InternModEr_Prefixoid	RusHy_Prefixoid	NAI_Prefixoid	POL_Prefixoid	NI_Prefixoid	KOE_Prefixoid	Intern_ReducedPrefixoid	InternMod_Prefixoid	Chem_Prefixoid	ProperNamePrefixoid	Chemical_Possible	ParticipleFullForm	ParticipleShortForm	Singular	FiveAndMore	Three	Four	Two	SevenEight	AdjectiveFullForm	AdjectiveShortForm	AdjectiveShortFlectional	NounProperGeneral	NounProperSurNameFlective	NounProperTown	NounProperName	AdjectiveProper	NounProperPatronymic	NounProperNameDimin	AbbrProperGeneral	NounProperSurNameForeign	NormalNumberParadigm	FullRealization
43	12	что	что	285051	285050	Animate	Inanimate	Inanimate	Reflexive	FullReflexivity	NonReflexive	ImperfectiveReflexivity	Reflexive	FullReflexivity	NonReflexive	ImperfectiveReflexivity	NormalMorphForm	NormalMorphForm	NormalMorphForm	NormalMorphForm	DefectOne	DefectTwo	Byt	DefectThree	DefectFour	DefectOne	DefectTwo	Byt	DefectThree	DefectFour	GTInvariable	GTNoun	NotEllipted	NotEllipted	NotEllipted	NotEllipted	VocalForm	NForm	VocalForm	NForm	NotControlled	NotControlled	NotControlled	NotControlled	ZeroTypeOfCoordination	ZeroTypeOfCoordination	ZeroTypeOfCoordination	ZeroTypeOfCoordination	Composite_ski	Composite_iko	Composite_sko	NoCompositeness	Composite_o	Composite_e	Composite_usek	Composite_null	Composite_Numeral	Composite_cko	Composite_cki	Composite_ComplexNumeral	Composite_NumeralFull	Composite_NumeralShort	Composite_ski	Composite_iko	Composite_sko	NoCompositeness	Composite_o	Composite_e	Composite_usek	Composite_null	Composite_Numeral	Composite_cko	Composite_cki	Composite_ComplexNumeral	Composite_NumeralFull	Composite_NumeralShort	DegreeComparative	DegreePositive	DegreeSuperlative	DegreeComparative	DegreePositive	DegreeSuperlative	Adverb_Un_Hyphen	Adverb_With_Hyphen	Adverb_Un_Hyphen	Adverb_With_Hyphen	DeclensionAdjectival	DeclensionNominal	DeclensionMixed	Indeclinable	DeclensionAdjectival	DeclensionNominal	DeclensionMixed	Indeclinable	Comp_Suffixoid	Un_Comp_Suf	Comp_Suffixoid_Num_OJ	Comp_Suffixoid_Num_YJ	Comp_Suffixoid_Num_IJ	Comp_Suffixoid_Num_J	Comp_PunctuatorPost	Comp_PunctuatorPref	Comp_PunctuatorPostSeparable	Comp_PunctuatorPrefSeparable	Comp_Prefixoid	Comp_Suffixoid_Num_PercentYJ	Comp_Noun	Comp_Suffixoid_Chem	Comp_Adj	Comp_SuffixoidAbbr	Comp_Suffixoid	Un_Comp_Suf	Comp_Suffixoid_Num_OJ	Comp_Suffixoid_Num_YJ	Comp_Suffixoid_Num_IJ	Comp_Suffixoid_Num_J	Comp_PunctuatorPost	Comp_PunctuatorPref	Comp_PunctuatorPostSeparable	Comp_PunctuatorPrefSeparable	Comp_Prefixoid	Comp_Suffixoid_Num_PercentYJ	Comp_Noun	Comp_Suffixoid_Chem	Comp_Adj	Comp_SuffixoidAbbr	BiAspectual	MonoAspectual	Paired	BiAspectual	MonoAspectual	Paired	FullSynthComparison	NoSynthComparative	NoSynthSuperlative	OnlySuperlative	FullSynthComparison	NoSynthComparative	NoSynthSuperlative	OnlySuperlative	MOne	MTwo	MThree	MOne	MTwo	MThree	NormalClassifyingCapitalization	NormalClassifyingCapitalization	NormalClassifyingCapitalization	NormalClassifyingCapitalization	Future	Past	Present	Future	Past	Present	Conjunction	Pronoun	ZeroDoubleConjunct	ZeroDoubleConjunct	ZeroDoubleConjunct	ZeroDoubleConjunct	NotCommonChild	NotCommonChild	NotCommonChild	NotCommonChild	Accusative	Dative	Genitive	Instrumental	Locative	Nominative	Partitive	Prepositional	DativeSpecial	ZeroCase	Vocative	Accusative	Nominative	RCDemonstrative	RCAttributive	RCPossessive	RCIndefinite	RCPersonal	RCInterrogative	RCNegative	RCReflexive	RCNoun	RCInterrogative	NoPlacement	NoPlacement	NoPlacement	NoPlacement	Imperfective	Perfective	Imperfective	Perfective	NotDefaultFiller	NotDefaultFiller	NotDefaultFiller	NotDefaultFiller	Feminine	Masculine	Neuter	Common	Neuter	NoLeftmostPlacement	NoLeftmostPlacement	NoLeftmostPlacement	NoLeftmostPlacement	Iterat	UnIterat	Iterat	UnIterat	NoRightmostPlacement	NoRightmostPlacement	NoRightmostPlacement	NoRightmostPlacement	NotLeftConjunct	NotLeftConjunct	NotLeftConjunct	NotLeftConjunct	PersonFirst	PersonSecond	PersonThird	PersonZero	PersonFirst	PersonSecond	PersonThird	PersonZero	Active	VoiceSya	Passive	Active	VoiceSya	Passive	VerbIntransitive	VerbIntransitiveSpecial	VerbTransitive	VerbTransitiveSpecial	VerbIntransitive	VerbIntransitiveSpecial	VerbTransitive	VerbTransitiveSpecial	NotRightConjunct	NotRightConjunct	NotRightConjunct	NotRightConjunct	NoSpecialCaseForm	Locative_u	Genitive_u	Plural_consonant	Genitive_Locative_u	GenitivePlural_Zero	NominativePlural_a	SpecialPlual	SpecialVocative	NoSpecialCaseForm	Locative_u	Genitive_u	Plural_consonant	Genitive_Locative_u	GenitivePlural_Zero	NominativePlural_a	SpecialPlual	SpecialVocative	NoContrast	NoContrast	NoContrast	NoContrast	NormalCapitalization	NormalCapitalization	NormalCapitalization	NormalCapitalization	PO_Prefixoid	Rus_Prefixoid	VPOL_Prefixoid	NE_Prefixoid	Eval_Prefixoid	Intern_Prefixoid	Reduced_Prefixoid	InternHy_Prefixoid	Letter_Prefixoid	BEZ_Prefixoid	BES_Prefixoid	BEZer_Prefixoid	V_Prefixoid	InternModEr_Prefixoid	RusHy_Prefixoid	NAI_Prefixoid	POL_Prefixoid	NI_Prefixoid	KOE_Prefixoid	Intern_ReducedPrefixoid	InternMod_Prefixoid	Chem_Prefixoid	ProperNamePrefixoid	Chemical_Possible	PO_Prefixoid	Rus_Prefixoid	VPOL_Prefixoid	NE_Prefixoid	Eval_Prefixoid	Intern_Prefixoid	Reduced_Prefixoid	InternHy_Prefixoid	Letter_Prefixoid	BEZ_Prefixoid	BES_Prefixoid	BEZer_Prefixoid	V_Prefixoid	InternModEr_Prefixoid	RusHy_Prefixoid	NAI_Prefixoid	POL_Prefixoid	NI_Prefixoid	KOE_Prefixoid	Intern_ReducedPrefixoid	InternMod_Prefixoid	Chem_Prefixoid	ProperNamePrefixoid	Chemical_Possible	ParticipleFullForm	ParticipleShortForm	ParticipleFullForm	ParticipleShortForm	Plural	Singular	Singular	FiveAndMore	Three	Four	Two	SevenEight	FiveAndMore	Three	Four	Two	SevenEight	AdjectiveFullForm	AdjectiveShortForm	AdjectiveShortFlectional	AdjectiveFullForm	AdjectiveShortForm	AdjectiveShortFlectional	NounProperGeneral	NounProperSurNameFlective	NounProperTown	NounProperName	AdjectiveProper	NounProperPatronymic	NounProperNameDimin	AbbrProperGeneral	NounProperSurNameForeign	NounProperGeneral	NounProperSurNameFlective	NounProperTown	NounProperName	AdjectiveProper	NounProperPatronymic	NounProperNameDimin	AbbrProperGeneral	NounProperSurNameForeign	NormalNumberParadigm	NormalNumberParadigm	NormalNumberParadigm	NormalNumberParadigm	FullRealization	FullRealization	FullRealization	FullRealization
43	16	это	это	285052	285050	Animate	Inanimate	Animate	Inanimate	Animate	Inanimate	Reflexive	FullReflexivity	NonReflexive	ImperfectiveReflexivity	Reflexive	FullReflexivity	NonReflexive	ImperfectiveReflexivity	Reflexive	FullReflexivity	NonReflexive	ImperfectiveReflexivity	NormalMorphForm	NormalMorphForm	NormalMorphForm	DefectOne	DefectTwo	Byt	DefectThree	DefectFour	DefectOne	DefectTwo	Byt	DefectThree	DefectFour	DefectOne	DefectTwo	Byt	DefectThree	DefectFour	GTNoun	GTInvariable	GTAdjectiveAttributive	GTInvariable	NotEllipted	NotEllipted	NotEllipted	VocalForm	NForm	VocalForm	NForm	VocalForm	NForm	NotControlled	NotControlled	NotControlled	ZeroTypeOfCoordination	ZeroTypeOfCoordination	ZeroTypeOfCoordination	Composite_ski	Composite_iko	Composite_sko	NoCompositeness	Composite_o	Composite_e	Composite_usek	Composite_null	Composite_Numeral	Composite_cko	Composite_cki	Composite_ComplexNumeral	Composite_NumeralFull	Composite_NumeralShort	Composite_ski	Composite_iko	Composite_sko	NoCompositeness	Composite_o	Composite_e	Composite_usek	Composite_null	Composite_Numeral	Composite_cko	Composite_cki	Composite_ComplexNumeral	Composite_NumeralFull	Composite_NumeralShort	Composite_ski	Composite_iko	Composite_sko	NoCompositeness	Composite_o	Composite_e	Composite_usek	Composite_null	Composite_Numeral	Composite_cko	Composite_cki	Composite_ComplexNumeral	Composite_NumeralFull	Composite_NumeralShort	DegreeComparative	DegreePositive	DegreeSuperlative	DegreeComparative	DegreePositive	DegreeSuperlative	DegreeComparative	DegreePositive	DegreeSuperlative	Adverb_Un_Hyphen	Adverb_With_Hyphen	Adverb_Un_Hyphen	Adverb_With_Hyphen	Adverb_Un_Hyphen	Adverb_With_Hyphen	DeclensionAdjectival	DeclensionNominal	DeclensionMixed	Indeclinable	DeclensionAdjectival	DeclensionNominal	DeclensionMixed	Indeclinable	DeclensionAdjectival	DeclensionNominal	DeclensionMixed	Indeclinable	Un_Comp_Suf	Comp_Suffixoid	Un_Comp_Suf	Comp_Suffixoid_Num_OJ	Comp_Suffixoid_Num_YJ	Comp_Suffixoid_Num_IJ	Comp_Suffixoid_Num_J	Comp_PunctuatorPost	Comp_PunctuatorPref	Comp_PunctuatorPostSeparable	Comp_PunctuatorPrefSeparable	Comp_Prefixoid	Comp_Suffixoid_Num_PercentYJ	Comp_Noun	Comp_Suffixoid_Chem	Comp_Adj	Comp_SuffixoidAbbr	Comp_Suffixoid	Un_Comp_Suf	Comp_Suffixoid_Num_OJ	Comp_Suffixoid_Num_YJ	Comp_Suffixoid_Num_IJ	Comp_Suffixoid_Num_J	Comp_PunctuatorPost	Comp_PunctuatorPref	Comp_PunctuatorPostSeparable	Comp_PunctuatorPrefSeparable	Comp_Prefixoid	Comp_Suffixoid_Num_PercentYJ	Comp_Noun	Comp_Suffixoid_Chem	Comp_Adj	Comp_SuffixoidAbbr	BiAspectual	MonoAspectual	Paired	BiAspectual	MonoAspectual	Paired	BiAspectual	MonoAspectual	Paired	FullSynthComparison	NoSynthComparative	NoSynthSuperlative	OnlySuperlative	FullSynthComparison	NoSynthComparative	NoSynthSuperlative	OnlySuperlative	FullSynthComparison	NoSynthComparative	NoSynthSuperlative	OnlySuperlative	MOne	MTwo	MThree	MOne	MTwo	MThree	MOne	MTwo	MThree	NormalClassifyingCapitalization	NormalClassifyingCapitalization	NormalClassifyingCapitalization	Future	Past	Present	Future	Past	Present	Future	Past	Present	Noun	Prefixoid	Pronoun	Particle	ZeroDoubleConjunct	ZeroDoubleConjunct	ZeroDoubleConjunct	NotCommonChild	NotCommonChild	NotCommonChild	Accusative	Dative	Genitive	Instrumental	Locative	Nominative	Partitive	Prepositional	DativeSpecial	ZeroCase	Vocative	Accusative	Nominative	Accusative	Dative	Genitive	Instrumental	Locative	Nominative	Partitive	Prepositional	DativeSpecial	ZeroCase	Vocative	RCDemonstrative	RCAttributive	RCPossessive	RCIndefinite	RCPersonal	RCInterrogative	RCNegative	RCReflexive	RCNoun	RCDemonstrative	RCDemonstrative	RCAttributive	RCPossessive	RCIndefinite	RCPersonal	RCInterrogative	RCNegative	RCReflexive	RCNoun	NoPlacement	NoPlacement	NoPlacement	Imperfective	Perfective	Imperfective	Perfective	Imperfective	Perfective	NotDefaultFiller	NotDefaultFiller	NotDefaultFiller	Feminine	Masculine	Neuter	Common	Neuter	Feminine	Masculine	Neuter	Common	NoLeftmostPlacement	NoLeftmostPlacement	NoLeftmostPlacement	Iterat	UnIterat	Iterat	UnIterat	Iterat	UnIterat	NoRightmostPlacement	NoRightmostPlacement	NoRightmostPlacement	NotLeftConjunct	NotLeftConjunct	NotLeftConjunct	PersonFirst	PersonSecond	PersonThird	PersonZero	PersonFirst	PersonSecond	PersonThird	PersonZero	PersonFirst	PersonSecond	PersonThird	PersonZero	Active	VoiceSya	Passive	Active	VoiceSya	Passive	Active	VoiceSya	Passive	VerbIntransitive	VerbIntransitiveSpecial	VerbTransitive	VerbTransitiveSpecial	VerbIntransitive	VerbIntransitiveSpecial	VerbTransitive	VerbTransitiveSpecial	VerbIntransitive	VerbIntransitiveSpecial	VerbTransitive	VerbTransitiveSpecial	NotRightConjunct	NotRightConjunct	NotRightConjunct	NoSpecialCaseForm	Locative_u	Genitive_u	Plural_consonant	Genitive_Locative_u	GenitivePlural_Zero	NominativePlural_a	SpecialPlual	SpecialVocative	NoSpecialCaseForm	Locative_u	Genitive_u	Plural_consonant	Genitive_Locative_u	GenitivePlural_Zero	NominativePlural_a	SpecialPlual	SpecialVocative	NoSpecialCaseForm	Locative_u	Genitive_u	Plural_consonant	Genitive_Locative_u	GenitivePlural_Zero	NominativePlural_a	SpecialPlual	SpecialVocative	NoContrast	NoContrast	NoContrast	NormalCapitalization	NormalCapitalization	NormalCapitalization	PO_Prefixoid	Rus_Prefixoid	VPOL_Prefixoid	NE_Prefixoid	Eval_Prefixoid	Intern_Prefixoid	Reduced_Prefixoid	InternHy_Prefixoid	Letter_Prefixoid	BEZ_Prefixoid	BES_Prefixoid	BEZer_Prefixoid	V_Prefixoid	InternModEr_Prefixoid	RusHy_Prefixoid	NAI_Prefixoid	POL_Prefixoid	NI_Prefixoid	KOE_Prefixoid	Intern_ReducedPrefixoid	InternMod_Prefixoid	Chem_Prefixoid	ProperNamePrefixoid	Chemical_Possible	PO_Prefixoid	Rus_Prefixoid	VPOL_Prefixoid	NE_Prefixoid	Eval_Prefixoid	Intern_Prefixoid	Reduced_Prefixoid	InternHy_Prefixoid	Letter_Prefixoid	BEZ_Prefixoid	BES_Prefixoid	BEZer_Prefixoid	V_Prefixoid	InternModEr_Prefixoid	RusHy_Prefixoid	NAI_Prefixoid	POL_Prefixoid	NI_Prefixoid	KOE_Prefixoid	Intern_ReducedPrefixoid	InternMod_Prefixoid	Chem_Prefixoid	ProperNamePrefixoid	Chemical_Possible	PO_Prefixoid	Rus_Prefixoid	VPOL_Prefixoid	NE_Prefixoid	Eval_Prefixoid	Intern_Prefixoid	Reduced_Prefixoid	InternHy_Prefixoid	Letter_Prefixoid	BEZ_Prefixoid	BES_Prefixoid	BEZer_Prefixoid	V_Prefixoid	InternModEr_Prefixoid	RusHy_Prefixoid	NAI_Prefixoid	POL_Prefixoid	NI_Prefixoid	KOE_Prefixoid	Intern_ReducedPrefixoid	InternMod_Prefixoid	Chem_Prefixoid	ProperNamePrefixoid	Chemical_Possible	ParticipleFullForm	ParticipleShortForm	ParticipleFullForm	ParticipleShortForm	ParticipleFullForm	ParticipleShortForm	Plural	Singular	Singular	Plural	Singular	FiveAndMore	Three	Four	Two	SevenEight	FiveAndMore	Three	Four	Two	SevenEight	FiveAndMore	Three	Four	Two	SevenEight	AdjectiveFullForm	AdjectiveShortForm	AdjectiveShortFlectional	AdjectiveFullForm	AdjectiveFullForm	AdjectiveShortForm	AdjectiveShortFlectional	NounProperGeneral	NounProperSurNameFlective	NounProperTown	NounProperName	AdjectiveProper	NounProperPatronymic	NounProperNameDimin	AbbrProperGeneral	NounProperSurNameForeign	NounProperGeneral	NounProperSurNameFlective	NounProperTown	NounProperName	AdjectiveProper	NounProperPatronymic	NounProperNameDimin	AbbrProperGeneral	NounProperSurNameForeign	NounProperGeneral	NounProperSurNameFlective	NounProperTown	NounProperName	AdjectiveProper	NounProperPatronymic	NounProperNameDimin	AbbrProperGeneral	NounProperSurNameForeign	NormalNumberParadigm	SingulariaTantum	NormalNumberParadigm	NormalNumberParadigm	FullRealization	FullRealization	FullRealization
43	20	было	было	285050	285049	Animate	Inanimate	Animate	Inanimate	NonReflexive	Reflexive	FullReflexivity	NonReflexive	ImperfectiveReflexivity	NormalMorphForm	NormalMorphForm	Byt	DefectOne	DefectTwo	Byt	DefectThree	DefectFour	GTVerb	GTInvariable	NotEllipted	NotEllipted	VocalForm	NForm	VocalForm	NForm	NotControlled	NotControlled	ZeroTypeOfCoordination	ZeroTypeOfCoordination	Composite_ski	Composite_iko	Composite_sko	NoCompositeness	Composite_o	Composite_e	Composite_usek	Composite_null	Composite_Numeral	Composite_cko	Composite_cki	Composite_ComplexNumeral	Composite_NumeralFull	Composite_NumeralShort	Composite_ski	Composite_iko	Composite_sko	NoCompositeness	Composite_o	Composite_e	Composite_usek	Composite_null	Composite_Numeral	Composite_cko	Composite_cki	Composite_ComplexNumeral	Composite_NumeralFull	Composite_NumeralShort	DegreeComparative	DegreePositive	DegreeSuperlative	DegreeComparative	DegreePositive	DegreeSuperlative	Adverb_Un_Hyphen	Adverb_With_Hyphen	Adverb_Un_Hyphen	Adverb_With_Hyphen	DeclensionAdjectival	DeclensionNominal	DeclensionMixed	Indeclinable	DeclensionAdjectival	DeclensionNominal	DeclensionMixed	Indeclinable	Comp_Suffixoid	Un_Comp_Suf	Comp_Suffixoid_Num_OJ	Comp_Suffixoid_Num_YJ	Comp_Suffixoid_Num_IJ	Comp_Suffixoid_Num_J	Comp_PunctuatorPost	Comp_PunctuatorPref	Comp_PunctuatorPostSeparable	Comp_PunctuatorPrefSeparable	Comp_Prefixoid	Comp_Suffixoid_Num_PercentYJ	Comp_Noun	Comp_Suffixoid_Chem	Comp_Adj	Comp_SuffixoidAbbr	Comp_Suffixoid	Un_Comp_Suf	Comp_Suffixoid_Num_OJ	Comp_Suffixoid_Num_YJ	Comp_Suffixoid_Num_IJ	Comp_Suffixoid_Num_J	Comp_PunctuatorPost	Comp_PunctuatorPref	Comp_PunctuatorPostSeparable	Comp_PunctuatorPrefSeparable	Comp_Prefixoid	Comp_Suffixoid_Num_PercentYJ	Comp_Noun	Comp_Suffixoid_Chem	Comp_Adj	Comp_SuffixoidAbbr	MonoAspectual	BiAspectual	MonoAspectual	Paired	FullSynthComparison	NoSynthComparative	NoSynthSuperlative	OnlySuperlative	FullSynthComparison	NoSynthComparative	NoSynthSuperlative	OnlySuperlative	MOne	MTwo	MThree	MOne	MTwo	MThree	NormalClassifyingCapitalization	NormalClassifyingCapitalization	Past	Future	Past	Present	Verb	Particle	ZeroDoubleConjunct	ZeroDoubleConjunct	NotCommonChild	NotCommonChild	Accusative	Dative	Genitive	Instrumental	Locative	Nominative	Partitive	Prepositional	DativeSpecial	ZeroCase	Vocative	Accusative	Dative	Genitive	Instrumental	Locative	Nominative	Partitive	Prepositional	DativeSpecial	ZeroCase	Vocative	RCDemonstrative	RCAttributive	RCPossessive	RCIndefinite	RCPersonal	RCInterrogative	RCNegative	RCReflexive	RCNoun	RCDemonstrative	RCAttributive	RCPossessive	RCIndefinite	RCPersonal	RCInterrogative	RCNegative	RCReflexive	RCNoun	NoPlacement	NoPlacement	Imperfective	Imperfective	Perfective	NotDefaultFiller	NotDefaultFiller	Neuter	Feminine	Masculine	Neuter	Common	NoLeftmostPlacement	NoLeftmostPlacement	UnIterat	Iterat	UnIterat	NoRightmostPlacement	NoRightmostPlacement	NotLeftConjunct	NotLeftConjunct	PersonFirst	PersonSecond	PersonThird	PersonZero	PersonFirst	PersonSecond	PersonThird	PersonZero	Active	Active	VoiceSya	Passive	VerbIntransitive	VerbIntransitive	VerbIntransitiveSpecial	VerbTransitive	VerbTransitiveSpecial	NotRightConjunct	NotRightConjunct	NoSpecialCaseForm	Locative_u	Genitive_u	Plural_consonant	Genitive_Locative_u	GenitivePlural_Zero	NominativePlural_a	SpecialPlual	SpecialVocative	NoSpecialCaseForm	Locative_u	Genitive_u	Plural_consonant	Genitive_Locative_u	GenitivePlural_Zero	NominativePlural_a	SpecialPlual	SpecialVocative	NoContrast	NoContrast	NormalCapitalization	NormalCapitalization	PO_Prefixoid	Rus_Prefixoid	VPOL_Prefixoid	NE_Prefixoid	Eval_Prefixoid	Intern_Prefixoid	Reduced_Prefixoid	InternHy_Prefixoid	Letter_Prefixoid	BEZ_Prefixoid	BES_Prefixoid	BEZer_Prefixoid	V_Prefixoid	InternModEr_Prefixoid	RusHy_Prefixoid	NAI_Prefixoid	POL_Prefixoid	NI_Prefixoid	KOE_Prefixoid	Intern_ReducedPrefixoid	InternMod_Prefixoid	Chem_Prefixoid	ProperNamePrefixoid	Chemical_Possible	PO_Prefixoid	Rus_Prefixoid	VPOL_Prefixoid	NE_Prefixoid	Eval_Prefixoid	Intern_Prefixoid	Reduced_Prefixoid	InternHy_Prefixoid	Letter_Prefixoid	BEZ_Prefixoid	BES_Prefixoid	BEZer_Prefixoid	V_Prefixoid	InternModEr_Prefixoid	RusHy_Prefixoid	NAI_Prefixoid	POL_Prefixoid	NI_Prefixoid	KOE_Prefixoid	Intern_ReducedPrefixoid	InternMod_Prefixoid	Chem_Prefixoid	ProperNamePrefixoid	Chemical_Possible	ParticipleFullForm	ParticipleShortForm	ParticipleFullForm	ParticipleShortForm	Singular	Plural	Singular	FiveAndMore	Three	Four	Two	SevenEight	FiveAndMore	Three	Four	Two	SevenEight	AdjectiveFullForm	AdjectiveShortForm	AdjectiveShortFlectional	AdjectiveFullForm	AdjectiveShortForm	AdjectiveShortFlectional	NounProperGeneral	NounProperSurNameFlective	NounProperTown	NounProperName	AdjectiveProper	NounProperPatronymic	NounProperNameDimin	AbbrProperGeneral	NounProperSurNameForeign	NounProperGeneral	NounProperSurNameFlective	NounProperTown	NounProperName	AdjectiveProper	NounProperPatronymic	NounProperNameDimin	AbbrProperGeneral	NounProperSurNameForeign	NormalNumberParadigm	NormalNumberParadigm	FullRealization	FullRealization
43	25	одно	одно	285054	285053	Animate	Inanimate	Reflexive	FullReflexivity	NonReflexive	ImperfectiveReflexivity	NormalMorphForm	DefectOne	DefectTwo	Byt	DefectThree	DefectFour	GTAdjectiveAttributive	GTNumeral	NotEllipted	VocalForm	NForm	NotControlled	ZeroTypeOfCoordination	Composite_ski	Composite_iko	Composite_sko	NoCompositeness	Composite_o	Composite_e	Composite_usek	Composite_null	Composite_Numeral	Composite_cko	Composite_cki	Composite_ComplexNumeral	Composite_NumeralFull	Composite_NumeralShort	DegreeComparative	DegreePositive	DegreeSuperlative	Adverb_Un_Hyphen	Adverb_With_Hyphen	DeclensionAdjectival	DeclensionNominal	DeclensionMixed	Indeclinable	Comp_Suffixoid	Un_Comp_Suf	Comp_Suffixoid_Num_OJ	Comp_Suffixoid_Num_YJ	Comp_Suffixoid_Num_IJ	Comp_Suffixoid_Num_J	Comp_PunctuatorPost	Comp_PunctuatorPref	Comp_PunctuatorPostSeparable	Comp_PunctuatorPrefSeparable	Comp_Prefixoid	Comp_Suffixoid_Num_PercentYJ	Comp_Noun	Comp_Suffixoid_Chem	Comp_Adj	Comp_SuffixoidAbbr	BiAspectual	MonoAspectual	Paired	FullSynthComparison	NoSynthComparative	NoSynthSuperlative	OnlySuperlative	MOne	MTwo	MThree	NormalClassifyingCapitalization	Future	Past	Present	Numeral	Pronoun	ZeroDoubleConjunct	NotCommonChild	Accusative	Nominative	ZeroCase	RCDemonstrative	RCAttributive	RCPossessive	RCIndefinite	RCPersonal	RCInterrogative	RCNegative	RCReflexive	RCNoun	NoPlacement	Imperfective	Perfective	NotDefaultFiller	Feminine	Masculine	Neuter	Common	NoLeftmostPlacement	Iterat	UnIterat	NoRightmostPlacement	NotLeftConjunct	PersonFirst	PersonSecond	PersonThird	PersonZero	Active	VoiceSya	Passive	VerbIntransitive	VerbIntransitiveSpecial	VerbTransitive	VerbTransitiveSpecial	NotRightConjunct	NoSpecialCaseForm	Locative_u	Genitive_u	Plural_consonant	Genitive_Locative_u	GenitivePlural_Zero	NominativePlural_a	SpecialPlual	SpecialVocative	NoContrast	NormalCapitalization	PO_Prefixoid	Rus_Prefixoid	VPOL_Prefixoid	NE_Prefixoid	Eval_Prefixoid	Intern_Prefixoid	Reduced_Prefixoid	InternHy_Prefixoid	Letter_Prefixoid	BEZ_Prefixoid	BES_Prefixoid	BEZer_Prefixoid	V_Prefixoid	InternModEr_Prefixoid	RusHy_Prefixoid	NAI_Prefixoid	POL_Prefixoid	NI_Prefixoid	KOE_Prefixoid	Intern_ReducedPrefixoid	InternMod_Prefixoid	Chem_Prefixoid	ProperNamePrefixoid	Chemical_Possible	ParticipleFullForm	ParticipleShortForm	Plural	Singular	FiveAndMore	Three	Four	Two	SevenEight	AdjectiveFullForm	AdjectiveShortForm	AdjectiveShortFlectional	NounProperGeneral	NounProperSurNameFlective	NounProperTown	NounProperName	AdjectiveProper	NounProperPatronymic	NounProperNameDimin	AbbrProperGeneral	NounProperSurNameForeign	NormalNumberParadigm	FullRealization
43	30	из	из	285056	285055	Animate	Inanimate	Reflexive	FullReflexivity	NonReflexive	ImperfectiveReflexivity	NormalMorphForm	DefectOne	DefectTwo	Byt	DefectThree	DefectFour	GTInvariable	NotEllipted	VocalForm	NForm	NotControlled	ZeroTypeOfCoordination	Composite_ski	Composite_iko	Composite_sko	NoCompositeness	Composite_o	Composite_e	Composite_usek	Composite_null	Composite_Numeral	Composite_cko	Composite_cki	Composite_ComplexNumeral	Composite_NumeralFull	Composite_NumeralShort	DegreeComparative	DegreePositive	DegreeSuperlative	Adverb_Un_Hyphen	Adverb_With_Hyphen	DeclensionAdjectival	DeclensionNominal	DeclensionMixed	Indeclinable	Comp_Suffixoid	Un_Comp_Suf	Comp_Suffixoid_Num_OJ	Comp_Suffixoid_Num_YJ	Comp_Suffixoid_Num_IJ	Comp_Suffixoid_Num_J	Comp_PunctuatorPost	Comp_PunctuatorPref	Comp_PunctuatorPostSeparable	Comp_PunctuatorPrefSeparable	Comp_Prefixoid	Comp_Suffixoid_Num_PercentYJ	Comp_Noun	Comp_Suffixoid_Chem	Comp_Adj	Comp_SuffixoidAbbr	BiAspectual	MonoAspectual	Paired	FullSynthComparison	NoSynthComparative	NoSynthSuperlative	OnlySuperlative	MOne	MTwo	MThree	NormalClassifyingCapitalization	Future	Past	Present	Preposition	ZeroDoubleConjunct	NotCommonChild	Accusative	Dative	Genitive	Instrumental	Locative	Nominative	Partitive	Prepositional	DativeSpecial	ZeroCase	Vocative	RCDemonstrative	RCAttributive	RCPossessive	RCIndefinite	RCPersonal	RCInterrogative	RCNegative	RCReflexive	RCNoun	NoPlacement	Imperfective	Perfective	NotDefaultFiller	Feminine	Masculine	Neuter	Common	NoLeftmostPlacement	Iterat	UnIterat	NoRightmostPlacement	NotLeftConjunct	PersonFirst	PersonSecond	PersonThird	PersonZero	Active	VoiceSya	Passive	VerbIntransitive	VerbIntransitiveSpecial	VerbTransitive	VerbTransitiveSpecial	NotRightConjunct	NoSpecialCaseForm	Locative_u	Genitive_u	Plural_consonant	Genitive_Locative_u	GenitivePlural_Zero	NominativePlural_a	SpecialPlual	SpecialVocative	NoContrast	NormalCapitalization	PO_Prefixoid	Rus_Prefixoid	VPOL_Prefixoid	NE_Prefixoid	Eval_Prefixoid	Intern_Prefixoid	Reduced_Prefixoid	InternHy_Prefixoid	Letter_Prefixoid	BEZ_Prefixoid	BES_Prefixoid	BEZer_Prefixoid	V_Prefixoid	InternModEr_Prefixoid	RusHy_Prefixoid	NAI_Prefixoid	POL_Prefixoid	NI_Prefixoid	KOE_Prefixoid	Intern_ReducedPrefixoid	InternMod_Prefixoid	Chem_Prefixoid	ProperNamePrefixoid	Chemical_Possible	ParticipleFullForm	ParticipleShortForm	Plural	Singular	FiveAndMore	Three	Four	Two	SevenEight	AdjectiveFullForm	AdjectiveShortForm	AdjectiveShortFlectional	NounProperGeneral	NounProperSurNameFlective	NounProperTown	NounProperName	AdjectiveProper	NounProperPatronymic	NounProperNameDimin	AbbrProperGeneral	NounProperSurNameForeign	NormalNumberParadigm	FullRealization
43	33	первых	первых	285057	285055	Animate	Inanimate	Reflexive	FullReflexivity	NonReflexive	ImperfectiveReflexivity	NormalMorphForm	DefectOne	DefectTwo	Byt	DefectThree	DefectFour	GTAdjectiveAttributive	NotEllipted	VocalForm	NForm	NotControlled	ZeroTypeOfCoordination	Composite_ski	Composite_iko	Composite_sko	NoCompositeness	Composite_o	Composite_e	Composite_usek	Composite_null	Composite_Numeral	Composite_cko	Composite_cki	Composite_ComplexNumeral	Composite_NumeralFull	Composite_NumeralShort	DegreeComparative	DegreePositive	DegreeSuperlative	Adverb_Un_Hyphen	Adverb_With_Hyphen	DeclensionAdjectival	DeclensionNominal	DeclensionMixed	Indeclinable	Comp_Suffixoid	Un_Comp_Suf	Comp_Suffixoid_Num_OJ	Comp_Suffixoid_Num_YJ	Comp_Suffixoid_Num_IJ	Comp_Suffixoid_Num_J	Comp_PunctuatorPost	Comp_PunctuatorPref	Comp_PunctuatorPostSeparable	Comp_PunctuatorPrefSeparable	Comp_Prefixoid	Comp_Suffixoid_Num_PercentYJ	Comp_Noun	Comp_Suffixoid_Chem	Comp_Adj	Comp_SuffixoidAbbr	BiAspectual	MonoAspectual	Paired	FullSynthComparison	NoSynthComparative	NoSynthSuperlative	OnlySuperlative	MOne	MTwo	MThree	NormalClassifyingCapitalization	Future	Past	Present	Numeral	ZeroDoubleConjunct	NotCommonChild	Accusative	Genitive	Locative	Partitive	Prepositional	RCDemonstrative	RCAttributive	RCPossessive	RCIndefinite	RCPersonal	RCInterrogative	RCNegative	RCReflexive	RCNoun	NoPlacement	Imperfective	Perfective	NotDefaultFiller	Feminine	Masculine	Neuter	Common	NoLeftmostPlacement	Iterat	UnIterat	NoRightmostPlacement	NotLeftConjunct	PersonFirst	PersonSecond	PersonThird	PersonZero	Active	VoiceSya	Passive	VerbIntransitive	VerbIntransitiveSpecial	VerbTransitive	VerbTransitiveSpecial	NotRightConjunct	NoSpecialCaseForm	Locative_u	Genitive_u	Plural_consonant	Genitive_Locative_u	GenitivePlural_Zero	NominativePlural_a	SpecialPlual	SpecialVocative	NoContrast	NormalCapitalization	PO_Prefixoid	Rus_Prefixoid	VPOL_Prefixoid	NE_Prefixoid	Eval_Prefixoid	Intern_Prefixoid	Reduced_Prefixoid	InternHy_Prefixoid	Letter_Prefixoid	BEZ_Prefixoid	BES_Prefixoid	BEZer_Prefixoid	V_Prefixoid	InternModEr_Prefixoid	RusHy_Prefixoid	NAI_Prefixoid	POL_Prefixoid	NI_Prefixoid	KOE_Prefixoid	Intern_ReducedPrefixoid	InternMod_Prefixoid	Chem_Prefixoid	ProperNamePrefixoid	Chemical_Possible	ParticipleFullForm	ParticipleShortForm	Plural	FiveAndMore	Three	Four	Two	SevenEight	AdjectiveFullForm	AdjectiveShortForm	AdjectiveShortFlectional	NounProperGeneral	NounProperSurNameFlective	NounProperTown	NounProperName	AdjectiveProper	NounProperPatronymic	NounProperNameDimin	AbbrProperGeneral	NounProperSurNameForeign	NormalNumberParadigm	FullRealization
43	40	исследований	исследований	285055	285053	Inanimate	Reflexive	FullReflexivity	NonReflexive	ImperfectiveReflexivity	NormalMorphForm	DefectOne	DefectTwo	Byt	DefectThree	DefectFour	GTNoun	NotEllipted	VocalForm	NForm	NotControlled	ZeroTypeOfCoordination	NoCompositeness	DegreeComparative	DegreePositive	DegreeSuperlative	Adverb_Un_Hyphen	Adverb_With_Hyphen	DeclensionNominal	Un_Comp_Suf	BiAspectual	MonoAspectual	Paired	FullSynthComparison	NoSynthComparative	NoSynthSuperlative	OnlySuperlative	MOne	MTwo	MThree	NormalClassifyingCapitalization	Future	Past	Present	Noun	ZeroDoubleConjunct	NotCommonChild	Genitive	Partitive	RCDemonstrative	RCAttributive	RCPossessive	RCIndefinite	RCPersonal	RCInterrogative	RCNegative	RCReflexive	RCNoun	NoPlacement	Imperfective	Perfective	NotDefaultFiller	Neuter	NoLeftmostPlacement	Iterat	UnIterat	NoRightmostPlacement	NotLeftConjunct	PersonFirst	PersonSecond	PersonThird	PersonZero	Active	VoiceSya	Passive	VerbIntransitive	VerbIntransitiveSpecial	VerbTransitive	VerbTransitiveSpecial	NotRightConjunct	NoSpecialCaseForm	NoContrast	NormalCapitalization	PO_Prefixoid	Rus_Prefixoid	VPOL_Prefixoid	NE_Prefixoid	Eval_Prefixoid	Intern_Prefixoid	Reduced_Prefixoid	InternHy_Prefixoid	Letter_Prefixoid	BEZ_Prefixoid	BES_Prefixoid	BEZer_Prefixoid	V_Prefixoid	InternModEr_Prefixoid	RusHy_Prefixoid	NAI_Prefixoid	POL_Prefixoid	NI_Prefixoid	KOE_Prefixoid	Intern_ReducedPrefixoid	InternMod_Prefixoid	Chem_Prefixoid	ProperNamePrefixoid	Chemical_Possible	ParticipleFullForm	ParticipleShortForm	Plural	FiveAndMore	Three	Four	Two	SevenEight	AdjectiveFullForm	AdjectiveShortForm	AdjectiveShortFlectional	NounProperGeneral	NounProperSurNameFlective	NounProperTown	NounProperName	AdjectiveProper	NounProperPatronymic	NounProperNameDimin	AbbrProperGeneral	NounProperSurNameForeign	NormalNumberParadigm	FullRealization
43	53	в	в	285060	285059	Animate	Inanimate	Inanimate	Reflexive	FullReflexivity	NonReflexive	ImperfectiveReflexivity	Reflexive	FullReflexivity	NonReflexive	ImperfectiveReflexivity	NormalMorphForm	NormalMorphForm	DefectOne	DefectTwo	Byt	DefectThree	DefectFour	DefectOne	DefectTwo	Byt	DefectThree	DefectFour	GTInvariable	GTNoun	NotEllipted	NotEllipted	VocalForm	NForm	VocalForm	NForm	NotControlled	NotControlled	ZeroTypeOfCoordination	ZeroTypeOfCoordination	Composite_ski	Composite_iko	Composite_sko	NoCompositeness	Composite_o	Composite_e	Composite_usek	Composite_null	Composite_Numeral	Composite_cko	Composite_cki	Composite_ComplexNumeral	Composite_NumeralFull	Composite_NumeralShort	NoCompositeness	DegreeComparative	DegreePositive	DegreeSuperlative	DegreeComparative	DegreePositive	DegreeSuperlative	Adverb_Un_Hyphen	Adverb_With_Hyphen	Adverb_Un_Hyphen	Adverb_With_Hyphen	DeclensionAdjectival	DeclensionNominal	DeclensionMixed	Indeclinable	Indeclinable	Comp_Suffixoid	Un_Comp_Suf	Comp_Suffixoid_Num_OJ	Comp_Suffixoid_Num_YJ	Comp_Suffixoid_Num_IJ	Comp_Suffixoid_Num_J	Comp_PunctuatorPost	Comp_PunctuatorPref	Comp_PunctuatorPostSeparable	Comp_PunctuatorPrefSeparable	Comp_Prefixoid	Comp_Suffixoid_Num_PercentYJ	Comp_Noun	Comp_Suffixoid_Chem	Comp_Adj	Comp_SuffixoidAbbr	Comp_PunctuatorPostSeparable	BiAspectual	MonoAspectual	Paired	BiAspectual	MonoAspectual	Paired	FullSynthComparison	NoSynthComparative	NoSynthSuperlative	OnlySuperlative	FullSynthComparison	NoSynthComparative	NoSynthSuperlative	OnlySuperlative	MOne	MTwo	MThree	MOne	MTwo	MThree	NormalClassifyingCapitalization	NormalClassifyingCapitalization	Future	Past	Present	Future	Past	Present	Preposition	Noun	ZeroDoubleConjunct	ZeroDoubleConjunct	NotCommonChild	NotCommonChild	Accusative	Dative	Genitive	Instrumental	Locative	Nominative	Partitive	Prepositional	DativeSpecial	ZeroCase	Vocative	Accusative	Dative	Genitive	Instrumental	Locative	Nominative	Partitive	Prepositional	RCDemonstrative	RCAttributive	RCPossessive	RCIndefinite	RCPersonal	RCInterrogative	RCNegative	RCReflexive	RCNoun	RCDemonstrative	RCAttributive	RCPossessive	RCIndefinite	RCPersonal	RCInterrogative	RCNegative	RCReflexive	RCNoun	NoPlacement	NoPlacement	Imperfective	Perfective	Imperfective	Perfective	NotDefaultFiller	NotDefaultFiller	Feminine	Masculine	Neuter	Common	Masculine	NoLeftmostPlacement	NoLeftmostPlacement	Iterat	UnIterat	Iterat	UnIterat	NoRightmostPlacement	NoRightmostPlacement	NotLeftConjunct	NotLeftConjunct	PersonFirst	PersonSecond	PersonThird	PersonZero	PersonFirst	PersonSecond	PersonThird	PersonZero	Active	VoiceSya	Passive	Active	VoiceSya	Passive	VerbIntransitive	VerbIntransitiveSpecial	VerbTransitive	VerbTransitiveSpecial	VerbIntransitive	VerbIntransitiveSpecial	VerbTransitive	VerbTransitiveSpecial	NotRightConjunct	NotRightConjunct	NoSpecialCaseForm	Locative_u	Genitive_u	Plural_consonant	Genitive_Locative_u	GenitivePlural_Zero	NominativePlural_a	SpecialPlual	SpecialVocative	NoSpecialCaseForm	Locative_u	Genitive_u	Plural_consonant	Genitive_Locative_u	GenitivePlural_Zero	NominativePlural_a	SpecialPlual	SpecialVocative	NoContrast	NoContrast	NormalCapitalization	NormalCapitalization	PO_Prefixoid	Rus_Prefixoid	VPOL_Prefixoid	NE_Prefixoid	Eval_Prefixoid	Intern_Prefixoid	Reduced_Prefixoid	InternHy_Prefixoid	Letter_Prefixoid	BEZ_Prefixoid	BES_Prefixoid	BEZer_Prefixoid	V_Prefixoid	InternModEr_Prefixoid	RusHy_Prefixoid	NAI_Prefixoid	POL_Prefixoid	NI_Prefixoid	KOE_Prefixoid	Intern_ReducedPrefixoid	InternMod_Prefixoid	Chem_Prefixoid	ProperNamePrefixoid	Chemical_Possible	PO_Prefixoid	Rus_Prefixoid	VPOL_Prefixoid	NE_Prefixoid	Eval_Prefixoid	Intern_Prefixoid	Reduced_Prefixoid	InternHy_Prefixoid	Letter_Prefixoid	BEZ_Prefixoid	BES_Prefixoid	BEZer_Prefixoid	V_Prefixoid	InternModEr_Prefixoid	RusHy_Prefixoid	NAI_Prefixoid	POL_Prefixoid	NI_Prefixoid	KOE_Prefixoid	Intern_ReducedPrefixoid	InternMod_Prefixoid	Chem_Prefixoid	ProperNamePrefixoid	Chemical_Possible	ParticipleFullForm	ParticipleShortForm	ParticipleFullForm	ParticipleShortForm	Plural	Singular	Plural	Singular	FiveAndMore	Three	Four	Two	SevenEight	FiveAndMore	Three	Four	Two	SevenEight	AdjectiveFullForm	AdjectiveShortForm	AdjectiveShortFlectional	AdjectiveFullForm	AdjectiveShortForm	AdjectiveShortFlectional	NounProperGeneral	NounProperSurNameFlective	NounProperTown	NounProperName	AdjectiveProper	NounProperPatronymic	NounProperNameDimin	AbbrProperGeneral	NounProperSurNameForeign	NounProperGeneral	NounProperSurNameFlective	NounProperTown	NounProperName	AdjectiveProper	NounProperPatronymic	NounProperNameDimin	AbbrProperGeneral	NounProperSurNameForeign	NormalNumberParadigm	NormalNumberParadigm	FullRealization	FullRealization
43	55	России	России	285059	285055	Inanimate	Reflexive	FullReflexivity	NonReflexive	ImperfectiveReflexivity	NormalMorphForm	DefectOne	DefectTwo	Byt	DefectThree	DefectFour	GTNoun	NotEllipted	VocalForm	NForm	NotControlled	ZeroTypeOfCoordination	NoCompositeness	DegreeComparative	DegreePositive	DegreeSuperlative	Adverb_Un_Hyphen	Adverb_With_Hyphen	DeclensionNominal	Un_Comp_Suf	BiAspectual	MonoAspectual	Paired	FullSynthComparison	NoSynthComparative	NoSynthSuperlative	OnlySuperlative	MOne	MTwo	MThree	NormalClassifyingCapitalization	Future	Past	Present	Noun	ZeroDoubleConjunct	NotCommonChild	Dative	Genitive	Locative	Partitive	Prepositional	RCDemonstrative	RCAttributive	RCPossessive	RCIndefinite	RCPersonal	RCInterrogative	RCNegative	RCReflexive	RCNoun	NoPlacement	Imperfective	Perfective	NotDefaultFiller	Feminine	NoLeftmostPlacement	Iterat	UnIterat	NoRightmostPlacement	NotLeftConjunct	PersonFirst	PersonSecond	PersonThird	PersonZero	Active	VoiceSya	Passive	VerbIntransitive	VerbIntransitiveSpecial	VerbTransitive	VerbTransitiveSpecial	NotRightConjunct	NoSpecialCaseForm	NoContrast	NormalCapitalization	PO_Prefixoid	Rus_Prefixoid	VPOL_Prefixoid	NE_Prefixoid	Eval_Prefixoid	Intern_Prefixoid	Reduced_Prefixoid	InternHy_Prefixoid	Letter_Prefixoid	BEZ_Prefixoid	BES_Prefixoid	BEZer_Prefixoid	V_Prefixoid	InternModEr_Prefixoid	RusHy_Prefixoid	NAI_Prefixoid	POL_Prefixoid	NI_Prefixoid	KOE_Prefixoid	Intern_ReducedPrefixoid	InternMod_Prefixoid	Chem_Prefixoid	ProperNamePrefixoid	Chemical_Possible	ParticipleFullForm	ParticipleShortForm	Singular	FiveAndMore	Three	Four	Two	SevenEight	AdjectiveFullForm	AdjectiveShortForm	AdjectiveShortFlectional	NounProperGeneral	SingulariaTantum	FullRealization
43	63	написанных	написанных	285061	285055	Animate	Inanimate	FullReflexivity	NonReflexive	NormalMorphForm	DefectOne	DefectTwo	Byt	DefectThree	DefectFour	GTParticiple	NotEllipted	VocalForm	NForm	NotControlled	ZeroTypeOfCoordination	Composite_ski	Composite_iko	Composite_sko	NoCompositeness	Composite_o	Composite_e	Composite_usek	Composite_null	Composite_Numeral	Composite_cko	Composite_cki	Composite_ComplexNumeral	Composite_NumeralFull	Composite_NumeralShort	DegreeComparative	DegreePositive	DegreeSuperlative	Adverb_Un_Hyphen	Adverb_With_Hyphen	DeclensionAdjectival	DeclensionNominal	DeclensionMixed	Indeclinable	Comp_Suffixoid	Un_Comp_Suf	Comp_Suffixoid_Num_OJ	Comp_Suffixoid_Num_YJ	Comp_Suffixoid_Num_IJ	Comp_Suffixoid_Num_J	Comp_PunctuatorPost	Comp_PunctuatorPref	Comp_PunctuatorPostSeparable	Comp_PunctuatorPrefSeparable	Comp_Prefixoid	Comp_Suffixoid_Num_PercentYJ	Comp_Noun	Comp_Suffixoid_Chem	Comp_Adj	Comp_SuffixoidAbbr	MonoAspectual	FullSynthComparison	NoSynthComparative	NoSynthSuperlative	OnlySuperlative	MOne	MTwo	MThree	NormalClassifyingCapitalization	Past	Verb	ZeroDoubleConjunct	NotCommonChild	Accusative	Genitive	Locative	Partitive	Prepositional	RCDemonstrative	RCAttributive	RCPossessive	RCIndefinite	RCPersonal	RCInterrogative	RCNegative	RCReflexive	RCNoun	NoPlacement	Perfective	NotDefaultFiller	Feminine	Masculine	Neuter	Common	NoLeftmostPlacement	UnIterat	NoRightmostPlacement	NotLeftConjunct	PersonFirst	PersonSecond	PersonThird	PersonZero	Passive	VerbTransitive	NotRightConjunct	NoSpecialCaseForm	Locative_u	Genitive_u	Plural_consonant	Genitive_Locative_u	GenitivePlural_Zero	NominativePlural_a	SpecialPlual	SpecialVocative	NoContrast	NormalCapitalization	PO_Prefixoid	Rus_Prefixoid	VPOL_Prefixoid	NE_Prefixoid	Eval_Prefixoid	Intern_Prefixoid	Reduced_Prefixoid	InternHy_Prefixoid	Letter_Prefixoid	BEZ_Prefixoid	BES_Prefixoid	BEZer_Prefixoid	V_Prefixoid	InternModEr_Prefixoid	RusHy_Prefixoid	NAI_Prefixoid	POL_Prefixoid	NI_Prefixoid	KOE_Prefixoid	Intern_ReducedPrefixoid	InternMod_Prefixoid	Chem_Prefixoid	ProperNamePrefixoid	Chemical_Possible	ParticipleFullForm	Plural	FiveAndMore	Three	Four	Two	SevenEight	AdjectiveFullForm	AdjectiveShortForm	AdjectiveShortFlectional	NounProperGeneral	NounProperSurNameFlective	NounProperTown	NounProperName	AdjectiveProper	NounProperPatronymic	NounProperNameDimin	AbbrProperGeneral	NounProperSurNameForeign	NormalNumberParadigm	FullRealization
43	74	на	на	285063	285062	Animate	Inanimate	Reflexive	FullReflexivity	NonReflexive	ImperfectiveReflexivity	NormalMorphForm	DefectOne	DefectTwo	Byt	DefectThree	DefectFour	GTInvariable	NotEllipted	VocalForm	NForm	NotControlled	ZeroTypeOfCoordination	Composite_ski	Composite_iko	Composite_sko	NoCompositeness	Composite_o	Composite_e	Composite_usek	Composite_null	Composite_Numeral	Composite_cko	Composite_cki	Composite_ComplexNumeral	Composite_NumeralFull	Composite_NumeralShort	DegreeComparative	DegreePositive	DegreeSuperlative	Adverb_Un_Hyphen	Adverb_With_Hyphen	DeclensionAdjectival	DeclensionNominal	DeclensionMixed	Indeclinable	Comp_Suffixoid	Un_Comp_Suf	Comp_Suffixoid_Num_OJ	Comp_Suffixoid_Num_YJ	Comp_Suffixoid_Num_IJ	Comp_Suffixoid_Num_J	Comp_PunctuatorPost	Comp_PunctuatorPref	Comp_PunctuatorPostSeparable	Comp_PunctuatorPrefSeparable	Comp_Prefixoid	Comp_Suffixoid_Num_PercentYJ	Comp_Noun	Comp_Suffixoid_Chem	Comp_Adj	Comp_SuffixoidAbbr	BiAspectual	MonoAspectual	Paired	FullSynthComparison	NoSynthComparative	NoSynthSuperlative	OnlySuperlative	MOne	MTwo	MThree	NormalClassifyingCapitalization	Future	Past	Present	Preposition	ZeroDoubleConjunct	NotCommonChild	Accusative	Dative	Genitive	Instrumental	Locative	Nominative	Partitive	Prepositional	DativeSpecial	ZeroCase	Vocative	RCDemonstrative	RCAttributive	RCPossessive	RCIndefinite	RCPersonal	RCInterrogative	RCNegative	RCReflexive	RCNoun	NoPlacement	Imperfective	Perfective	NotDefaultFiller	Feminine	Masculine	Neuter	Common	NoLeftmostPlacement	Iterat	UnIterat	NoRightmostPlacement	NotLeftConjunct	PersonFirst	PersonSecond	PersonThird	PersonZero	Active	VoiceSya	Passive	VerbIntransitive	VerbIntransitiveSpecial	VerbTransitive	VerbTransitiveSpecial	NotRightConjunct	NoSpecialCaseForm	Locative_u	Genitive_u	Plural_consonant	Genitive_Locative_u	GenitivePlural_Zero	NominativePlural_a	SpecialPlual	SpecialVocative	NoContrast	NormalCapitalization	PO_Prefixoid	Rus_Prefixoid	VPOL_Prefixoid	NE_Prefixoid	Eval_Prefixoid	Intern_Prefixoid	Reduced_Prefixoid	InternHy_Prefixoid	Letter_Prefixoid	BEZ_Prefixoid	BES_Prefixoid	BEZer_Prefixoid	V_Prefixoid	InternModEr_Prefixoid	RusHy_Prefixoid	NAI_Prefixoid	POL_Prefixoid	NI_Prefixoid	KOE_Prefixoid	Intern_ReducedPrefixoid	InternMod_Prefixoid	Chem_Prefixoid	ProperNamePrefixoid	Chemical_Possible	ParticipleFullForm	ParticipleShortForm	Plural	Singular	FiveAndMore	Three	Four	Two	SevenEight	AdjectiveFullForm	AdjectiveShortForm	AdjectiveShortFlectional	NounProperGeneral	NounProperSurNameFlective	NounProperTown	NounProperName	AdjectiveProper	NounProperPatronymic	NounProperNameDimin	AbbrProperGeneral	NounProperSurNameForeign	NormalNumberParadigm	FullRealization
43	77	тему	тему	285062	285061	Inanimate	Reflexive	FullReflexivity	NonReflexive	ImperfectiveReflexivity	NormalMorphForm	DefectOne	DefectTwo	Byt	DefectThree	DefectFour	GTNoun	NotEllipted	VocalForm	NForm	NotControlled	ZeroTypeOfCoordination	NoCompositeness	DegreeComparative	DegreePositive	DegreeSuperlative	Adverb_Un_Hyphen	Adverb_With_Hyphen	DeclensionNominal	Un_Comp_Suf	BiAspectual	MonoAspectual	Paired	FullSynthComparison	NoSynthComparative	NoSynthSuperlative	OnlySuperlative	MOne	MTwo	MThree	NormalClassifyingCapitalization	Future	Past	Present	Noun	ZeroDoubleConjunct	NotCommonChild	Accusative	RCDemonstrative	RCAttributive	RCPossessive	RCIndefinite	RCPersonal	RCInterrogative	RCNegative	RCReflexive	RCNoun	NoPlacement	Imperfective	Perfective	NotDefaultFiller	Feminine	NoLeftmostPlacement	Iterat	UnIterat	NoRightmostPlacement	NotLeftConjunct	PersonFirst	PersonSecond	PersonThird	PersonZero	Active	VoiceSya	Passive	VerbIntransitive	VerbIntransitiveSpecial	VerbTransitive	VerbTransitiveSpecial	NotRightConjunct	NoSpecialCaseForm	NoContrast	NormalCapitalization	PO_Prefixoid	Rus_Prefixoid	VPOL_Prefixoid	NE_Prefixoid	Eval_Prefixoid	Intern_Prefixoid	Reduced_Prefixoid	InternHy_Prefixoid	Letter_Prefixoid	BEZ_Prefixoid	BES_Prefixoid	BEZer_Prefixoid	V_Prefixoid	InternModEr_Prefixoid	RusHy_Prefixoid	NAI_Prefixoid	POL_Prefixoid	NI_Prefixoid	KOE_Prefixoid	Intern_ReducedPrefixoid	InternMod_Prefixoid	Chem_Prefixoid	ProperNamePrefixoid	Chemical_Possible	ParticipleFullForm	ParticipleShortForm	Singular	FiveAndMore	Three	Four	Two	SevenEight	AdjectiveFullForm	AdjectiveShortForm	AdjectiveShortFlectional	NounProperGeneral	NounProperSurNameFlective	NounProperTown	NounProperName	AdjectiveProper	NounProperPatronymic	NounProperNameDimin	AbbrProperGeneral	NounProperSurNameForeign	NormalNumberParadigm	FullRealization
43	82	нейро	нейро	285065	285064	Animate	Inanimate	Animate	Inanimate	Reflexive	FullReflexivity	NonReflexive	ImperfectiveReflexivity	Reflexive	FullReflexivity	NonReflexive	ImperfectiveReflexivity	NormalMorphForm	NormalMorphForm	DefectOne	DefectTwo	Byt	DefectThree	DefectFour	DefectOne	DefectTwo	Byt	DefectThree	DefectFour	GTInvariable	GTAdverb	GTImperative	GTNoun	NotEllipted	NotEllipted	VocalForm	NForm	VocalForm	NForm	NotControlled	NotControlled	ZeroTypeOfCoordination	ZeroTypeOfCoordination	Composite_ski	Composite_iko	Composite_sko	NoCompositeness	Composite_o	Composite_e	Composite_usek	Composite_null	Composite_Numeral	Composite_cko	Composite_cki	Composite_ComplexNumeral	Composite_NumeralFull	Composite_NumeralShort	Composite_ski	Composite_iko	Composite_sko	NoCompositeness	Composite_o	Composite_e	Composite_usek	Composite_null	Composite_Numeral	Composite_cko	Composite_cki	Composite_ComplexNumeral	Composite_NumeralFull	Composite_NumeralShort	DegreeComparative	DegreePositive	DegreeSuperlative	DegreeComparative	DegreePositive	DegreeSuperlative	Adverb_Un_Hyphen	Adverb_With_Hyphen	Adverb_Un_Hyphen	Adverb_With_Hyphen	DeclensionAdjectival	DeclensionNominal	DeclensionMixed	Indeclinable	DeclensionAdjectival	DeclensionNominal	DeclensionMixed	Indeclinable	Un_Comp_Suf	Comp_Suffixoid	Un_Comp_Suf	Comp_Suffixoid_Num_OJ	Comp_Suffixoid_Num_YJ	Comp_Suffixoid_Num_IJ	Comp_Suffixoid_Num_J	Comp_PunctuatorPost	Comp_PunctuatorPref	Comp_PunctuatorPostSeparable	Comp_PunctuatorPrefSeparable	Comp_Prefixoid	Comp_Suffixoid_Num_PercentYJ	Comp_Noun	Comp_Suffixoid_Chem	Comp_Adj	Comp_SuffixoidAbbr	BiAspectual	MonoAspectual	Paired	BiAspectual	MonoAspectual	Paired	FullSynthComparison	NoSynthComparative	NoSynthSuperlative	OnlySuperlative	FullSynthComparison	NoSynthComparative	NoSynthSuperlative	OnlySuperlative	MOne	MTwo	MThree	MOne	MTwo	MThree	NormalClassifyingCapitalization	NormalClassifyingCapitalization	Future	Past	Present	Future	Past	Present	Prefixoid	Adverb	Noun	Verb	ZeroDoubleConjunct	ZeroDoubleConjunct	NotCommonChild	NotCommonChild	Accusative	Dative	Genitive	Instrumental	Locative	Nominative	Partitive	Prepositional	DativeSpecial	ZeroCase	Vocative	Accusative	Dative	Genitive	Instrumental	Locative	Nominative	Partitive	Prepositional	DativeSpecial	ZeroCase	Vocative	RCDemonstrative	RCAttributive	RCPossessive	RCIndefinite	RCPersonal	RCInterrogative	RCNegative	RCReflexive	RCNoun	RCDemonstrative	RCAttributive	RCPossessive	RCIndefinite	RCPersonal	RCInterrogative	RCNegative	RCReflexive	RCNoun	NoPlacement	NoPlacement	Imperfective	Perfective	Imperfective	Perfective	NotDefaultFiller	NotDefaultFiller	Feminine	Masculine	Neuter	Common	Feminine	Masculine	Neuter	Common	NoLeftmostPlacement	NoLeftmostPlacement	Iterat	UnIterat	Iterat	UnIterat	NoRightmostPlacement	NoRightmostPlacement	NotLeftConjunct	NotLeftConjunct	PersonFirst	PersonSecond	PersonThird	PersonZero	PersonFirst	PersonSecond	PersonThird	PersonZero	Active	VoiceSya	Passive	Active	VoiceSya	Passive	VerbIntransitive	VerbIntransitiveSpecial	VerbTransitive	VerbTransitiveSpecial	VerbIntransitive	VerbIntransitiveSpecial	VerbTransitive	VerbTransitiveSpecial	NotRightConjunct	NotRightConjunct	NoSpecialCaseForm	Locative_u	Genitive_u	Plural_consonant	Genitive_Locative_u	GenitivePlural_Zero	NominativePlural_a	SpecialPlual	SpecialVocative	NoSpecialCaseForm	Locative_u	Genitive_u	Plural_consonant	Genitive_Locative_u	GenitivePlural_Zero	NominativePlural_a	SpecialPlual	SpecialVocative	NoContrast	NoContrast	NormalCapitalization	NormalCapitalization	Chemical_Possible	PO_Prefixoid	Rus_Prefixoid	VPOL_Prefixoid	NE_Prefixoid	Eval_Prefixoid	Intern_Prefixoid	Reduced_Prefixoid	InternHy_Prefixoid	Letter_Prefixoid	BEZ_Prefixoid	BES_Prefixoid	BEZer_Prefixoid	V_Prefixoid	InternModEr_Prefixoid	RusHy_Prefixoid	NAI_Prefixoid	POL_Prefixoid	NI_Prefixoid	KOE_Prefixoid	Intern_ReducedPrefixoid	InternMod_Prefixoid	Chem_Prefixoid	ProperNamePrefixoid	Chemical_Possible	ParticipleFullForm	ParticipleShortForm	ParticipleFullForm	ParticipleShortForm	Plural	Singular	Plural	Singular	FiveAndMore	Three	Four	Two	SevenEight	FiveAndMore	Three	Four	Two	SevenEight	AdjectiveFullForm	AdjectiveShortForm	AdjectiveShortFlectional	AdjectiveFullForm	AdjectiveShortForm	AdjectiveShortFlectional	NounProperGeneral	NounProperSurNameFlective	NounProperTown	NounProperName	AdjectiveProper	NounProperPatronymic	NounProperNameDimin	AbbrProperGeneral	NounProperSurNameForeign	NounProperGeneral	NounProperSurNameFlective	NounProperTown	NounProperName	AdjectiveProper	NounProperPatronymic	NounProperNameDimin	AbbrProperGeneral	NounProperSurNameForeign	NormalNumberParadigm	NormalNumberParadigm	PluraliaTantum	SingulariaTantum	FullRealization	FullRealization
43	87	протекции	протекции	285064	285062	Inanimate	Reflexive	FullReflexivity	NonReflexive	ImperfectiveReflexivity	NormalMorphForm	DefectOne	DefectTwo	Byt	DefectThree	DefectFour	GTNoun	NotEllipted	VocalForm	NForm	NotControlled	ZeroTypeOfCoordination	NoCompositeness	DegreeComparative	DegreePositive	DegreeSuperlative	Adverb_Un_Hyphen	Adverb_With_Hyphen	DeclensionNominal	Un_Comp_Suf	BiAspectual	MonoAspectual	Paired	FullSynthComparison	NoSynthComparative	NoSynthSuperlative	OnlySuperlative	MOne	MTwo	MThree	NormalClassifyingCapitalization	Future	Past	Present	Noun	ZeroDoubleConjunct	NotCommonChild	Accusative	Dative	Genitive	Locative	Nominative	Partitive	Prepositional	RCDemonstrative	RCAttributive	RCPossessive	RCIndefinite	RCPersonal	RCInterrogative	RCNegative	RCReflexive	RCNoun	NoPlacement	Imperfective	Perfective	NotDefaultFiller	Feminine	NoLeftmostPlacement	Iterat	UnIterat	NoRightmostPlacement	NotLeftConjunct	PersonFirst	PersonSecond	PersonThird	PersonZero	Active	VoiceSya	Passive	VerbIntransitive	VerbIntransitiveSpecial	VerbTransitive	VerbTransitiveSpecial	NotRightConjunct	NoSpecialCaseForm	NoContrast	NormalCapitalization	PO_Prefixoid	Rus_Prefixoid	VPOL_Prefixoid	NE_Prefixoid	Eval_Prefixoid	Intern_Prefixoid	Reduced_Prefixoid	InternHy_Prefixoid	Letter_Prefixoid	BEZ_Prefixoid	BES_Prefixoid	BEZer_Prefixoid	V_Prefixoid	InternModEr_Prefixoid	RusHy_Prefixoid	NAI_Prefixoid	POL_Prefixoid	NI_Prefixoid	KOE_Prefixoid	Intern_ReducedPrefixoid	InternMod_Prefixoid	Chem_Prefixoid	ProperNamePrefixoid	Chemical_Possible	ParticipleFullForm	ParticipleShortForm	Plural	Singular	FiveAndMore	Three	Four	Two	SevenEight	AdjectiveFullForm	AdjectiveShortForm	AdjectiveShortFlectional	NounProperGeneral	NounProperSurNameFlective	NounProperTown	NounProperName	AdjectiveProper	NounProperPatronymic	NounProperNameDimin	AbbrProperGeneral	NounProperSurNameForeign	NormalNumberParadigm	FullRealization
43	99	защиты	защиты	285066	285064	Inanimate	Reflexive	FullReflexivity	NonReflexive	ImperfectiveReflexivity	NormalMorphForm	DefectOne	DefectTwo	Byt	DefectThree	DefectFour	GTNoun	NotEllipted	VocalForm	NForm	NotControlled	ZeroTypeOfCoordination	NoCompositeness	DegreeComparative	DegreePositive	DegreeSuperlative	Adverb_Un_Hyphen	Adverb_With_Hyphen	DeclensionNominal	Un_Comp_Suf	BiAspectual	MonoAspectual	Paired	FullSynthComparison	NoSynthComparative	NoSynthSuperlative	OnlySuperlative	MOne	MTwo	MThree	NormalClassifyingCapitalization	Future	Past	Present	Noun	ZeroDoubleConjunct	NotCommonChild	Accusative	Genitive	Nominative	Partitive	RCDemonstrative	RCAttributive	RCPossessive	RCIndefinite	RCPersonal	RCInterrogative	RCNegative	RCReflexive	RCNoun	NoPlacement	Imperfective	Perfective	NotDefaultFiller	Feminine	NoLeftmostPlacement	Iterat	UnIterat	NoRightmostPlacement	NotLeftConjunct	PersonFirst	PersonSecond	PersonThird	PersonZero	Active	VoiceSya	Passive	VerbIntransitive	VerbIntransitiveSpecial	VerbTransitive	VerbTransitiveSpecial	NotRightConjunct	NoSpecialCaseForm	NoContrast	NormalCapitalization	PO_Prefixoid	Rus_Prefixoid	VPOL_Prefixoid	NE_Prefixoid	Eval_Prefixoid	Intern_Prefixoid	Reduced_Prefixoid	InternHy_Prefixoid	Letter_Prefixoid	BEZ_Prefixoid	BES_Prefixoid	BEZer_Prefixoid	V_Prefixoid	InternModEr_Prefixoid	RusHy_Prefixoid	NAI_Prefixoid	POL_Prefixoid	NI_Prefixoid	KOE_Prefixoid	Intern_ReducedPrefixoid	InternMod_Prefixoid	Chem_Prefixoid	ProperNamePrefixoid	Chemical_Possible	ParticipleFullForm	ParticipleShortForm	Plural	Singular	FiveAndMore	Three	Four	Two	SevenEight	AdjectiveFullForm	AdjectiveShortForm	AdjectiveShortFlectional	NounProperGeneral	NounProperSurNameFlective	NounProperTown	NounProperName	AdjectiveProper	NounProperPatronymic	NounProperNameDimin	AbbrProperGeneral	NounProperSurNameForeign	NormalNumberParadigm	FullRealization
43	106	мозга	мозга	285067	285066	Inanimate	Reflexive	FullReflexivity	NonReflexive	ImperfectiveReflexivity	NormalMorphForm	DefectOne	DefectTwo	Byt	DefectThree	DefectFour	GTNoun	NotEllipted	VocalForm	NForm	NotControlled	ZeroTypeOfCoordination	NoCompositeness	DegreeComparative	DegreePositive	DegreeSuperlative	Adverb_Un_Hyphen	Adverb_With_Hyphen	DeclensionNominal	Un_Comp_Suf	BiAspectual	MonoAspectual	Paired	FullSynthComparison	NoSynthComparative	NoSynthSuperlative	OnlySuperlative	MOne	MTwo	MThree	NormalClassifyingCapitalization	Future	Past	Present	Noun	ZeroDoubleConjunct	NotCommonChild	Genitive	RCDemonstrative	RCAttributive	RCPossessive	RCIndefinite	RCPersonal	RCInterrogative	RCNegative	RCReflexive	RCNoun	NoPlacement	Imperfective	Perfective	NotDefaultFiller	Masculine	NoLeftmostPlacement	Iterat	UnIterat	NoRightmostPlacement	NotLeftConjunct	PersonFirst	PersonSecond	PersonThird	PersonZero	Active	VoiceSya	Passive	VerbIntransitive	VerbIntransitiveSpecial	VerbTransitive	VerbTransitiveSpecial	NotRightConjunct	Locative_u	NoContrast	NormalCapitalization	PO_Prefixoid	Rus_Prefixoid	VPOL_Prefixoid	NE_Prefixoid	Eval_Prefixoid	Intern_Prefixoid	Reduced_Prefixoid	InternHy_Prefixoid	Letter_Prefixoid	BEZ_Prefixoid	BES_Prefixoid	BEZer_Prefixoid	V_Prefixoid	InternModEr_Prefixoid	RusHy_Prefixoid	NAI_Prefixoid	POL_Prefixoid	NI_Prefixoid	KOE_Prefixoid	Intern_ReducedPrefixoid	InternMod_Prefixoid	Chem_Prefixoid	ProperNamePrefixoid	Chemical_Possible	ParticipleFullForm	ParticipleShortForm	Singular	FiveAndMore	Three	Four	Two	SevenEight	AdjectiveFullForm	AdjectiveShortForm	AdjectiveShortFlectional	NounProperGeneral	NounProperSurNameFlective	NounProperTown	NounProperName	AdjectiveProper	NounProperPatronymic	NounProperNameDimin	AbbrProperGeneral	NounProperSurNameForeign	NormalNumberParadigm	FullRealization
43	112	в	в	285069	285068	Animate	Inanimate	Inanimate	Reflexive	FullReflexivity	NonReflexive	ImperfectiveReflexivity	Reflexive	FullReflexivity	NonReflexive	ImperfectiveReflexivity	NormalMorphForm	NormalMorphForm	DefectOne	DefectTwo	Byt	DefectThree	DefectFour	DefectOne	DefectTwo	Byt	DefectThree	DefectFour	GTInvariable	GTNoun	NotEllipted	NotEllipted	VocalForm	NForm	VocalForm	NForm	NotControlled	NotControlled	ZeroTypeOfCoordination	ZeroTypeOfCoordination	Composite_ski	Composite_iko	Composite_sko	NoCompositeness	Composite_o	Composite_e	Composite_usek	Composite_null	Composite_Numeral	Composite_cko	Composite_cki	Composite_ComplexNumeral	Composite_NumeralFull	Composite_NumeralShort	NoCompositeness	DegreeComparative	DegreePositive	DegreeSuperlative	DegreeComparative	DegreePositive	DegreeSuperlative	Adverb_Un_Hyphen	Adverb_With_Hyphen	Adverb_Un_Hyphen	Adverb_With_Hyphen	DeclensionAdjectival	DeclensionNominal	DeclensionMixed	Indeclinable	Indeclinable	Comp_Suffixoid	Un_Comp_Suf	Comp_Suffixoid_Num_OJ	Comp_Suffixoid_Num_YJ	Comp_Suffixoid_Num_IJ	Comp_Suffixoid_Num_J	Comp_PunctuatorPost	Comp_PunctuatorPref	Comp_PunctuatorPostSeparable	Comp_PunctuatorPrefSeparable	Comp_Prefixoid	Comp_Suffixoid_Num_PercentYJ	Comp_Noun	Comp_Suffixoid_Chem	Comp_Adj	Comp_SuffixoidAbbr	Comp_PunctuatorPostSeparable	BiAspectual	MonoAspectual	Paired	BiAspectual	MonoAspectual	Paired	FullSynthComparison	NoSynthComparative	NoSynthSuperlative	OnlySuperlative	FullSynthComparison	NoSynthComparative	NoSynthSuperlative	OnlySuperlative	MOne	MTwo	MThree	MOne	MTwo	MThree	NormalClassifyingCapitalization	NormalClassifyingCapitalization	Future	Past	Present	Future	Past	Present	Preposition	Noun	ZeroDoubleConjunct	ZeroDoubleConjunct	NotCommonChild	NotCommonChild	Accusative	Dative	Genitive	Instrumental	Locative	Nominative	Partitive	Prepositional	DativeSpecial	ZeroCase	Vocative	Accusative	Dative	Genitive	Instrumental	Locative	Nominative	Partitive	Prepositional	RCDemonstrative	RCAttributive	RCPossessive	RCIndefinite	RCPersonal	RCInterrogative	RCNegative	RCReflexive	RCNoun	RCDemonstrative	RCAttributive	RCPossessive	RCIndefinite	RCPersonal	RCInterrogative	RCNegative	RCReflexive	RCNoun	NoPlacement	NoPlacement	Imperfective	Perfective	Imperfective	Perfective	NotDefaultFiller	NotDefaultFiller	Feminine	Masculine	Neuter	Common	Masculine	NoLeftmostPlacement	NoLeftmostPlacement	Iterat	UnIterat	Iterat	UnIterat	NoRightmostPlacement	NoRightmostPlacement	NotLeftConjunct	NotLeftConjunct	PersonFirst	PersonSecond	PersonThird	PersonZero	PersonFirst	PersonSecond	PersonThird	PersonZero	Active	VoiceSya	Passive	Active	VoiceSya	Passive	VerbIntransitive	VerbIntransitiveSpecial	VerbTransitive	VerbTransitiveSpecial	VerbIntransitive	VerbIntransitiveSpecial	VerbTransitive	VerbTransitiveSpecial	NotRightConjunct	NotRightConjunct	NoSpecialCaseForm	Locative_u	Genitive_u	Plural_consonant	Genitive_Locative_u	GenitivePlural_Zero	NominativePlural_a	SpecialPlual	SpecialVocative	NoSpecialCaseForm	Locative_u	Genitive_u	Plural_consonant	Genitive_Locative_u	GenitivePlural_Zero	NominativePlural_a	SpecialPlual	SpecialVocative	NoContrast	NoContrast	NormalCapitalization	NormalCapitalization	PO_Prefixoid	Rus_Prefixoid	VPOL_Prefixoid	NE_Prefixoid	Eval_Prefixoid	Intern_Prefixoid	Reduced_Prefixoid	InternHy_Prefixoid	Letter_Prefixoid	BEZ_Prefixoid	BES_Prefixoid	BEZer_Prefixoid	V_Prefixoid	InternModEr_Prefixoid	RusHy_Prefixoid	NAI_Prefixoid	POL_Prefixoid	NI_Prefixoid	KOE_Prefixoid	Intern_ReducedPrefixoid	InternMod_Prefixoid	Chem_Prefixoid	ProperNamePrefixoid	Chemical_Possible	PO_Prefixoid	Rus_Prefixoid	VPOL_Prefixoid	NE_Prefixoid	Eval_Prefixoid	Intern_Prefixoid	Reduced_Prefixoid	InternHy_Prefixoid	Letter_Prefixoid	BEZ_Prefixoid	BES_Prefixoid	BEZer_Prefixoid	V_Prefixoid	InternModEr_Prefixoid	RusHy_Prefixoid	NAI_Prefixoid	POL_Prefixoid	NI_Prefixoid	KOE_Prefixoid	Intern_ReducedPrefixoid	InternMod_Prefixoid	Chem_Prefixoid	ProperNamePrefixoid	Chemical_Possible	ParticipleFullForm	ParticipleShortForm	ParticipleFullForm	ParticipleShortForm	Plural	Singular	Plural	Singular	FiveAndMore	Three	Four	Two	SevenEight	FiveAndMore	Three	Four	Two	SevenEight	AdjectiveFullForm	AdjectiveShortForm	AdjectiveShortFlectional	AdjectiveFullForm	AdjectiveShortForm	AdjectiveShortFlectional	NounProperGeneral	NounProperSurNameFlective	NounProperTown	NounProperName	AdjectiveProper	NounProperPatronymic	NounProperNameDimin	AbbrProperGeneral	NounProperSurNameForeign	NounProperGeneral	NounProperSurNameFlective	NounProperTown	NounProperName	AdjectiveProper	NounProperPatronymic	NounProperNameDimin	AbbrProperGeneral	NounProperSurNameForeign	NormalNumberParadigm	NormalNumberParadigm	FullRealization	FullRealization
43	114	экстремальных	экстремальных	285070	285068	Animate	Inanimate	Reflexive	FullReflexivity	NonReflexive	ImperfectiveReflexivity	NormalMorphForm	DefectOne	DefectTwo	Byt	DefectThree	DefectFour	GTAdjective	NotEllipted	VocalForm	NForm	NotControlled	ZeroTypeOfCoordination	NoCompositeness	DegreePositive	Adverb_Un_Hyphen	Adverb_With_Hyphen	DeclensionAdjectival	DeclensionNominal	DeclensionMixed	Indeclinable	Un_Comp_Suf	BiAspectual	MonoAspectual	Paired	FullSynthComparison	MOne	MTwo	MThree	NormalClassifyingCapitalization	Future	Past	Present	Adjective	ZeroDoubleConjunct	NotCommonChild	Accusative	Genitive	Locative	Partitive	Prepositional	RCDemonstrative	RCAttributive	RCPossessive	RCIndefinite	RCPersonal	RCInterrogative	RCNegative	RCReflexive	RCNoun	NoPlacement	Imperfective	Perfective	NotDefaultFiller	Feminine	Masculine	Neuter	Common	NoLeftmostPlacement	Iterat	UnIterat	NoRightmostPlacement	NotLeftConjunct	PersonFirst	PersonSecond	PersonThird	PersonZero	Active	VoiceSya	Passive	VerbIntransitive	VerbIntransitiveSpecial	VerbTransitive	VerbTransitiveSpecial	NotRightConjunct	NoSpecialCaseForm	Locative_u	Genitive_u	Plural_consonant	Genitive_Locative_u	GenitivePlural_Zero	NominativePlural_a	SpecialPlual	SpecialVocative	NoContrast	NormalCapitalization	PO_Prefixoid	Rus_Prefixoid	VPOL_Prefixoid	NE_Prefixoid	Eval_Prefixoid	Intern_Prefixoid	Reduced_Prefixoid	InternHy_Prefixoid	Letter_Prefixoid	BEZ_Prefixoid	BES_Prefixoid	BEZer_Prefixoid	V_Prefixoid	InternModEr_Prefixoid	RusHy_Prefixoid	NAI_Prefixoid	POL_Prefixoid	NI_Prefixoid	KOE_Prefixoid	Intern_ReducedPrefixoid	InternMod_Prefixoid	Chem_Prefixoid	ProperNamePrefixoid	Chemical_Possible	ParticipleFullForm	ParticipleShortForm	Plural	FiveAndMore	Three	Four	Two	SevenEight	AdjectiveFullForm	NounProperGeneral	NounProperSurNameFlective	NounProperTown	NounProperName	AdjectiveProper	NounProperPatronymic	NounProperNameDimin	AbbrProperGeneral	NounProperSurNameForeign	NormalNumberParadigm	FullRealization
43	128	случаях	случаях	285068	285066	Inanimate	Reflexive	FullReflexivity	NonReflexive	ImperfectiveReflexivity	NormalMorphForm	DefectOne	DefectTwo	Byt	DefectThree	DefectFour	GTNoun	NotEllipted	VocalForm	NForm	NotControlled	ZeroTypeOfCoordination	NoCompositeness	DegreeComparative	DegreePositive	DegreeSuperlative	Adverb_Un_Hyphen	Adverb_With_Hyphen	DeclensionNominal	Un_Comp_Suf	BiAspectual	MonoAspectual	Paired	FullSynthComparison	NoSynthComparative	NoSynthSuperlative	OnlySuperlative	MOne	MTwo	MThree	NormalClassifyingCapitalization	Future	Past	Present	Noun	ZeroDoubleConjunct	NotCommonChild	Locative	Prepositional	RCDemonstrative	RCAttributive	RCPossessive	RCIndefinite	RCPersonal	RCInterrogative	RCNegative	RCReflexive	RCNoun	NoPlacement	Imperfective	Perfective	NotDefaultFiller	Masculine	NoLeftmostPlacement	Iterat	UnIterat	NoRightmostPlacement	NotLeftConjunct	PersonFirst	PersonSecond	PersonThird	PersonZero	Active	VoiceSya	Passive	VerbIntransitive	VerbIntransitiveSpecial	VerbTransitive	VerbTransitiveSpecial	NotRightConjunct	NoSpecialCaseForm	NoContrast	NormalCapitalization	PO_Prefixoid	Rus_Prefixoid	VPOL_Prefixoid	NE_Prefixoid	Eval_Prefixoid	Intern_Prefixoid	Reduced_Prefixoid	InternHy_Prefixoid	Letter_Prefixoid	BEZ_Prefixoid	BES_Prefixoid	BEZer_Prefixoid	V_Prefixoid	InternModEr_Prefixoid	RusHy_Prefixoid	NAI_Prefixoid	POL_Prefixoid	NI_Prefixoid	KOE_Prefixoid	Intern_ReducedPrefixoid	InternMod_Prefixoid	Chem_Prefixoid	ProperNamePrefixoid	Chemical_Possible	ParticipleFullForm	ParticipleShortForm	Plural	FiveAndMore	Three	Four	Two	SevenEight	AdjectiveFullForm	AdjectiveShortForm	AdjectiveShortFlectional	NounProperGeneral	NounProperSurNameFlective	NounProperTown	NounProperName	AdjectiveProper	NounProperPatronymic	NounProperNameDimin	AbbrProperGeneral	NounProperSurNameForeign	NormalNumberParadigm	FullRealization
43	136	его	его	285072	285071	Animate	Inanimate	Animate	Inanimate	Reflexive	FullReflexivity	NonReflexive	ImperfectiveReflexivity	Reflexive	FullReflexivity	NonReflexive	ImperfectiveReflexivity	NormalMorphForm	NormalMorphForm	DefectOne	DefectTwo	Byt	DefectThree	DefectFour	DefectOne	DefectTwo	Byt	DefectThree	DefectFour	GTAdjectiveAttributive	GTNoun	NotEllipted	NotEllipted	VocalForm	NForm	VocalForm	NotControlled	NotControlled	ZeroTypeOfCoordination	ZeroTypeOfCoordination	Composite_ski	Composite_iko	Composite_sko	NoCompositeness	Composite_o	Composite_e	Composite_usek	Composite_null	Composite_Numeral	Composite_cko	Composite_cki	Composite_ComplexNumeral	Composite_NumeralFull	Composite_NumeralShort	Composite_ski	Composite_iko	Composite_sko	NoCompositeness	Composite_o	Composite_e	Composite_usek	Composite_null	Composite_Numeral	Composite_cko	Composite_cki	Composite_ComplexNumeral	Composite_NumeralFull	Composite_NumeralShort	DegreeComparative	DegreePositive	DegreeSuperlative	DegreeComparative	DegreePositive	DegreeSuperlative	Adverb_Un_Hyphen	Adverb_With_Hyphen	Adverb_Un_Hyphen	Adverb_With_Hyphen	DeclensionAdjectival	DeclensionNominal	DeclensionMixed	Indeclinable	DeclensionAdjectival	DeclensionNominal	DeclensionMixed	Indeclinable	Comp_Suffixoid	Un_Comp_Suf	Comp_Suffixoid_Num_OJ	Comp_Suffixoid_Num_YJ	Comp_Suffixoid_Num_IJ	Comp_Suffixoid_Num_J	Comp_PunctuatorPost	Comp_PunctuatorPref	Comp_PunctuatorPostSeparable	Comp_PunctuatorPrefSeparable	Comp_Prefixoid	Comp_Suffixoid_Num_PercentYJ	Comp_Noun	Comp_Suffixoid_Chem	Comp_Adj	Comp_SuffixoidAbbr	Comp_Suffixoid	Un_Comp_Suf	Comp_Suffixoid_Num_OJ	Comp_Suffixoid_Num_YJ	Comp_Suffixoid_Num_IJ	Comp_Suffixoid_Num_J	Comp_PunctuatorPost	Comp_PunctuatorPref	Comp_PunctuatorPostSeparable	Comp_PunctuatorPrefSeparable	Comp_Prefixoid	Comp_Suffixoid_Num_PercentYJ	Comp_Noun	Comp_Suffixoid_Chem	Comp_Adj	Comp_SuffixoidAbbr	BiAspectual	MonoAspectual	Paired	BiAspectual	MonoAspectual	Paired	FullSynthComparison	NoSynthComparative	NoSynthSuperlative	OnlySuperlative	FullSynthComparison	NoSynthComparative	NoSynthSuperlative	OnlySuperlative	MOne	MTwo	MThree	MOne	MTwo	MThree	NormalClassifyingCapitalization	NormalClassifyingCapitalization	Future	Past	Present	Future	Past	Present	Pronoun	Pronoun	ZeroDoubleConjunct	ZeroDoubleConjunct	NotCommonChild	NotCommonChild	Accusative	Dative	Genitive	Instrumental	Locative	Nominative	Partitive	Prepositional	Accusative	Genitive	RCPossessive	RCPersonal	NoPlacement	NoPlacement	Imperfective	Perfective	Imperfective	Perfective	NotDefaultFiller	NotDefaultFiller	Feminine	Masculine	Neuter	Common	Masculine	Neuter	NoLeftmostPlacement	NoLeftmostPlacement	Iterat	UnIterat	Iterat	UnIterat	NoRightmostPlacement	NoRightmostPlacement	NotLeftConjunct	NotLeftConjunct	PersonThird	PersonThird	Active	VoiceSya	Passive	Active	VoiceSya	Passive	VerbIntransitive	VerbIntransitiveSpecial	VerbTransitive	VerbTransitiveSpecial	VerbIntransitive	VerbIntransitiveSpecial	VerbTransitive	VerbTransitiveSpecial	NotRightConjunct	NotRightConjunct	NoSpecialCaseForm	Locative_u	Genitive_u	Plural_consonant	Genitive_Locative_u	GenitivePlural_Zero	NominativePlural_a	SpecialPlual	SpecialVocative	NoSpecialCaseForm	Locative_u	Genitive_u	Plural_consonant	Genitive_Locative_u	GenitivePlural_Zero	NominativePlural_a	SpecialPlual	SpecialVocative	NoContrast	NoContrast	NormalCapitalization	NormalCapitalization	PO_Prefixoid	Rus_Prefixoid	VPOL_Prefixoid	NE_Prefixoid	Eval_Prefixoid	Intern_Prefixoid	Reduced_Prefixoid	InternHy_Prefixoid	Letter_Prefixoid	BEZ_Prefixoid	BES_Prefixoid	BEZer_Prefixoid	V_Prefixoid	InternModEr_Prefixoid	RusHy_Prefixoid	NAI_Prefixoid	POL_Prefixoid	NI_Prefixoid	KOE_Prefixoid	Intern_ReducedPrefixoid	InternMod_Prefixoid	Chem_Prefixoid	ProperNamePrefixoid	Chemical_Possible	PO_Prefixoid	Rus_Prefixoid	VPOL_Prefixoid	NE_Prefixoid	Eval_Prefixoid	Intern_Prefixoid	Reduced_Prefixoid	InternHy_Prefixoid	Letter_Prefixoid	BEZ_Prefixoid	BES_Prefixoid	BEZer_Prefixoid	V_Prefixoid	InternModEr_Prefixoid	RusHy_Prefixoid	NAI_Prefixoid	POL_Prefixoid	NI_Prefixoid	KOE_Prefixoid	Intern_ReducedPrefixoid	InternMod_Prefixoid	Chem_Prefixoid	ProperNamePrefixoid	Chemical_Possible	ParticipleFullForm	ParticipleShortForm	ParticipleFullForm	ParticipleShortForm	Plural	Singular	Singular	FiveAndMore	Three	Four	Two	SevenEight	FiveAndMore	Three	Four	Two	SevenEight	AdjectiveFullForm	AdjectiveFullForm	AdjectiveShortForm	AdjectiveShortFlectional	NounProperGeneral	NounProperSurNameFlective	NounProperTown	NounProperName	AdjectiveProper	NounProperPatronymic	NounProperNameDimin	AbbrProperGeneral	NounProperSurNameForeign	NounProperGeneral	NounProperSurNameFlective	NounProperTown	NounProperName	AdjectiveProper	NounProperPatronymic	NounProperNameDimin	AbbrProperGeneral	NounProperSurNameForeign	NormalNumberParadigm	NormalNumberParadigm	FullRealization	FullRealization
43	140	повреждения	повреждения	285071	285068	Inanimate	Reflexive	FullReflexivity	NonReflexive	ImperfectiveReflexivity	NormalMorphForm	DefectOne	DefectTwo	Byt	DefectThree	DefectFour	GTNoun	NotEllipted	VocalForm	NForm	NotControlled	ZeroTypeOfCoordination	NoCompositeness	DegreeComparative	DegreePositive	DegreeSuperlative	Adverb_Un_Hyphen	Adverb_With_Hyphen	DeclensionNominal	Un_Comp_Suf	BiAspectual	MonoAspectual	Paired	FullSynthComparison	NoSynthComparative	NoSynthSuperlative	OnlySuperlative	MOne	MTwo	MThree	NormalClassifyingCapitalization	Future	Past	Present	Noun	ZeroDoubleConjunct	NotCommonChild	Accusative	Genitive	Nominative	Partitive	RCDemonstrative	RCAttributive	RCPossessive	RCIndefinite	RCPersonal	RCInterrogative	RCNegative	RCReflexive	RCNoun	NoPlacement	Imperfective	Perfective	NotDefaultFiller	Neuter	NoLeftmostPlacement	Iterat	UnIterat	NoRightmostPlacement	NotLeftConjunct	PersonFirst	PersonSecond	PersonThird	PersonZero	Active	VoiceSya	Passive	VerbIntransitive	VerbIntransitiveSpecial	VerbTransitive	VerbTransitiveSpecial	NotRightConjunct	NoSpecialCaseForm	NoContrast	NormalCapitalization	PO_Prefixoid	Rus_Prefixoid	VPOL_Prefixoid	NE_Prefixoid	Eval_Prefixoid	Intern_Prefixoid	Reduced_Prefixoid	InternHy_Prefixoid	Letter_Prefixoid	BEZ_Prefixoid	BES_Prefixoid	BEZer_Prefixoid	V_Prefixoid	InternModEr_Prefixoid	RusHy_Prefixoid	NAI_Prefixoid	POL_Prefixoid	NI_Prefixoid	KOE_Prefixoid	Intern_ReducedPrefixoid	InternMod_Prefixoid	Chem_Prefixoid	ProperNamePrefixoid	Chemical_Possible	ParticipleFullForm	ParticipleShortForm	Plural	Singular	FiveAndMore	Three	Four	Two	SevenEight	AdjectiveFullForm	AdjectiveShortForm	AdjectiveShortFlectional	NounProperGeneral	NounProperSurNameFlective	NounProperTown	NounProperName	AdjectiveProper	NounProperPatronymic	NounProperNameDimin	AbbrProperGeneral	NounProperSurNameForeign	NormalNumberParadigm	FullRealization
53	-1			285095	285089
53	-1			285114	285107
53	0	В	В	285091	285090	Animate	Inanimate	Inanimate	Inanimate	Reflexive	FullReflexivity	NonReflexive	ImperfectiveReflexivity	Reflexive	FullReflexivity	NonReflexive	ImperfectiveReflexivity	Reflexive	FullReflexivity	NonReflexive	ImperfectiveReflexivity	NormalMorphForm	NormalMorphForm	NormalMorphForm	NormalMorphForm	DefectOne	DefectTwo	Byt	DefectThree	DefectFour	DefectOne	DefectTwo	Byt	DefectThree	DefectFour	DefectOne	DefectTwo	Byt	DefectThree	DefectFour	GTInvariable	GTNoun	GTNoun	NotEllipted	NotEllipted	NotEllipted	NotEllipted	VocalForm	NForm	VocalForm	NForm	VocalForm	NForm	NotControlled	NotControlled	NotControlled	NotControlled	ZeroTypeOfCoordination	ZeroTypeOfCoordination	ZeroTypeOfCoordination	ZeroTypeOfCoordination	Composite_ski	Composite_iko	Composite_sko	NoCompositeness	Composite_o	Composite_e	Composite_usek	Composite_null	Composite_Numeral	Composite_cko	Composite_cki	Composite_ComplexNumeral	Composite_NumeralFull	Composite_NumeralShort	NoCompositeness	NoCompositeness	DegreeComparative	DegreePositive	DegreeSuperlative	DegreeComparative	DegreePositive	DegreeSuperlative	DegreeComparative	DegreePositive	DegreeSuperlative	Adverb_Un_Hyphen	Adverb_With_Hyphen	Adverb_Un_Hyphen	Adverb_With_Hyphen	Adverb_Un_Hyphen	Adverb_With_Hyphen	DeclensionAdjectival	DeclensionNominal	DeclensionMixed	Indeclinable	Indeclinable	Indeclinable	Comp_Suffixoid	Un_Comp_Suf	Comp_Suffixoid_Num_OJ	Comp_Suffixoid_Num_YJ	Comp_Suffixoid_Num_IJ	Comp_Suffixoid_Num_J	Comp_PunctuatorPost	Comp_PunctuatorPref	Comp_PunctuatorPostSeparable	Comp_PunctuatorPrefSeparable	Comp_Prefixoid	Comp_Suffixoid_Num_PercentYJ	Comp_Noun	Comp_Suffixoid_Chem	Comp_Adj	Comp_SuffixoidAbbr	Comp_PunctuatorPostSeparable	Comp_PunctuatorPostSeparable	BiAspectual	MonoAspectual	Paired	BiAspectual	MonoAspectual	Paired	BiAspectual	MonoAspectual	Paired	FullSynthComparison	NoSynthComparative	NoSynthSuperlative	OnlySuperlative	FullSynthComparison	NoSynthComparative	NoSynthSuperlative	OnlySuperlative	FullSynthComparison	NoSynthComparative	NoSynthSuperlative	OnlySuperlative	MOne	MTwo	MThree	MOne	MTwo	MThree	MOne	MTwo	MThree	NormalClassifyingCapitalization	NormalClassifyingCapitalization	NormalClassifyingCapitalization	NormalClassifyingCapitalization	Future	Past	Present	Future	Past	Present	Future	Past	Present	Preposition	Noun	Noun	ZeroDoubleConjunct	ZeroDoubleConjunct	ZeroDoubleConjunct	ZeroDoubleConjunct	NotCommonChild	NotCommonChild	NotCommonChild	NotCommonChild	Accusative	Dative	Genitive	Instrumental	Locative	Nominative	Partitive	Prepositional	DativeSpecial	ZeroCase	Vocative	Accusative	Dative	Genitive	Instrumental	Locative	Nominative	Partitive	Prepositional	Accusative	Dative	Genitive	Instrumental	Locative	Nominative	Partitive	Prepositional	RCDemonstrative	RCAttributive	RCPossessive	RCIndefinite	RCPersonal	RCInterrogative	RCNegative	RCReflexive	RCNoun	RCDemonstrative	RCAttributive	RCPossessive	RCIndefinite	RCPersonal	RCInterrogative	RCNegative	RCReflexive	RCNoun	RCDemonstrative	RCAttributive	RCPossessive	RCIndefinite	RCPersonal	RCInterrogative	RCNegative	RCReflexive	RCNoun	NoPlacement	NoPlacement	NoPlacement	NoPlacement	Imperfective	Perfective	Imperfective	Perfective	Imperfective	Perfective	NotDefaultFiller	NotDefaultFiller	NotDefaultFiller	NotDefaultFiller	Feminine	Masculine	Neuter	Common	Masculine	Feminine	Masculine	Neuter	Common	NoLeftmostPlacement	NoLeftmostPlacement	NoLeftmostPlacement	NoLeftmostPlacement	Iterat	UnIterat	Iterat	UnIterat	Iterat	UnIterat	NoRightmostPlacement	NoRightmostPlacement	NoRightmostPlacement	NoRightmostPlacement	NotLeftConjunct	NotLeftConjunct	NotLeftConjunct	NotLeftConjunct	PersonFirst	PersonSecond	PersonThird	PersonZero	PersonFirst	PersonSecond	PersonThird	PersonZero	PersonFirst	PersonSecond	PersonThird	PersonZero	Active	VoiceSya	Passive	Active	VoiceSya	Passive	Active	VoiceSya	Passive	VerbIntransitive	VerbIntransitiveSpecial	VerbTransitive	VerbTransitiveSpecial	VerbIntransitive	VerbIntransitiveSpecial	VerbTransitive	VerbTransitiveSpecial	VerbIntransitive	VerbIntransitiveSpecial	VerbTransitive	VerbTransitiveSpecial	NotRightConjunct	NotRightConjunct	NotRightConjunct	NotRightConjunct	NoSpecialCaseForm	Locative_u	Genitive_u	Plural_consonant	Genitive_Locative_u	GenitivePlural_Zero	NominativePlural_a	SpecialPlual	SpecialVocative	NoSpecialCaseForm	Locative_u	Genitive_u	Plural_consonant	Genitive_Locative_u	GenitivePlural_Zero	NominativePlural_a	SpecialPlual	SpecialVocative	NoSpecialCaseForm	Locative_u	Genitive_u	Plural_consonant	Genitive_Locative_u	GenitivePlural_Zero	NominativePlural_a	SpecialPlual	SpecialVocative	NoContrast	NoContrast	NoContrast	NoContrast	NormalCapitalization	NormalCapitalization	NormalCapitalization	NormalCapitalization	PO_Prefixoid	Rus_Prefixoid	VPOL_Prefixoid	NE_Prefixoid	Eval_Prefixoid	Intern_Prefixoid	Reduced_Prefixoid	InternHy_Prefixoid	Letter_Prefixoid	BEZ_Prefixoid	BES_Prefixoid	BEZer_Prefixoid	V_Prefixoid	InternModEr_Prefixoid	RusHy_Prefixoid	NAI_Prefixoid	POL_Prefixoid	NI_Prefixoid	KOE_Prefixoid	Intern_ReducedPrefixoid	InternMod_Prefixoid	Chem_Prefixoid	ProperNamePrefixoid	Chemical_Possible	PO_Prefixoid	Rus_Prefixoid	VPOL_Prefixoid	NE_Prefixoid	Eval_Prefixoid	Intern_Prefixoid	Reduced_Prefixoid	InternHy_Prefixoid	Letter_Prefixoid	BEZ_Prefixoid	BES_Prefixoid	BEZer_Prefixoid	V_Prefixoid	InternModEr_Prefixoid	RusHy_Prefixoid	NAI_Prefixoid	POL_Prefixoid	NI_Prefixoid	KOE_Prefixoid	Intern_ReducedPrefixoid	InternMod_Prefixoid	Chem_Prefixoid	ProperNamePrefixoid	Chemical_Possible	PO_Prefixoid	Rus_Prefixoid	VPOL_Prefixoid	NE_Prefixoid	Eval_Prefixoid	Intern_Prefixoid	Reduced_Prefixoid	InternHy_Prefixoid	Letter_Prefixoid	BEZ_Prefixoid	BES_Prefixoid	BEZer_Prefixoid	V_Prefixoid	InternModEr_Prefixoid	RusHy_Prefixoid	NAI_Prefixoid	POL_Prefixoid	NI_Prefixoid	KOE_Prefixoid	Intern_ReducedPrefixoid	InternMod_Prefixoid	Chem_Prefixoid	ProperNamePrefixoid	Chemical_Possible	ParticipleFullForm	ParticipleShortForm	ParticipleFullForm	ParticipleShortForm	ParticipleFullForm	ParticipleShortForm	Plural	Singular	Plural	Singular	Plural	Singular	FiveAndMore	Three	Four	Two	SevenEight	FiveAndMore	Three	Four	Two	SevenEight	FiveAndMore	Three	Four	Two	SevenEight	AdjectiveFullForm	AdjectiveShortForm	AdjectiveShortFlectional	AdjectiveFullForm	AdjectiveShortForm	AdjectiveShortFlectional	AdjectiveFullForm	AdjectiveShortForm	AdjectiveShortFlectional	NounProperGeneral	NounProperSurNameFlective	NounProperTown	NounProperName	AdjectiveProper	NounProperPatronymic	NounProperNameDimin	AbbrProperGeneral	NounProperSurNameForeign	NounProperGeneral	NounProperSurNameFlective	NounProperTown	NounProperName	AdjectiveProper	NounProperPatronymic	NounProperNameDimin	AbbrProperGeneral	NounProperSurNameForeign	NounProperGeneral	NounProperSurNameFlective	NounProperTown	NounProperName	AdjectiveProper	NounProperPatronymic	NounProperNameDimin	AbbrProperGeneral	NounProperSurNameForeign	NormalNumberParadigm	NormalNumberParadigm	NormalNumberParadigm	NormalNumberParadigm	FullRealization	FullRealization	FullRealization	FullRealization
53	2	том	том	285092	285090	Inanimate	Animate	Inanimate	Inanimate	Reflexive	FullReflexivity	NonReflexive	ImperfectiveReflexivity	Reflexive	FullReflexivity	NonReflexive	ImperfectiveReflexivity	Reflexive	FullReflexivity	NonReflexive	ImperfectiveReflexivity	NormalMorphForm	NormalMorphForm	NormalMorphForm	DefectOne	DefectTwo	Byt	DefectThree	DefectFour	DefectOne	DefectTwo	Byt	DefectThree	DefectFour	DefectOne	DefectTwo	Byt	DefectThree	DefectFour	GTNoun	GTAdjectiveAttributive	GTNoun	GTNoun	NotEllipted	NotEllipted	NotEllipted	VocalForm	NForm	VocalForm	NForm	VocalForm	NForm	NotControlled	NotControlled	NotControlled	ZeroTypeOfCoordination	ZeroTypeOfCoordination	ZeroTypeOfCoordination	NoCompositeness	Composite_ski	Composite_iko	Composite_sko	NoCompositeness	Composite_o	Composite_e	Composite_usek	Composite_null	Composite_Numeral	Composite_cko	Composite_cki	Composite_ComplexNumeral	Composite_NumeralFull	Composite_NumeralShort	NoCompositeness	DegreeComparative	DegreePositive	DegreeSuperlative	DegreeComparative	DegreePositive	DegreeSuperlative	DegreeComparative	DegreePositive	DegreeSuperlative	Adverb_Un_Hyphen	Adverb_With_Hyphen	Adverb_Un_Hyphen	Adverb_With_Hyphen	Adverb_Un_Hyphen	Adverb_With_Hyphen	DeclensionNominal	DeclensionAdjectival	DeclensionNominal	DeclensionMixed	Indeclinable	DeclensionNominal	Un_Comp_Suf	Comp_Suffixoid	Un_Comp_Suf	Comp_Suffixoid_Num_OJ	Comp_Suffixoid_Num_YJ	Comp_Suffixoid_Num_IJ	Comp_Suffixoid_Num_J	Comp_PunctuatorPost	Comp_PunctuatorPref	Comp_PunctuatorPostSeparable	Comp_PunctuatorPrefSeparable	Comp_Prefixoid	Comp_Suffixoid_Num_PercentYJ	Comp_Noun	Comp_Suffixoid_Chem	Comp_Adj	Comp_SuffixoidAbbr	Un_Comp_Suf	BiAspectual	MonoAspectual	Paired	BiAspectual	MonoAspectual	Paired	BiAspectual	MonoAspectual	Paired	FullSynthComparison	NoSynthComparative	NoSynthSuperlative	OnlySuperlative	FullSynthComparison	NoSynthComparative	NoSynthSuperlative	OnlySuperlative	FullSynthComparison	NoSynthComparative	NoSynthSuperlative	OnlySuperlative	MOne	MTwo	MThree	MOne	MTwo	MThree	MOne	MTwo	MThree	NormalClassifyingCapitalization	NormalClassifyingCapitalization	NormalClassifyingCapitalization	Future	Past	Present	Future	Past	Present	Future	Past	Present	Noun	Pronoun	Noun	ZeroDoubleConjunct	ZeroDoubleConjunct	ZeroDoubleConjunct	NotCommonChild	NotCommonChild	NotCommonChild	Locative	Prepositional	Locative	Prepositional	Accusative	Nominative	RCDemonstrative	RCAttributive	RCPossessive	RCIndefinite	RCPersonal	RCInterrogative	RCNegative	RCReflexive	RCNoun	RCDemonstrative	RCDemonstrative	RCAttributive	RCPossessive	RCIndefinite	RCPersonal	RCInterrogative	RCNegative	RCReflexive	RCNoun	NoPlacement	NoPlacement	NoPlacement	Imperfective	Perfective	Imperfective	Perfective	Imperfective	Perfective	NotDefaultFiller	NotDefaultFiller	NotDefaultFiller	Neuter	Masculine	Neuter	Masculine	NoLeftmostPlacement	NoLeftmostPlacement	NoLeftmostPlacement	Iterat	UnIterat	Iterat	UnIterat	Iterat	UnIterat	NoRightmostPlacement	NoRightmostPlacement	NoRightmostPlacement	NotLeftConjunct	NotLeftConjunct	NotLeftConjunct	PersonFirst	PersonSecond	PersonThird	PersonZero	PersonFirst	PersonSecond	PersonThird	PersonZero	PersonFirst	PersonSecond	PersonThird	PersonZero	Active	VoiceSya	Passive	Active	VoiceSya	Passive	Active	VoiceSya	Passive	VerbIntransitive	VerbIntransitiveSpecial	VerbTransitive	VerbTransitiveSpecial	VerbIntransitive	VerbIntransitiveSpecial	VerbTransitive	VerbTransitiveSpecial	VerbIntransitive	VerbIntransitiveSpecial	VerbTransitive	VerbTransitiveSpecial	NotRightConjunct	NotRightConjunct	NotRightConjunct	NoSpecialCaseForm	NoSpecialCaseForm	Locative_u	Genitive_u	Plural_consonant	Genitive_Locative_u	GenitivePlural_Zero	NominativePlural_a	SpecialPlual	SpecialVocative	NominativePlural_a	NoContrast	NoContrast	NoContrast	NormalCapitalization	NormalCapitalization	NormalCapitalization	PO_Prefixoid	Rus_Prefixoid	VPOL_Prefixoid	NE_Prefixoid	Eval_Prefixoid	Intern_Prefixoid	Reduced_Prefixoid	InternHy_Prefixoid	Letter_Prefixoid	BEZ_Prefixoid	BES_Prefixoid	BEZer_Prefixoid	V_Prefixoid	InternModEr_Prefixoid	RusHy_Prefixoid	NAI_Prefixoid	POL_Prefixoid	NI_Prefixoid	KOE_Prefixoid	Intern_ReducedPrefixoid	InternMod_Prefixoid	Chem_Prefixoid	ProperNamePrefixoid	Chemical_Possible	PO_Prefixoid	Rus_Prefixoid	VPOL_Prefixoid	NE_Prefixoid	Eval_Prefixoid	Intern_Prefixoid	Reduced_Prefixoid	InternHy_Prefixoid	Letter_Prefixoid	BEZ_Prefixoid	BES_Prefixoid	BEZer_Prefixoid	V_Prefixoid	InternModEr_Prefixoid	RusHy_Prefixoid	NAI_Prefixoid	POL_Prefixoid	NI_Prefixoid	KOE_Prefixoid	Intern_ReducedPrefixoid	InternMod_Prefixoid	Chem_Prefixoid	ProperNamePrefixoid	Chemical_Possible	PO_Prefixoid	Rus_Prefixoid	VPOL_Prefixoid	NE_Prefixoid	Eval_Prefixoid	Intern_Prefixoid	Reduced_Prefixoid	InternHy_Prefixoid	Letter_Prefixoid	BEZ_Prefixoid	BES_Prefixoid	BEZer_Prefixoid	V_Prefixoid	InternModEr_Prefixoid	RusHy_Prefixoid	NAI_Prefixoid	POL_Prefixoid	NI_Prefixoid	KOE_Prefixoid	Intern_ReducedPrefixoid	InternMod_Prefixoid	Chem_Prefixoid	ProperNamePrefixoid	Chemical_Possible	ParticipleFullForm	ParticipleShortForm	ParticipleFullForm	ParticipleShortForm	ParticipleFullForm	ParticipleShortForm	Singular	Singular	Singular	FiveAndMore	Three	Four	Two	SevenEight	FiveAndMore	Three	Four	Two	SevenEight	FiveAndMore	Three	Four	Two	SevenEight	AdjectiveFullForm	AdjectiveShortForm	AdjectiveShortFlectional	AdjectiveFullForm	AdjectiveShortForm	AdjectiveShortFlectional	AdjectiveFullForm	AdjectiveShortForm	AdjectiveShortFlectional	NounProperGeneral	NounProperSurNameFlective	NounProperTown	NounProperName	AdjectiveProper	NounProperPatronymic	NounProperNameDimin	AbbrProperGeneral	NounProperSurNameForeign	NounProperGeneral	NounProperSurNameFlective	NounProperTown	NounProperName	AdjectiveProper	NounProperPatronymic	NounProperNameDimin	AbbrProperGeneral	NounProperSurNameForeign	NounProperGeneral	NounProperSurNameFlective	NounProperTown	NounProperName	AdjectiveProper	NounProperPatronymic	NounProperNameDimin	AbbrProperGeneral	NounProperSurNameForeign	SingulariaTantum	NormalNumberParadigm	NormalNumberParadigm	FullRealization	FullRealization	FullRealization
53	6	же	же	285093	285092	Animate	Inanimate	Reflexive	FullReflexivity	NonReflexive	ImperfectiveReflexivity	NormalMorphForm	DefectOne	DefectTwo	Byt	DefectThree	DefectFour	GTInvariable	NotEllipted	VocalForm	NForm	NotControlled	ZeroTypeOfCoordination	Composite_ski	Composite_iko	Composite_sko	NoCompositeness	Composite_o	Composite_e	Composite_usek	Composite_null	Composite_Numeral	Composite_cko	Composite_cki	Composite_ComplexNumeral	Composite_NumeralFull	Composite_NumeralShort	DegreeComparative	DegreePositive	DegreeSuperlative	Adverb_Un_Hyphen	Adverb_With_Hyphen	DeclensionAdjectival	DeclensionNominal	DeclensionMixed	Indeclinable	Comp_Suffixoid	Un_Comp_Suf	Comp_Suffixoid_Num_OJ	Comp_Suffixoid_Num_YJ	Comp_Suffixoid_Num_IJ	Comp_Suffixoid_Num_J	Comp_PunctuatorPost	Comp_PunctuatorPref	Comp_PunctuatorPostSeparable	Comp_PunctuatorPrefSeparable	Comp_Prefixoid	Comp_Suffixoid_Num_PercentYJ	Comp_Noun	Comp_Suffixoid_Chem	Comp_Adj	Comp_SuffixoidAbbr	BiAspectual	MonoAspectual	Paired	FullSynthComparison	NoSynthComparative	NoSynthSuperlative	OnlySuperlative	MOne	MTwo	MThree	NormalClassifyingCapitalization	Future	Past	Present	Particle	ZeroDoubleConjunct	NotCommonChild	Accusative	Dative	Genitive	Instrumental	Locative	Nominative	Partitive	Prepositional	DativeSpecial	ZeroCase	Vocative	RCDemonstrative	RCAttributive	RCPossessive	RCIndefinite	RCPersonal	RCInterrogative	RCNegative	RCReflexive	RCNoun	NoPlacement	Imperfective	Perfective	NotDefaultFiller	Feminine	Masculine	Neuter	Common	NoLeftmostPlacement	Iterat	UnIterat	NoRightmostPlacement	NotLeftConjunct	PersonFirst	PersonSecond	PersonThird	PersonZero	Active	VoiceSya	Passive	VerbIntransitive	VerbIntransitiveSpecial	VerbTransitive	VerbTransitiveSpecial	NotRightConjunct	NoSpecialCaseForm	Locative_u	Genitive_u	Plural_consonant	Genitive_Locative_u	GenitivePlural_Zero	NominativePlural_a	SpecialPlual	SpecialVocative	NoContrast	NormalCapitalization	PO_Prefixoid	Rus_Prefixoid	VPOL_Prefixoid	NE_Prefixoid	Eval_Prefixoid	Intern_Prefixoid	Reduced_Prefixoid	InternHy_Prefixoid	Letter_Prefixoid	BEZ_Prefixoid	BES_Prefixoid	BEZer_Prefixoid	V_Prefixoid	InternModEr_Prefixoid	RusHy_Prefixoid	NAI_Prefixoid	POL_Prefixoid	NI_Prefixoid	KOE_Prefixoid	Intern_ReducedPrefixoid	InternMod_Prefixoid	Chem_Prefixoid	ProperNamePrefixoid	Chemical_Possible	ParticipleFullForm	ParticipleShortForm	Plural	Singular	FiveAndMore	Three	Four	Two	SevenEight	AdjectiveFullForm	AdjectiveShortForm	AdjectiveShortFlectional	NounProperGeneral	NounProperSurNameFlective	NounProperTown	NounProperName	AdjectiveProper	NounProperPatronymic	NounProperNameDimin	AbbrProperGeneral	NounProperSurNameForeign	NormalNumberParadigm	FullRealization
53	9	году	году	285090	285089	Inanimate	Reflexive	FullReflexivity	NonReflexive	ImperfectiveReflexivity	NormalMorphForm	DefectOne	DefectTwo	Byt	DefectThree	DefectFour	GTNoun	NotEllipted	VocalForm	NForm	NotControlled	ZeroTypeOfCoordination	NoCompositeness	DegreeComparative	DegreePositive	DegreeSuperlative	Adverb_Un_Hyphen	Adverb_With_Hyphen	DeclensionNominal	Un_Comp_Suf	BiAspectual	MonoAspectual	Paired	FullSynthComparison	NoSynthComparative	NoSynthSuperlative	OnlySuperlative	MOne	MTwo	MThree	NormalClassifyingCapitalization	Future	Past	Present	Noun	ZeroDoubleConjunct	NotCommonChild	Dative	Locative	Partitive	RCDemonstrative	RCAttributive	RCPossessive	RCIndefinite	RCPersonal	RCInterrogative	RCNegative	RCReflexive	RCNoun	NoPlacement	Imperfective	Perfective	NotDefaultFiller	Masculine	NoLeftmostPlacement	Iterat	UnIterat	NoRightmostPlacement	NotLeftConjunct	PersonFirst	PersonSecond	PersonThird	PersonZero	Active	VoiceSya	Passive	VerbIntransitive	VerbIntransitiveSpecial	VerbTransitive	VerbTransitiveSpecial	NotRightConjunct	NoSpecialCaseForm	NoContrast	NormalCapitalization	PO_Prefixoid	Rus_Prefixoid	VPOL_Prefixoid	NE_Prefixoid	Eval_Prefixoid	Intern_Prefixoid	Reduced_Prefixoid	InternHy_Prefixoid	Letter_Prefixoid	BEZ_Prefixoid	BES_Prefixoid	BEZer_Prefixoid	V_Prefixoid	InternModEr_Prefixoid	RusHy_Prefixoid	NAI_Prefixoid	POL_Prefixoid	NI_Prefixoid	KOE_Prefixoid	Intern_ReducedPrefixoid	InternMod_Prefixoid	Chem_Prefixoid	ProperNamePrefixoid	Chemical_Possible	ParticipleFullForm	ParticipleShortForm	Singular	FiveAndMore	Three	Four	Two	SevenEight	AdjectiveFullForm	AdjectiveShortForm	AdjectiveShortFlectional	NounProperGeneral	NounProperSurNameFlective	NounProperTown	NounProperName	AdjectiveProper	NounProperPatronymic	NounProperNameDimin	AbbrProperGeneral	NounProperSurNameForeign	NormalNumberParadigm	NonCountForm	FullRealization
53	14	она	она	285094	285089	Animate	Inanimate	Reflexive	FullReflexivity	NonReflexive	ImperfectiveReflexivity	NormalMorphForm	DefectOne	DefectTwo	Byt	DefectThree	DefectFour	GTNoun	NotEllipted	VocalForm	NForm	NotControlled	ZeroTypeOfCoordination	Composite_ski	Composite_iko	Composite_sko	NoCompositeness	Composite_o	Composite_e	Composite_usek	Composite_null	Composite_Numeral	Composite_cko	Composite_cki	Composite_ComplexNumeral	Composite_NumeralFull	Composite_NumeralShort	DegreeComparative	DegreePositive	DegreeSuperlative	Adverb_Un_Hyphen	Adverb_With_Hyphen	DeclensionAdjectival	DeclensionNominal	DeclensionMixed	Indeclinable	Comp_Suffixoid	Un_Comp_Suf	Comp_Suffixoid_Num_OJ	Comp_Suffixoid_Num_YJ	Comp_Suffixoid_Num_IJ	Comp_Suffixoid_Num_J	Comp_PunctuatorPost	Comp_PunctuatorPref	Comp_PunctuatorPostSeparable	Comp_PunctuatorPrefSeparable	Comp_Prefixoid	Comp_Suffixoid_Num_PercentYJ	Comp_Noun	Comp_Suffixoid_Chem	Comp_Adj	Comp_SuffixoidAbbr	BiAspectual	MonoAspectual	Paired	FullSynthComparison	NoSynthComparative	NoSynthSuperlative	OnlySuperlative	MOne	MTwo	MThree	NormalClassifyingCapitalization	Future	Past	Present	Pronoun	ZeroDoubleConjunct	NotCommonChild	Nominative	RCPersonal	NoPlacement	Imperfective	Perfective	NotDefaultFiller	Feminine	NoLeftmostPlacement	Iterat	UnIterat	NoRightmostPlacement	NotLeftConjunct	PersonThird	Active	VoiceSya	Passive	VerbIntransitive	VerbIntransitiveSpecial	VerbTransitive	VerbTransitiveSpecial	NotRightConjunct	NoSpecialCaseForm	Locative_u	Genitive_u	Plural_consonant	Genitive_Locative_u	GenitivePlural_Zero	NominativePlural_a	SpecialPlual	SpecialVocative	NoContrast	NormalCapitalization	PO_Prefixoid	Rus_Prefixoid	VPOL_Prefixoid	NE_Prefixoid	Eval_Prefixoid	Intern_Prefixoid	Reduced_Prefixoid	InternHy_Prefixoid	Letter_Prefixoid	BEZ_Prefixoid	BES_Prefixoid	BEZer_Prefixoid	V_Prefixoid	InternModEr_Prefixoid	RusHy_Prefixoid	NAI_Prefixoid	POL_Prefixoid	NI_Prefixoid	KOE_Prefixoid	Intern_ReducedPrefixoid	InternMod_Prefixoid	Chem_Prefixoid	ProperNamePrefixoid	Chemical_Possible	ParticipleFullForm	ParticipleShortForm	Singular	FiveAndMore	Three	Four	Two	SevenEight	AdjectiveFullForm	AdjectiveShortForm	AdjectiveShortFlectional	NounProperGeneral	NounProperSurNameFlective	NounProperTown	NounProperName	AdjectiveProper	NounProperPatronymic	NounProperNameDimin	AbbrProperGeneral	NounProperSurNameForeign	NormalNumberParadigm	FullRealization
53	18	стала	стала	285089	-1	Animate	Inanimate	FullReflexivity	ImperfectiveReflexivity	NormalMorphForm	DefectOne	DefectTwo	Byt	DefectThree	DefectFour	GTVerb	NotEllipted	VocalForm	NForm	NotControlled	ZeroTypeOfCoordination	Composite_ski	Composite_iko	Composite_sko	NoCompositeness	Composite_o	Composite_e	Composite_usek	Composite_null	Composite_Numeral	Composite_cko	Composite_cki	Composite_ComplexNumeral	Composite_NumeralFull	Composite_NumeralShort	DegreeComparative	DegreePositive	DegreeSuperlative	Adverb_Un_Hyphen	Adverb_With_Hyphen	DeclensionAdjectival	DeclensionNominal	DeclensionMixed	Indeclinable	Comp_Suffixoid	Un_Comp_Suf	Comp_Suffixoid_Num_OJ	Comp_Suffixoid_Num_YJ	Comp_Suffixoid_Num_IJ	Comp_Suffixoid_Num_J	Comp_PunctuatorPost	Comp_PunctuatorPref	Comp_PunctuatorPostSeparable	Comp_PunctuatorPrefSeparable	Comp_Prefixoid	Comp_Suffixoid_Num_PercentYJ	Comp_Noun	Comp_Suffixoid_Chem	Comp_Adj	Comp_SuffixoidAbbr	MonoAspectual	Paired	FullSynthComparison	NoSynthComparative	NoSynthSuperlative	OnlySuperlative	MOne	MTwo	MThree	NormalClassifyingCapitalization	Past	Verb	ZeroDoubleConjunct	NotCommonChild	Accusative	Dative	Genitive	Instrumental	Locative	Nominative	Partitive	Prepositional	DativeSpecial	ZeroCase	Vocative	RCDemonstrative	RCAttributive	RCPossessive	RCIndefinite	RCPersonal	RCInterrogative	RCNegative	RCReflexive	RCNoun	NoPlacement	Perfective	NotDefaultFiller	Feminine	NoLeftmostPlacement	UnIterat	NoRightmostPlacement	NotLeftConjunct	PersonFirst	PersonSecond	PersonThird	PersonZero	Active	VerbIntransitive	NotRightConjunct	NoSpecialCaseForm	Locative_u	Genitive_u	Plural_consonant	Genitive_Locative_u	GenitivePlural_Zero	NominativePlural_a	SpecialPlual	SpecialVocative	NoContrast	NormalCapitalization	PO_Prefixoid	Rus_Prefixoid	VPOL_Prefixoid	NE_Prefixoid	Eval_Prefixoid	Intern_Prefixoid	Reduced_Prefixoid	InternHy_Prefixoid	Letter_Prefixoid	BEZ_Prefixoid	BES_Prefixoid	BEZer_Prefixoid	V_Prefixoid	InternModEr_Prefixoid	RusHy_Prefixoid	NAI_Prefixoid	POL_Prefixoid	NI_Prefixoid	KOE_Prefixoid	Intern_ReducedPrefixoid	InternMod_Prefixoid	Chem_Prefixoid	ProperNamePrefixoid	Chemical_Possible	ParticipleFullForm	ParticipleShortForm	Singular	FiveAndMore	Three	Four	Two	SevenEight	AdjectiveFullForm	AdjectiveShortForm	AdjectiveShortFlectional	NounProperGeneral	NounProperSurNameFlective	NounProperTown	NounProperName	AdjectiveProper	NounProperPatronymic	NounProperNameDimin	AbbrProperGeneral	NounProperSurNameForeign	NormalNumberParadigm	FullRealization
53	24	одним	одним	285096	285095	Animate	Inanimate	Reflexive	FullReflexivity	NonReflexive	ImperfectiveReflexivity	NormalMorphForm	DefectOne	DefectTwo	Byt	DefectThree	DefectFour	GTAdjectiveAttributive	GTNumeral	NotEllipted	VocalForm	NForm	NotControlled	ZeroTypeOfCoordination	Composite_ski	Composite_iko	Composite_sko	NoCompositeness	Composite_o	Composite_e	Composite_usek	Composite_null	Composite_Numeral	Composite_cko	Composite_cki	Composite_ComplexNumeral	Composite_NumeralFull	Composite_NumeralShort	DegreeComparative	DegreePositive	DegreeSuperlative	Adverb_Un_Hyphen	Adverb_With_Hyphen	DeclensionAdjectival	DeclensionNominal	DeclensionMixed	Indeclinable	Comp_Suffixoid	Un_Comp_Suf	Comp_Suffixoid_Num_OJ	Comp_Suffixoid_Num_YJ	Comp_Suffixoid_Num_IJ	Comp_Suffixoid_Num_J	Comp_PunctuatorPost	Comp_PunctuatorPref	Comp_PunctuatorPostSeparable	Comp_PunctuatorPrefSeparable	Comp_Prefixoid	Comp_Suffixoid_Num_PercentYJ	Comp_Noun	Comp_Suffixoid_Chem	Comp_Adj	Comp_SuffixoidAbbr	BiAspectual	MonoAspectual	Paired	FullSynthComparison	NoSynthComparative	NoSynthSuperlative	OnlySuperlative	MOne	MTwo	MThree	NormalClassifyingCapitalization	Future	Past	Present	Numeral	Pronoun	ZeroDoubleConjunct	NotCommonChild	Dative	Instrumental	RCDemonstrative	RCAttributive	RCPossessive	RCIndefinite	RCPersonal	RCInterrogative	RCNegative	RCReflexive	RCNoun	NoPlacement	Imperfective	Perfective	NotDefaultFiller	Feminine	Masculine	Neuter	Common	NoLeftmostPlacement	Iterat	UnIterat	NoRightmostPlacement	NotLeftConjunct	PersonFirst	PersonSecond	PersonThird	PersonZero	Active	VoiceSya	Passive	VerbIntransitive	VerbIntransitiveSpecial	VerbTransitive	VerbTransitiveSpecial	NotRightConjunct	NoSpecialCaseForm	Locative_u	Genitive_u	Plural_consonant	Genitive_Locative_u	GenitivePlural_Zero	NominativePlural_a	SpecialPlual	SpecialVocative	NoContrast	NormalCapitalization	PO_Prefixoid	Rus_Prefixoid	VPOL_Prefixoid	NE_Prefixoid	Eval_Prefixoid	Intern_Prefixoid	Reduced_Prefixoid	InternHy_Prefixoid	Letter_Prefixoid	BEZ_Prefixoid	BES_Prefixoid	BEZer_Prefixoid	V_Prefixoid	InternModEr_Prefixoid	RusHy_Prefixoid	NAI_Prefixoid	POL_Prefixoid	NI_Prefixoid	KOE_Prefixoid	Intern_ReducedPrefixoid	InternMod_Prefixoid	Chem_Prefixoid	ProperNamePrefixoid	Chemical_Possible	ParticipleFullForm	ParticipleShortForm	Plural	Singular	FiveAndMore	Three	Four	Two	SevenEight	AdjectiveFullForm	AdjectiveShortForm	AdjectiveShortFlectional	NounProperGeneral	NounProperSurNameFlective	NounProperTown	NounProperName	AdjectiveProper	NounProperPatronymic	NounProperNameDimin	AbbrProperGeneral	NounProperSurNameForeign	NormalNumberParadigm	FullRealization
53	30	из	из	285098	285097	Animate	Inanimate	Reflexive	FullReflexivity	NonReflexive	ImperfectiveReflexivity	NormalMorphForm	DefectOne	DefectTwo	Byt	DefectThree	DefectFour	GTInvariable	NotEllipted	VocalForm	NForm	NotControlled	ZeroTypeOfCoordination	Composite_ski	Composite_iko	Composite_sko	NoCompositeness	Composite_o	Composite_e	Composite_usek	Composite_null	Composite_Numeral	Composite_cko	Composite_cki	Composite_ComplexNumeral	Composite_NumeralFull	Composite_NumeralShort	DegreeComparative	DegreePositive	DegreeSuperlative	Adverb_Un_Hyphen	Adverb_With_Hyphen	DeclensionAdjectival	DeclensionNominal	DeclensionMixed	Indeclinable	Comp_Suffixoid	Un_Comp_Suf	Comp_Suffixoid_Num_OJ	Comp_Suffixoid_Num_YJ	Comp_Suffixoid_Num_IJ	Comp_Suffixoid_Num_J	Comp_PunctuatorPost	Comp_PunctuatorPref	Comp_PunctuatorPostSeparable	Comp_PunctuatorPrefSeparable	Comp_Prefixoid	Comp_Suffixoid_Num_PercentYJ	Comp_Noun	Comp_Suffixoid_Chem	Comp_Adj	Comp_SuffixoidAbbr	BiAspectual	MonoAspectual	Paired	FullSynthComparison	NoSynthComparative	NoSynthSuperlative	OnlySuperlative	MOne	MTwo	MThree	NormalClassifyingCapitalization	Future	Past	Present	Preposition	ZeroDoubleConjunct	NotCommonChild	Accusative	Dative	Genitive	Instrumental	Locative	Nominative	Partitive	Prepositional	DativeSpecial	ZeroCase	Vocative	RCDemonstrative	RCAttributive	RCPossessive	RCIndefinite	RCPersonal	RCInterrogative	RCNegative	RCReflexive	RCNoun	NoPlacement	Imperfective	Perfective	NotDefaultFiller	Feminine	Masculine	Neuter	Common	NoLeftmostPlacement	Iterat	UnIterat	NoRightmostPlacement	NotLeftConjunct	PersonFirst	PersonSecond	PersonThird	PersonZero	Active	VoiceSya	Passive	VerbIntransitive	VerbIntransitiveSpecial	VerbTransitive	VerbTransitiveSpecial	NotRightConjunct	NoSpecialCaseForm	Locative_u	Genitive_u	Plural_consonant	Genitive_Locative_u	GenitivePlural_Zero	NominativePlural_a	SpecialPlual	SpecialVocative	NoContrast	NormalCapitalization	PO_Prefixoid	Rus_Prefixoid	VPOL_Prefixoid	NE_Prefixoid	Eval_Prefixoid	Intern_Prefixoid	Reduced_Prefixoid	InternHy_Prefixoid	Letter_Prefixoid	BEZ_Prefixoid	BES_Prefixoid	BEZer_Prefixoid	V_Prefixoid	InternModEr_Prefixoid	RusHy_Prefixoid	NAI_Prefixoid	POL_Prefixoid	NI_Prefixoid	KOE_Prefixoid	Intern_ReducedPrefixoid	InternMod_Prefixoid	Chem_Prefixoid	ProperNamePrefixoid	Chemical_Possible	ParticipleFullForm	ParticipleShortForm	Plural	Singular	FiveAndMore	Three	Four	Two	SevenEight	AdjectiveFullForm	AdjectiveShortForm	AdjectiveShortFlectional	NounProperGeneral	NounProperSurNameFlective	NounProperTown	NounProperName	AdjectiveProper	NounProperPatronymic	NounProperNameDimin	AbbrProperGeneral	NounProperSurNameForeign	NormalNumberParadigm	FullRealization
53	33	инициаторов	инициаторов	285097	285095	Animate	Inanimate	Reflexive	FullReflexivity	NonReflexive	ImperfectiveReflexivity	NormalMorphForm	DefectOne	DefectTwo	Byt	DefectThree	DefectFour	GTNoun	NotEllipted	VocalForm	NForm	NotControlled	ZeroTypeOfCoordination	NoCompositeness	DegreeComparative	DegreePositive	DegreeSuperlative	Adverb_Un_Hyphen	Adverb_With_Hyphen	DeclensionNominal	Un_Comp_Suf	BiAspectual	MonoAspectual	Paired	FullSynthComparison	NoSynthComparative	NoSynthSuperlative	OnlySuperlative	MOne	MTwo	MThree	NormalClassifyingCapitalization	Future	Past	Present	Noun	ZeroDoubleConjunct	NotCommonChild	Accusative	Genitive	Partitive	RCDemonstrative	RCAttributive	RCPossessive	RCIndefinite	RCPersonal	RCInterrogative	RCNegative	RCReflexive	RCNoun	NoPlacement	Imperfective	Perfective	NotDefaultFiller	Masculine	NoLeftmostPlacement	Iterat	UnIterat	NoRightmostPlacement	NotLeftConjunct	PersonFirst	PersonSecond	PersonThird	PersonZero	Active	VoiceSya	Passive	VerbIntransitive	VerbIntransitiveSpecial	VerbTransitive	VerbTransitiveSpecial	NotRightConjunct	NoSpecialCaseForm	NoContrast	NormalCapitalization	PO_Prefixoid	Rus_Prefixoid	VPOL_Prefixoid	NE_Prefixoid	Eval_Prefixoid	Intern_Prefixoid	Reduced_Prefixoid	InternHy_Prefixoid	Letter_Prefixoid	BEZ_Prefixoid	BES_Prefixoid	BEZer_Prefixoid	V_Prefixoid	InternModEr_Prefixoid	RusHy_Prefixoid	NAI_Prefixoid	POL_Prefixoid	NI_Prefixoid	KOE_Prefixoid	Intern_ReducedPrefixoid	InternMod_Prefixoid	Chem_Prefixoid	ProperNamePrefixoid	Chemical_Possible	ParticipleFullForm	ParticipleShortForm	Plural	FiveAndMore	Three	Four	Two	SevenEight	AdjectiveFullForm	AdjectiveShortForm	AdjectiveShortFlectional	NounProperGeneral	NounProperSurNameFlective	NounProperTown	NounProperName	AdjectiveProper	NounProperPatronymic	NounProperNameDimin	AbbrProperGeneral	NounProperSurNameForeign	NormalNumberParadigm	FullRealization
53	45	создания	создания	285099	285097	Animate	Inanimate	Reflexive	FullReflexivity	NonReflexive	ImperfectiveReflexivity	NormalMorphForm	DefectOne	DefectTwo	Byt	DefectThree	DefectFour	GTNoun	NotEllipted	VocalForm	NForm	NotControlled	ZeroTypeOfCoordination	NoCompositeness	DegreeComparative	DegreePositive	DegreeSuperlative	Adverb_Un_Hyphen	Adverb_With_Hyphen	DeclensionNominal	Un_Comp_Suf	BiAspectual	MonoAspectual	Paired	FullSynthComparison	NoSynthComparative	NoSynthSuperlative	OnlySuperlative	MOne	MTwo	MThree	NormalClassifyingCapitalization	Future	Past	Present	Noun	ZeroDoubleConjunct	NotCommonChild	Accusative	Genitive	Nominative	Partitive	RCDemonstrative	RCAttributive	RCPossessive	RCIndefinite	RCPersonal	RCInterrogative	RCNegative	RCReflexive	RCNoun	NoPlacement	Imperfective	Perfective	NotDefaultFiller	Neuter	NoLeftmostPlacement	Iterat	UnIterat	NoRightmostPlacement	NotLeftConjunct	PersonFirst	PersonSecond	PersonThird	PersonZero	Active	VoiceSya	Passive	VerbIntransitive	VerbIntransitiveSpecial	VerbTransitive	VerbTransitiveSpecial	NotRightConjunct	NoSpecialCaseForm	NoContrast	NormalCapitalization	PO_Prefixoid	Rus_Prefixoid	VPOL_Prefixoid	NE_Prefixoid	Eval_Prefixoid	Intern_Prefixoid	Reduced_Prefixoid	InternHy_Prefixoid	Letter_Prefixoid	BEZ_Prefixoid	BES_Prefixoid	BEZer_Prefixoid	V_Prefixoid	InternModEr_Prefixoid	RusHy_Prefixoid	NAI_Prefixoid	POL_Prefixoid	NI_Prefixoid	KOE_Prefixoid	Intern_ReducedPrefixoid	InternMod_Prefixoid	Chem_Prefixoid	ProperNamePrefixoid	Chemical_Possible	ParticipleFullForm	ParticipleShortForm	Plural	Singular	FiveAndMore	Three	Four	Two	SevenEight	AdjectiveFullForm	AdjectiveShortForm	AdjectiveShortFlectional	NounProperGeneral	NounProperSurNameFlective	NounProperTown	NounProperName	AdjectiveProper	NounProperPatronymic	NounProperNameDimin	AbbrProperGeneral	NounProperSurNameForeign	NormalNumberParadigm	FullRealization
53	54	Национальной	Национальной	285101	285100	Animate	Inanimate	Reflexive	FullReflexivity	NonReflexive	ImperfectiveReflexivity	NormalMorphForm	NormalMorphForm	DefectOne	DefectTwo	Byt	DefectThree	DefectFour	GTAdjective	NotEllipted	NotEllipted	VocalForm	NForm	NotControlled	NotControlled	ZeroTypeOfCoordination	ZeroTypeOfCoordination	NoCompositeness	DegreePositive	Adverb_Un_Hyphen	Adverb_With_Hyphen	DeclensionAdjectival	DeclensionNominal	DeclensionMixed	Indeclinable	Un_Comp_Suf	BiAspectual	MonoAspectual	Paired	NoSynthComparative	MOne	MTwo	MThree	NormalClassifyingCapitalization	NormalClassifyingCapitalization	Future	Past	Present	Adjective	ZeroDoubleConjunct	ZeroDoubleConjunct	NotCommonChild	NotCommonChild	Dative	Genitive	Instrumental	Locative	Partitive	Prepositional	RCDemonstrative	RCAttributive	RCPossessive	RCIndefinite	RCPersonal	RCInterrogative	RCNegative	RCReflexive	RCNoun	NoPlacement	NoPlacement	Imperfective	Perfective	NotDefaultFiller	NotDefaultFiller	Feminine	NoLeftmostPlacement	NoLeftmostPlacement	Iterat	UnIterat	NoRightmostPlacement	NoRightmostPlacement	NotLeftConjunct	NotLeftConjunct	PersonFirst	PersonSecond	PersonThird	PersonZero	Active	VoiceSya	Passive	VerbIntransitive	VerbIntransitiveSpecial	VerbTransitive	VerbTransitiveSpecial	NotRightConjunct	NotRightConjunct	NoSpecialCaseForm	Locative_u	Genitive_u	Plural_consonant	Genitive_Locative_u	GenitivePlural_Zero	NominativePlural_a	SpecialPlual	SpecialVocative	NoContrast	NoContrast	NormalCapitalization	NormalCapitalization	PO_Prefixoid	Rus_Prefixoid	VPOL_Prefixoid	NE_Prefixoid	Eval_Prefixoid	Intern_Prefixoid	Reduced_Prefixoid	InternHy_Prefixoid	Letter_Prefixoid	BEZ_Prefixoid	BES_Prefixoid	BEZer_Prefixoid	V_Prefixoid	InternModEr_Prefixoid	RusHy_Prefixoid	NAI_Prefixoid	POL_Prefixoid	NI_Prefixoid	KOE_Prefixoid	Intern_ReducedPrefixoid	InternMod_Prefixoid	Chem_Prefixoid	ProperNamePrefixoid	Chemical_Possible	ParticipleFullForm	ParticipleShortForm	Singular	FiveAndMore	Three	Four	Two	SevenEight	AdjectiveFullForm	NounProperGeneral	NounProperSurNameFlective	NounProperTown	NounProperName	AdjectiveProper	NounProperPatronymic	NounProperNameDimin	AbbrProperGeneral	NounProperSurNameForeign	NormalNumberParadigm	NormalNumberParadigm	FullRealization	FullRealization
53	67	ассоциации	ассоциации	285100	285099	Inanimate	Reflexive	FullReflexivity	NonReflexive	ImperfectiveReflexivity	NormalMorphForm	DefectOne	DefectTwo	Byt	DefectThree	DefectFour	GTNoun	NotEllipted	VocalForm	NForm	NotControlled	ZeroTypeOfCoordination	NoCompositeness	DegreeComparative	DegreePositive	DegreeSuperlative	Adverb_Un_Hyphen	Adverb_With_Hyphen	DeclensionNominal	Un_Comp_Suf	BiAspectual	MonoAspectual	Paired	FullSynthComparison	NoSynthComparative	NoSynthSuperlative	OnlySuperlative	MOne	MTwo	MThree	NormalClassifyingCapitalization	Future	Past	Present	Noun	ZeroDoubleConjunct	NotCommonChild	Accusative	Dative	Genitive	Locative	Nominative	Partitive	Prepositional	RCDemonstrative	RCAttributive	RCPossessive	RCIndefinite	RCPersonal	RCInterrogative	RCNegative	RCReflexive	RCNoun	NoPlacement	Imperfective	Perfective	NotDefaultFiller	Feminine	NoLeftmostPlacement	Iterat	UnIterat	NoRightmostPlacement	NotLeftConjunct	PersonFirst	PersonSecond	PersonThird	PersonZero	Active	VoiceSya	Passive	VerbIntransitive	VerbIntransitiveSpecial	VerbTransitive	VerbTransitiveSpecial	NotRightConjunct	NoSpecialCaseForm	NoContrast	NormalCapitalization	PO_Prefixoid	Rus_Prefixoid	VPOL_Prefixoid	NE_Prefixoid	Eval_Prefixoid	Intern_Prefixoid	Reduced_Prefixoid	InternHy_Prefixoid	Letter_Prefixoid	BEZ_Prefixoid	BES_Prefixoid	BEZer_Prefixoid	V_Prefixoid	InternModEr_Prefixoid	RusHy_Prefixoid	NAI_Prefixoid	POL_Prefixoid	NI_Prefixoid	KOE_Prefixoid	Intern_ReducedPrefixoid	InternMod_Prefixoid	Chem_Prefixoid	ProperNamePrefixoid	Chemical_Possible	ParticipleFullForm	ParticipleShortForm	Plural	Singular	FiveAndMore	Three	Four	Two	SevenEight	AdjectiveFullForm	AdjectiveShortForm	AdjectiveShortFlectional	NounProperGeneral	NounProperSurNameFlective	NounProperTown	NounProperName	AdjectiveProper	NounProperPatronymic	NounProperNameDimin	AbbrProperGeneral	NounProperSurNameForeign	NormalNumberParadigm	FullRealization
53	78	по	по	285103	285102	Animate	Inanimate	Reflexive	FullReflexivity	NonReflexive	ImperfectiveReflexivity	NormalMorphForm	DefectOne	DefectTwo	Byt	DefectThree	DefectFour	GTInvariable	NotEllipted	VocalForm	NForm	NotControlled	ZeroTypeOfCoordination	Composite_ski	Composite_iko	Composite_sko	NoCompositeness	Composite_o	Composite_e	Composite_usek	Composite_null	Composite_Numeral	Composite_cko	Composite_cki	Composite_ComplexNumeral	Composite_NumeralFull	Composite_NumeralShort	DegreeComparative	DegreePositive	DegreeSuperlative	Adverb_Un_Hyphen	Adverb_With_Hyphen	DeclensionAdjectival	DeclensionNominal	DeclensionMixed	Indeclinable	Comp_Suffixoid	Un_Comp_Suf	Comp_Suffixoid_Num_OJ	Comp_Suffixoid_Num_YJ	Comp_Suffixoid_Num_IJ	Comp_Suffixoid_Num_J	Comp_PunctuatorPost	Comp_PunctuatorPref	Comp_PunctuatorPostSeparable	Comp_PunctuatorPrefSeparable	Comp_Prefixoid	Comp_Suffixoid_Num_PercentYJ	Comp_Noun	Comp_Suffixoid_Chem	Comp_Adj	Comp_SuffixoidAbbr	BiAspectual	MonoAspectual	Paired	FullSynthComparison	NoSynthComparative	NoSynthSuperlative	OnlySuperlative	MOne	MTwo	MThree	NormalClassifyingCapitalization	Future	Past	Present	Preposition	ZeroDoubleConjunct	NotCommonChild	Accusative	Dative	Genitive	Instrumental	Locative	Nominative	Partitive	Prepositional	DativeSpecial	ZeroCase	Vocative	RCDemonstrative	RCAttributive	RCPossessive	RCIndefinite	RCPersonal	RCInterrogative	RCNegative	RCReflexive	RCNoun	NoPlacement	Imperfective	Perfective	NotDefaultFiller	Feminine	Masculine	Neuter	Common	NoLeftmostPlacement	Iterat	UnIterat	NoRightmostPlacement	NotLeftConjunct	PersonFirst	PersonSecond	PersonThird	PersonZero	Active	VoiceSya	Passive	VerbIntransitive	VerbIntransitiveSpecial	VerbTransitive	VerbTransitiveSpecial	NotRightConjunct	NoSpecialCaseForm	Locative_u	Genitive_u	Plural_consonant	Genitive_Locative_u	GenitivePlural_Zero	NominativePlural_a	SpecialPlual	SpecialVocative	NoContrast	NormalCapitalization	PO_Prefixoid	Rus_Prefixoid	VPOL_Prefixoid	NE_Prefixoid	Eval_Prefixoid	Intern_Prefixoid	Reduced_Prefixoid	InternHy_Prefixoid	Letter_Prefixoid	BEZ_Prefixoid	BES_Prefixoid	BEZer_Prefixoid	V_Prefixoid	InternModEr_Prefixoid	RusHy_Prefixoid	NAI_Prefixoid	POL_Prefixoid	NI_Prefixoid	KOE_Prefixoid	Intern_ReducedPrefixoid	InternMod_Prefixoid	Chem_Prefixoid	ProperNamePrefixoid	Chemical_Possible	ParticipleFullForm	ParticipleShortForm	Plural	Singular	FiveAndMore	Three	Four	Two	SevenEight	AdjectiveFullForm	AdjectiveShortForm	AdjectiveShortFlectional	NounProperGeneral	NounProperSurNameFlective	NounProperTown	NounProperName	AdjectiveProper	NounProperPatronymic	NounProperNameDimin	AbbrProperGeneral	NounProperSurNameForeign	NormalNumberParadigm	FullRealization
53	81	борьбе	борьбе	285102	285100	Inanimate	Reflexive	FullReflexivity	NonReflexive	ImperfectiveReflexivity	NormalMorphForm	DefectOne	DefectTwo	Byt	DefectThree	DefectFour	GTNoun	NotEllipted	VocalForm	NForm	NotControlled	ZeroTypeOfCoordination	NoCompositeness	DegreeComparative	DegreePositive	DegreeSuperlative	Adverb_Un_Hyphen	Adverb_With_Hyphen	DeclensionNominal	Un_Comp_Suf	BiAspectual	MonoAspectual	Paired	FullSynthComparison	NoSynthComparative	NoSynthSuperlative	OnlySuperlative	MOne	MTwo	MThree	NormalClassifyingCapitalization	Future	Past	Present	Noun	ZeroDoubleConjunct	NotCommonChild	Dative	Locative	Prepositional	RCDemonstrative	RCAttributive	RCPossessive	RCIndefinite	RCPersonal	RCInterrogative	RCNegative	RCReflexive	RCNoun	NoPlacement	Imperfective	Perfective	NotDefaultFiller	Feminine	NoLeftmostPlacement	Iterat	UnIterat	NoRightmostPlacement	NotLeftConjunct	PersonFirst	PersonSecond	PersonThird	PersonZero	Active	VoiceSya	Passive	VerbIntransitive	VerbIntransitiveSpecial	VerbTransitive	VerbTransitiveSpecial	NotRightConjunct	NoSpecialCaseForm	NoContrast	NormalCapitalization	PO_Prefixoid	Rus_Prefixoid	VPOL_Prefixoid	NE_Prefixoid	Eval_Prefixoid	Intern_Prefixoid	Reduced_Prefixoid	InternHy_Prefixoid	Letter_Prefixoid	BEZ_Prefixoid	BES_Prefixoid	BEZer_Prefixoid	V_Prefixoid	InternModEr_Prefixoid	RusHy_Prefixoid	NAI_Prefixoid	POL_Prefixoid	NI_Prefixoid	KOE_Prefixoid	Intern_ReducedPrefixoid	InternMod_Prefixoid	Chem_Prefixoid	ProperNamePrefixoid	Chemical_Possible	ParticipleFullForm	ParticipleShortForm	Singular	FiveAndMore	Three	Four	Two	SevenEight	AdjectiveFullForm	AdjectiveShortForm	AdjectiveShortFlectional	NounProperGeneral	NounProperSurNameFlective	NounProperTown	NounProperName	AdjectiveProper	NounProperPatronymic	NounProperNameDimin	AbbrProperGeneral	NounProperSurNameForeign	NormalNumberParadigm	FullRealization
53	88	с	с	285105	285104	Animate	Inanimate	Inanimate	Reflexive	FullReflexivity	NonReflexive	ImperfectiveReflexivity	Reflexive	FullReflexivity	NonReflexive	ImperfectiveReflexivity	NormalMorphForm	NormalMorphForm	NormalMorphForm	DefectOne	DefectTwo	Byt	DefectThree	DefectFour	DefectOne	DefectTwo	Byt	DefectThree	DefectFour	GTInvariable	GTNoun	NotEllipted	NotEllipted	NotEllipted	VocalForm	NForm	VocalForm	NForm	NotControlled	NotControlled	NotControlled	ZeroTypeOfCoordination	ZeroTypeOfCoordination	ZeroTypeOfCoordination	Composite_ski	Composite_iko	Composite_sko	NoCompositeness	Composite_o	Composite_e	Composite_usek	Composite_null	Composite_Numeral	Composite_cko	Composite_cki	Composite_ComplexNumeral	Composite_NumeralFull	Composite_NumeralShort	NoCompositeness	DegreeComparative	DegreePositive	DegreeSuperlative	DegreeComparative	DegreePositive	DegreeSuperlative	Adverb_Un_Hyphen	Adverb_With_Hyphen	Adverb_Un_Hyphen	Adverb_With_Hyphen	DeclensionAdjectival	DeclensionNominal	DeclensionMixed	Indeclinable	Indeclinable	Comp_Suffixoid	Un_Comp_Suf	Comp_Suffixoid_Num_OJ	Comp_Suffixoid_Num_YJ	Comp_Suffixoid_Num_IJ	Comp_Suffixoid_Num_J	Comp_PunctuatorPost	Comp_PunctuatorPref	Comp_PunctuatorPostSeparable	Comp_PunctuatorPrefSeparable	Comp_Prefixoid	Comp_Suffixoid_Num_PercentYJ	Comp_Noun	Comp_Suffixoid_Chem	Comp_Adj	Comp_SuffixoidAbbr	Comp_PunctuatorPostSeparable	Comp_PunctuatorPrefSeparable	BiAspectual	MonoAspectual	Paired	BiAspectual	MonoAspectual	Paired	FullSynthComparison	NoSynthComparative	NoSynthSuperlative	OnlySuperlative	FullSynthComparison	NoSynthComparative	NoSynthSuperlative	OnlySuperlative	MOne	MTwo	MThree	MOne	MTwo	MThree	NormalClassifyingCapitalization	NormalClassifyingCapitalization	NormalClassifyingCapitalization	Future	Past	Present	Future	Past	Present	Preposition	Noun	ZeroDoubleConjunct	ZeroDoubleConjunct	ZeroDoubleConjunct	NotCommonChild	NotCommonChild	NotCommonChild	Accusative	Dative	Genitive	Instrumental	Locative	Nominative	Partitive	Prepositional	DativeSpecial	ZeroCase	Vocative	Accusative	Dative	Genitive	Instrumental	Locative	Nominative	Partitive	Prepositional	RCDemonstrative	RCAttributive	RCPossessive	RCIndefinite	RCPersonal	RCInterrogative	RCNegative	RCReflexive	RCNoun	RCDemonstrative	RCAttributive	RCPossessive	RCIndefinite	RCPersonal	RCInterrogative	RCNegative	RCReflexive	RCNoun	NoPlacement	NoPlacement	NoPlacement	Imperfective	Perfective	Imperfective	Perfective	NotDefaultFiller	NotDefaultFiller	NotDefaultFiller	Feminine	Masculine	Neuter	Common	Feminine	Neuter	NoLeftmostPlacement	NoLeftmostPlacement	NoLeftmostPlacement	Iterat	UnIterat	Iterat	UnIterat	NoRightmostPlacement	NoRightmostPlacement	NoRightmostPlacement	NotLeftConjunct	NotLeftConjunct	NotLeftConjunct	PersonFirst	PersonSecond	PersonThird	PersonZero	PersonFirst	PersonSecond	PersonThird	PersonZero	Active	VoiceSya	Passive	Active	VoiceSya	Passive	VerbIntransitive	VerbIntransitiveSpecial	VerbTransitive	VerbTransitiveSpecial	VerbIntransitive	VerbIntransitiveSpecial	VerbTransitive	VerbTransitiveSpecial	NotRightConjunct	NotRightConjunct	NotRightConjunct	NoSpecialCaseForm	Locative_u	Genitive_u	Plural_consonant	Genitive_Locative_u	GenitivePlural_Zero	NominativePlural_a	SpecialPlual	SpecialVocative	NoSpecialCaseForm	Locative_u	Genitive_u	Plural_consonant	Genitive_Locative_u	GenitivePlural_Zero	NominativePlural_a	SpecialPlual	SpecialVocative	NoContrast	NoContrast	NoContrast	NormalCapitalization	NormalCapitalization	NormalCapitalization	PO_Prefixoid	Rus_Prefixoid	VPOL_Prefixoid	NE_Prefixoid	Eval_Prefixoid	Intern_Prefixoid	Reduced_Prefixoid	InternHy_Prefixoid	Letter_Prefixoid	BEZ_Prefixoid	BES_Prefixoid	BEZer_Prefixoid	V_Prefixoid	InternModEr_Prefixoid	RusHy_Prefixoid	NAI_Prefixoid	POL_Prefixoid	NI_Prefixoid	KOE_Prefixoid	Intern_ReducedPrefixoid	InternMod_Prefixoid	Chem_Prefixoid	ProperNamePrefixoid	Chemical_Possible	PO_Prefixoid	Rus_Prefixoid	VPOL_Prefixoid	NE_Prefixoid	Eval_Prefixoid	Intern_Prefixoid	Reduced_Prefixoid	InternHy_Prefixoid	Letter_Prefixoid	BEZ_Prefixoid	BES_Prefixoid	BEZer_Prefixoid	V_Prefixoid	InternModEr_Prefixoid	RusHy_Prefixoid	NAI_Prefixoid	POL_Prefixoid	NI_Prefixoid	KOE_Prefixoid	Intern_ReducedPrefixoid	InternMod_Prefixoid	Chem_Prefixoid	ProperNamePrefixoid	Chemical_Possible	ParticipleFullForm	ParticipleShortForm	ParticipleFullForm	ParticipleShortForm	Plural	Singular	Plural	Singular	FiveAndMore	Three	Four	Two	SevenEight	FiveAndMore	Three	Four	Two	SevenEight	AdjectiveFullForm	AdjectiveShortForm	AdjectiveShortFlectional	AdjectiveFullForm	AdjectiveShortForm	AdjectiveShortFlectional	NounProperGeneral	NounProperSurNameFlective	NounProperTown	NounProperName	AdjectiveProper	NounProperPatronymic	NounProperNameDimin	AbbrProperGeneral	NounProperSurNameForeign	NounProperGeneral	NounProperSurNameFlective	NounProperTown	NounProperName	AdjectiveProper	NounProperPatronymic	NounProperNameDimin	AbbrProperGeneral	NounProperSurNameForeign	NormalNumberParadigm	NormalNumberParadigm	SingulariaTantum	NormalNumberParadigm	FullRealization	FullRealization	FullRealization
53	90	инсультом	инсультом	285104	285102	Inanimate	Reflexive	FullReflexivity	NonReflexive	ImperfectiveReflexivity	NormalMorphForm	DefectOne	DefectTwo	Byt	DefectThree	DefectFour	GTNoun	NotEllipted	VocalForm	NForm	NotControlled	ZeroTypeOfCoordination	NoCompositeness	DegreeComparative	DegreePositive	DegreeSuperlative	Adverb_Un_Hyphen	Adverb_With_Hyphen	DeclensionNominal	Un_Comp_Suf	BiAspectual	MonoAspectual	Paired	FullSynthComparison	NoSynthComparative	NoSynthSuperlative	OnlySuperlative	MOne	MTwo	MThree	NormalClassifyingCapitalization	Future	Past	Present	Noun	ZeroDoubleConjunct	NotCommonChild	Instrumental	RCDemonstrative	RCAttributive	RCPossessive	RCIndefinite	RCPersonal	RCInterrogative	RCNegative	RCReflexive	RCNoun	NoPlacement	Imperfective	Perfective	NotDefaultFiller	Masculine	NoLeftmostPlacement	Iterat	UnIterat	NoRightmostPlacement	NotLeftConjunct	PersonFirst	PersonSecond	PersonThird	PersonZero	Active	VoiceSya	Passive	VerbIntransitive	VerbIntransitiveSpecial	VerbTransitive	VerbTransitiveSpecial	NotRightConjunct	NoSpecialCaseForm	NoContrast	NormalCapitalization	PO_Prefixoid	Rus_Prefixoid	VPOL_Prefixoid	NE_Prefixoid	Eval_Prefixoid	Intern_Prefixoid	Reduced_Prefixoid	InternHy_Prefixoid	Letter_Prefixoid	BEZ_Prefixoid	BES_Prefixoid	BEZer_Prefixoid	V_Prefixoid	InternModEr_Prefixoid	RusHy_Prefixoid	NAI_Prefixoid	POL_Prefixoid	NI_Prefixoid	KOE_Prefixoid	Intern_ReducedPrefixoid	InternMod_Prefixoid	Chem_Prefixoid	ProperNamePrefixoid	Chemical_Possible	ParticipleFullForm	ParticipleShortForm	Singular	FiveAndMore	Three	Four	Two	SevenEight	AdjectiveFullForm	AdjectiveShortForm	AdjectiveShortFlectional	NounProperGeneral	NounProperSurNameFlective	NounProperTown	NounProperName	AdjectiveProper	NounProperPatronymic	NounProperNameDimin	AbbrProperGeneral	NounProperSurNameForeign	NormalNumberParadigm	FullRealization
53	101	НАБИ	НАБИ	285106	285100	ZeroTypeOfCoordination	NoPlacement	NormalCapitalization	NotDefaultFiller	NoContrast	NoLeftmostPlacement	FullRealization	NoRightmostPlacement	NormalNumberParadigm	NotLeftConjunct	NormalClassifyingCapitalization	ZeroDoubleConjunct	NotCommonChild	NotEllipted	NormalMorphForm	NotControlled	NotRightConjunct
53	108	впоследствии	впоследствии	285108	285107	Animate	Inanimate	Reflexive	FullReflexivity	NonReflexive	ImperfectiveReflexivity	NormalMorphForm	DefectOne	DefectTwo	Byt	DefectThree	DefectFour	GTAdverb	NotEllipted	VocalForm	NForm	NotControlled	ZeroTypeOfCoordination	Composite_ski	Composite_iko	Composite_sko	NoCompositeness	Composite_o	Composite_e	Composite_usek	Composite_null	Composite_Numeral	Composite_cko	Composite_cki	Composite_ComplexNumeral	Composite_NumeralFull	Composite_NumeralShort	DegreePositive	Adverb_Un_Hyphen	DeclensionAdjectival	DeclensionNominal	DeclensionMixed	Indeclinable	Comp_Suffixoid	Un_Comp_Suf	Comp_Suffixoid_Num_OJ	Comp_Suffixoid_Num_YJ	Comp_Suffixoid_Num_IJ	Comp_Suffixoid_Num_J	Comp_PunctuatorPost	Comp_PunctuatorPref	Comp_PunctuatorPostSeparable	Comp_PunctuatorPrefSeparable	Comp_Prefixoid	Comp_Suffixoid_Num_PercentYJ	Comp_Noun	Comp_Suffixoid_Chem	Comp_Adj	Comp_SuffixoidAbbr	BiAspectual	MonoAspectual	Paired	NoSynthComparative	MOne	MTwo	MThree	NormalClassifyingCapitalization	Future	Past	Present	Adverb	ZeroDoubleConjunct	NotCommonChild	Accusative	Dative	Genitive	Instrumental	Locative	Nominative	Partitive	Prepositional	DativeSpecial	ZeroCase	Vocative	RCDemonstrative	RCAttributive	RCPossessive	RCIndefinite	RCPersonal	RCInterrogative	RCNegative	RCReflexive	RCNoun	NoPlacement	Imperfective	Perfective	NotDefaultFiller	Feminine	Masculine	Neuter	Common	NoLeftmostPlacement	Iterat	UnIterat	NoRightmostPlacement	NotLeftConjunct	PersonFirst	PersonSecond	PersonThird	PersonZero	Active	VoiceSya	Passive	VerbIntransitive	VerbIntransitiveSpecial	VerbTransitive	VerbTransitiveSpecial	NotRightConjunct	NoSpecialCaseForm	Locative_u	Genitive_u	Plural_consonant	Genitive_Locative_u	GenitivePlural_Zero	NominativePlural_a	SpecialPlual	SpecialVocative	NoContrast	NormalCapitalization	PO_Prefixoid	Rus_Prefixoid	VPOL_Prefixoid	NE_Prefixoid	Eval_Prefixoid	Intern_Prefixoid	Reduced_Prefixoid	InternHy_Prefixoid	Letter_Prefixoid	BEZ_Prefixoid	BES_Prefixoid	BEZer_Prefixoid	V_Prefixoid	InternModEr_Prefixoid	RusHy_Prefixoid	NAI_Prefixoid	POL_Prefixoid	NI_Prefixoid	KOE_Prefixoid	Intern_ReducedPrefixoid	InternMod_Prefixoid	Chem_Prefixoid	ProperNamePrefixoid	Chemical_Possible	ParticipleFullForm	ParticipleShortForm	Plural	Singular	FiveAndMore	Three	Four	Two	SevenEight	AdjectiveFullForm	AdjectiveShortForm	AdjectiveShortFlectional	NounProperGeneral	NounProperSurNameFlective	NounProperTown	NounProperName	AdjectiveProper	NounProperPatronymic	NounProperNameDimin	AbbrProperGeneral	NounProperSurNameForeign	NormalNumberParadigm	FullRealization
53	121	заняв	заняв	285107	285089	Animate	Inanimate	ImperfectiveReflexivity	NormalMorphForm	DefectOne	DefectTwo	Byt	DefectThree	DefectFour	GTAdverb	NotEllipted	VocalForm	NForm	NotControlled	ZeroTypeOfCoordination	Composite_ski	Composite_iko	Composite_sko	NoCompositeness	Composite_o	Composite_e	Composite_usek	Composite_null	Composite_Numeral	Composite_cko	Composite_cki	Composite_ComplexNumeral	Composite_NumeralFull	Composite_NumeralShort	DegreeComparative	DegreePositive	DegreeSuperlative	Adverb_Un_Hyphen	Adverb_With_Hyphen	DeclensionAdjectival	DeclensionNominal	DeclensionMixed	Indeclinable	Comp_Suffixoid	Un_Comp_Suf	Comp_Suffixoid_Num_OJ	Comp_Suffixoid_Num_YJ	Comp_Suffixoid_Num_IJ	Comp_Suffixoid_Num_J	Comp_PunctuatorPost	Comp_PunctuatorPref	Comp_PunctuatorPostSeparable	Comp_PunctuatorPrefSeparable	Comp_Prefixoid	Comp_Suffixoid_Num_PercentYJ	Comp_Noun	Comp_Suffixoid_Chem	Comp_Adj	Comp_SuffixoidAbbr	Paired	FullSynthComparison	NoSynthComparative	NoSynthSuperlative	OnlySuperlative	MOne	MTwo	MThree	NormalClassifyingCapitalization	Past	Verb	ZeroDoubleConjunct	NotCommonChild	Accusative	Dative	Genitive	Instrumental	Locative	Nominative	Partitive	Prepositional	DativeSpecial	ZeroCase	Vocative	RCDemonstrative	RCAttributive	RCPossessive	RCIndefinite	RCPersonal	RCInterrogative	RCNegative	RCReflexive	RCNoun	NoPlacement	Perfective	NotDefaultFiller	Feminine	Masculine	Neuter	Common	NoLeftmostPlacement	UnIterat	NoRightmostPlacement	NotLeftConjunct	PersonFirst	PersonSecond	PersonThird	PersonZero	Active	VerbTransitive	NotRightConjunct	NoSpecialCaseForm	Locative_u	Genitive_u	Plural_consonant	Genitive_Locative_u	GenitivePlural_Zero	NominativePlural_a	SpecialPlual	SpecialVocative	NoContrast	NormalCapitalization	PO_Prefixoid	Rus_Prefixoid	VPOL_Prefixoid	NE_Prefixoid	Eval_Prefixoid	Intern_Prefixoid	Reduced_Prefixoid	InternHy_Prefixoid	Letter_Prefixoid	BEZ_Prefixoid	BES_Prefixoid	BEZer_Prefixoid	V_Prefixoid	InternModEr_Prefixoid	RusHy_Prefixoid	NAI_Prefixoid	POL_Prefixoid	NI_Prefixoid	KOE_Prefixoid	Intern_ReducedPrefixoid	InternMod_Prefixoid	Chem_Prefixoid	ProperNamePrefixoid	Chemical_Possible	ParticipleFullForm	ParticipleShortForm	Plural	Singular	FiveAndMore	Three	Four	Two	SevenEight	AdjectiveFullForm	AdjectiveShortForm	AdjectiveShortFlectional	NounProperGeneral	NounProperSurNameFlective	NounProperTown	NounProperName	AdjectiveProper	NounProperPatronymic	NounProperNameDimin	AbbrProperGeneral	NounProperSurNameForeign	NormalNumberParadigm	FullRealization
53	127	в	в	285110	285109	Animate	Inanimate	Inanimate	Reflexive	FullReflexivity	NonReflexive	ImperfectiveReflexivity	Reflexive	FullReflexivity	NonReflexive	ImperfectiveReflexivity	NormalMorphForm	NormalMorphForm	DefectOne	DefectTwo	Byt	DefectThree	DefectFour	DefectOne	DefectTwo	Byt	DefectThree	DefectFour	GTInvariable	GTNoun	NotEllipted	NotEllipted	VocalForm	NForm	VocalForm	NForm	NotControlled	NotControlled	ZeroTypeOfCoordination	ZeroTypeOfCoordination	Composite_ski	Composite_iko	Composite_sko	NoCompositeness	Composite_o	Composite_e	Composite_usek	Composite_null	Composite_Numeral	Composite_cko	Composite_cki	Composite_ComplexNumeral	Composite_NumeralFull	Composite_NumeralShort	NoCompositeness	DegreeComparative	DegreePositive	DegreeSuperlative	DegreeComparative	DegreePositive	DegreeSuperlative	Adverb_Un_Hyphen	Adverb_With_Hyphen	Adverb_Un_Hyphen	Adverb_With_Hyphen	DeclensionAdjectival	DeclensionNominal	DeclensionMixed	Indeclinable	Indeclinable	Comp_Suffixoid	Un_Comp_Suf	Comp_Suffixoid_Num_OJ	Comp_Suffixoid_Num_YJ	Comp_Suffixoid_Num_IJ	Comp_Suffixoid_Num_J	Comp_PunctuatorPost	Comp_PunctuatorPref	Comp_PunctuatorPostSeparable	Comp_PunctuatorPrefSeparable	Comp_Prefixoid	Comp_Suffixoid_Num_PercentYJ	Comp_Noun	Comp_Suffixoid_Chem	Comp_Adj	Comp_SuffixoidAbbr	Comp_PunctuatorPostSeparable	BiAspectual	MonoAspectual	Paired	BiAspectual	MonoAspectual	Paired	FullSynthComparison	NoSynthComparative	NoSynthSuperlative	OnlySuperlative	FullSynthComparison	NoSynthComparative	NoSynthSuperlative	OnlySuperlative	MOne	MTwo	MThree	MOne	MTwo	MThree	NormalClassifyingCapitalization	NormalClassifyingCapitalization	Future	Past	Present	Future	Past	Present	Preposition	Noun	ZeroDoubleConjunct	ZeroDoubleConjunct	NotCommonChild	NotCommonChild	Accusative	Dative	Genitive	Instrumental	Locative	Nominative	Partitive	Prepositional	DativeSpecial	ZeroCase	Vocative	Accusative	Dative	Genitive	Instrumental	Locative	Nominative	Partitive	Prepositional	RCDemonstrative	RCAttributive	RCPossessive	RCIndefinite	RCPersonal	RCInterrogative	RCNegative	RCReflexive	RCNoun	RCDemonstrative	RCAttributive	RCPossessive	RCIndefinite	RCPersonal	RCInterrogative	RCNegative	RCReflexive	RCNoun	NoPlacement	NoPlacement	Imperfective	Perfective	Imperfective	Perfective	NotDefaultFiller	NotDefaultFiller	Feminine	Masculine	Neuter	Common	Masculine	NoLeftmostPlacement	NoLeftmostPlacement	Iterat	UnIterat	Iterat	UnIterat	NoRightmostPlacement	NoRightmostPlacement	NotLeftConjunct	NotLeftConjunct	PersonFirst	PersonSecond	PersonThird	PersonZero	PersonFirst	PersonSecond	PersonThird	PersonZero	Active	VoiceSya	Passive	Active	VoiceSya	Passive	VerbIntransitive	VerbIntransitiveSpecial	VerbTransitive	VerbTransitiveSpecial	VerbIntransitive	VerbIntransitiveSpecial	VerbTransitive	VerbTransitiveSpecial	NotRightConjunct	NotRightConjunct	NoSpecialCaseForm	Locative_u	Genitive_u	Plural_consonant	Genitive_Locative_u	GenitivePlural_Zero	NominativePlural_a	SpecialPlual	SpecialVocative	NoSpecialCaseForm	Locative_u	Genitive_u	Plural_consonant	Genitive_Locative_u	GenitivePlural_Zero	NominativePlural_a	SpecialPlual	SpecialVocative	NoContrast	NoContrast	NormalCapitalization	NormalCapitalization	PO_Prefixoid	Rus_Prefixoid	VPOL_Prefixoid	NE_Prefixoid	Eval_Prefixoid	Intern_Prefixoid	Reduced_Prefixoid	InternHy_Prefixoid	Letter_Prefixoid	BEZ_Prefixoid	BES_Prefixoid	BEZer_Prefixoid	V_Prefixoid	InternModEr_Prefixoid	RusHy_Prefixoid	NAI_Prefixoid	POL_Prefixoid	NI_Prefixoid	KOE_Prefixoid	Intern_ReducedPrefixoid	InternMod_Prefixoid	Chem_Prefixoid	ProperNamePrefixoid	Chemical_Possible	PO_Prefixoid	Rus_Prefixoid	VPOL_Prefixoid	NE_Prefixoid	Eval_Prefixoid	Intern_Prefixoid	Reduced_Prefixoid	InternHy_Prefixoid	Letter_Prefixoid	BEZ_Prefixoid	BES_Prefixoid	BEZer_Prefixoid	V_Prefixoid	InternModEr_Prefixoid	RusHy_Prefixoid	NAI_Prefixoid	POL_Prefixoid	NI_Prefixoid	KOE_Prefixoid	Intern_ReducedPrefixoid	InternMod_Prefixoid	Chem_Prefixoid	ProperNamePrefixoid	Chemical_Possible	ParticipleFullForm	ParticipleShortForm	ParticipleFullForm	ParticipleShortForm	Plural	Singular	Plural	Singular	FiveAndMore	Three	Four	Two	SevenEight	FiveAndMore	Three	Four	Two	SevenEight	AdjectiveFullForm	AdjectiveShortForm	AdjectiveShortFlectional	AdjectiveFullForm	AdjectiveShortForm	AdjectiveShortFlectional	NounProperGeneral	NounProperSurNameFlective	NounProperTown	NounProperName	AdjectiveProper	NounProperPatronymic	NounProperNameDimin	AbbrProperGeneral	NounProperSurNameForeign	NounProperGeneral	NounProperSurNameFlective	NounProperTown	NounProperName	AdjectiveProper	NounProperPatronymic	NounProperNameDimin	AbbrProperGeneral	NounProperSurNameForeign	NormalNumberParadigm	NormalNumberParadigm	FullRealization	FullRealization
53	129	ней	ней	285109	285107	Animate	Inanimate	Reflexive	FullReflexivity	NonReflexive	ImperfectiveReflexivity	NormalMorphForm	DefectOne	DefectTwo	Byt	DefectThree	DefectFour	GTNoun	NotEllipted	NForm	NotControlled	ZeroTypeOfCoordination	Composite_ski	Composite_iko	Composite_sko	NoCompositeness	Composite_o	Composite_e	Composite_usek	Composite_null	Composite_Numeral	Composite_cko	Composite_cki	Composite_ComplexNumeral	Composite_NumeralFull	Composite_NumeralShort	DegreeComparative	DegreePositive	DegreeSuperlative	Adverb_Un_Hyphen	Adverb_With_Hyphen	DeclensionAdjectival	DeclensionNominal	DeclensionMixed	Indeclinable	Comp_Suffixoid	Un_Comp_Suf	Comp_Suffixoid_Num_OJ	Comp_Suffixoid_Num_YJ	Comp_Suffixoid_Num_IJ	Comp_Suffixoid_Num_J	Comp_PunctuatorPost	Comp_PunctuatorPref	Comp_PunctuatorPostSeparable	Comp_PunctuatorPrefSeparable	Comp_Prefixoid	Comp_Suffixoid_Num_PercentYJ	Comp_Noun	Comp_Suffixoid_Chem	Comp_Adj	Comp_SuffixoidAbbr	BiAspectual	MonoAspectual	Paired	FullSynthComparison	NoSynthComparative	NoSynthSuperlative	OnlySuperlative	MOne	MTwo	MThree	NormalClassifyingCapitalization	Future	Past	Present	Pronoun	ZeroDoubleConjunct	NotCommonChild	Dative	Instrumental	Locative	Prepositional	RCPersonal	NoPlacement	Imperfective	Perfective	NotDefaultFiller	Feminine	NoLeftmostPlacement	Iterat	UnIterat	NoRightmostPlacement	NotLeftConjunct	PersonThird	Active	VoiceSya	Passive	VerbIntransitive	VerbIntransitiveSpecial	VerbTransitive	VerbTransitiveSpecial	NotRightConjunct	NoSpecialCaseForm	Locative_u	Genitive_u	Plural_consonant	Genitive_Locative_u	GenitivePlural_Zero	NominativePlural_a	SpecialPlual	SpecialVocative	NoContrast	NormalCapitalization	PO_Prefixoid	Rus_Prefixoid	VPOL_Prefixoid	NE_Prefixoid	Eval_Prefixoid	Intern_Prefixoid	Reduced_Prefixoid	InternHy_Prefixoid	Letter_Prefixoid	BEZ_Prefixoid	BES_Prefixoid	BEZer_Prefixoid	V_Prefixoid	InternModEr_Prefixoid	RusHy_Prefixoid	NAI_Prefixoid	POL_Prefixoid	NI_Prefixoid	KOE_Prefixoid	Intern_ReducedPrefixoid	InternMod_Prefixoid	Chem_Prefixoid	ProperNamePrefixoid	Chemical_Possible	ParticipleFullForm	ParticipleShortForm	Singular	FiveAndMore	Three	Four	Two	SevenEight	AdjectiveFullForm	AdjectiveShortForm	AdjectiveShortFlectional	NounProperGeneral	NounProperSurNameFlective	NounProperTown	NounProperName	AdjectiveProper	NounProperPatronymic	NounProperNameDimin	AbbrProperGeneral	NounProperSurNameForeign	NormalNumberParadigm	FullRealization
53	133	пост	пост	285111	285107	Animate	Inanimate	Inanimate	Reflexive	FullReflexivity	NonReflexive	ImperfectiveReflexivity	Reflexive	FullReflexivity	NonReflexive	ImperfectiveReflexivity	NormalMorphForm	NormalMorphForm	DefectOne	DefectTwo	Byt	DefectThree	DefectFour	DefectOne	DefectTwo	Byt	DefectThree	DefectFour	GTInvariable	GTNoun	NotEllipted	NotEllipted	VocalForm	NForm	VocalForm	NForm	NotControlled	NotControlled	ZeroTypeOfCoordination	ZeroTypeOfCoordination	Composite_ski	Composite_iko	Composite_sko	NoCompositeness	Composite_o	Composite_e	Composite_usek	Composite_null	Composite_Numeral	Composite_cko	Composite_cki	Composite_ComplexNumeral	Composite_NumeralFull	Composite_NumeralShort	NoCompositeness	DegreeComparative	DegreePositive	DegreeSuperlative	DegreeComparative	DegreePositive	DegreeSuperlative	Adverb_Un_Hyphen	Adverb_With_Hyphen	Adverb_Un_Hyphen	Adverb_With_Hyphen	DeclensionAdjectival	DeclensionNominal	DeclensionMixed	Indeclinable	DeclensionNominal	Un_Comp_Suf	Un_Comp_Suf	BiAspectual	MonoAspectual	Paired	BiAspectual	MonoAspectual	Paired	FullSynthComparison	NoSynthComparative	NoSynthSuperlative	OnlySuperlative	FullSynthComparison	NoSynthComparative	NoSynthSuperlative	OnlySuperlative	MOne	MTwo	MThree	MOne	MTwo	MThree	NormalClassifyingCapitalization	NormalClassifyingCapitalization	Future	Past	Present	Future	Past	Present	Prefixoid	Noun	ZeroDoubleConjunct	ZeroDoubleConjunct	NotCommonChild	NotCommonChild	Accusative	Dative	Genitive	Instrumental	Locative	Nominative	Partitive	Prepositional	DativeSpecial	ZeroCase	Vocative	Accusative	Nominative	RCDemonstrative	RCAttributive	RCPossessive	RCIndefinite	RCPersonal	RCInterrogative	RCNegative	RCReflexive	RCNoun	RCDemonstrative	RCAttributive	RCPossessive	RCIndefinite	RCPersonal	RCInterrogative	RCNegative	RCReflexive	RCNoun	NoPlacement	NoPlacement	Imperfective	Perfective	Imperfective	Perfective	NotDefaultFiller	NotDefaultFiller	Feminine	Masculine	Neuter	Common	Masculine	NoLeftmostPlacement	NoLeftmostPlacement	Iterat	UnIterat	Iterat	UnIterat	NoRightmostPlacement	NoRightmostPlacement	NotLeftConjunct	NotLeftConjunct	PersonFirst	PersonSecond	PersonThird	PersonZero	PersonFirst	PersonSecond	PersonThird	PersonZero	Active	VoiceSya	Passive	Active	VoiceSya	Passive	VerbIntransitive	VerbIntransitiveSpecial	VerbTransitive	VerbTransitiveSpecial	VerbIntransitive	VerbIntransitiveSpecial	VerbTransitive	VerbTransitiveSpecial	NotRightConjunct	NotRightConjunct	NoSpecialCaseForm	Locative_u	Genitive_u	Plural_consonant	Genitive_Locative_u	GenitivePlural_Zero	NominativePlural_a	SpecialPlual	SpecialVocative	Locative_u	NoContrast	NoContrast	NormalCapitalization	NormalCapitalization	InternMod_Prefixoid	PO_Prefixoid	Rus_Prefixoid	VPOL_Prefixoid	NE_Prefixoid	Eval_Prefixoid	Intern_Prefixoid	Reduced_Prefixoid	InternHy_Prefixoid	Letter_Prefixoid	BEZ_Prefixoid	BES_Prefixoid	BEZer_Prefixoid	V_Prefixoid	InternModEr_Prefixoid	RusHy_Prefixoid	NAI_Prefixoid	POL_Prefixoid	NI_Prefixoid	KOE_Prefixoid	Intern_ReducedPrefixoid	InternMod_Prefixoid	Chem_Prefixoid	ProperNamePrefixoid	Chemical_Possible	ParticipleFullForm	ParticipleShortForm	ParticipleFullForm	ParticipleShortForm	Plural	Singular	Singular	FiveAndMore	Three	Four	Two	SevenEight	FiveAndMore	Three	Four	Two	SevenEight	AdjectiveFullForm	AdjectiveShortForm	AdjectiveShortFlectional	AdjectiveFullForm	AdjectiveShortForm	AdjectiveShortFlectional	NounProperGeneral	NounProperSurNameFlective	NounProperTown	NounProperName	AdjectiveProper	NounProperPatronymic	NounProperNameDimin	AbbrProperGeneral	NounProperSurNameForeign	NounProperGeneral	NounProperSurNameFlective	NounProperTown	NounProperName	AdjectiveProper	NounProperPatronymic	NounProperNameDimin	AbbrProperGeneral	NounProperSurNameForeign	NormalNumberParadigm	NormalNumberParadigm	FullRealization	FullRealization
53	138	вице	вице	285113	285112	Animate	Inanimate	Reflexive	FullReflexivity	NonReflexive	ImperfectiveReflexivity	NormalMorphForm	DefectOne	DefectTwo	Byt	DefectThree	DefectFour	GTInvariable	NotEllipted	VocalForm	NForm	NotControlled	ZeroTypeOfCoordination	Composite_ski	Composite_iko	Composite_sko	NoCompositeness	Composite_o	Composite_e	Composite_usek	Composite_null	Composite_Numeral	Composite_cko	Composite_cki	Composite_ComplexNumeral	Composite_NumeralFull	Composite_NumeralShort	DegreeComparative	DegreePositive	DegreeSuperlative	Adverb_Un_Hyphen	Adverb_With_Hyphen	DeclensionAdjectival	DeclensionNominal	DeclensionMixed	Indeclinable	Un_Comp_Suf	BiAspectual	MonoAspectual	Paired	FullSynthComparison	NoSynthComparative	NoSynthSuperlative	OnlySuperlative	MOne	MTwo	MThree	NormalClassifyingCapitalization	Future	Past	Present	Prefixoid	ZeroDoubleConjunct	NotCommonChild	Accusative	Dative	Genitive	Instrumental	Locative	Nominative	Partitive	Prepositional	DativeSpecial	ZeroCase	Vocative	RCDemonstrative	RCAttributive	RCPossessive	RCIndefinite	RCPersonal	RCInterrogative	RCNegative	RCReflexive	RCNoun	NoPlacement	Imperfective	Perfective	NotDefaultFiller	Feminine	Masculine	Neuter	Common	NoLeftmostPlacement	Iterat	UnIterat	NoRightmostPlacement	NotLeftConjunct	PersonFirst	PersonSecond	PersonThird	PersonZero	Active	VoiceSya	Passive	VerbIntransitive	VerbIntransitiveSpecial	VerbTransitive	VerbTransitiveSpecial	NotRightConjunct	NoSpecialCaseForm	Locative_u	Genitive_u	Plural_consonant	Genitive_Locative_u	GenitivePlural_Zero	NominativePlural_a	SpecialPlual	SpecialVocative	NoContrast	NormalCapitalization	Intern_Prefixoid	InternHy_Prefixoid	ParticipleFullForm	ParticipleShortForm	Plural	Singular	FiveAndMore	Three	Four	Two	SevenEight	AdjectiveFullForm	AdjectiveShortForm	AdjectiveShortFlectional	NounProperGeneral	NounProperSurNameFlective	NounProperTown	NounProperName	AdjectiveProper	NounProperPatronymic	NounProperNameDimin	AbbrProperGeneral	NounProperSurNameForeign	NormalNumberParadigm	FullRealization
53	143	президента	президента	285112	285111	Animate	Reflexive	FullReflexivity	NonReflexive	ImperfectiveReflexivity	NormalMorphForm	DefectOne	DefectTwo	Byt	DefectThree	DefectFour	GTNoun	NotEllipted	VocalForm	NForm	NotControlled	ZeroTypeOfCoordination	NoCompositeness	DegreeComparative	DegreePositive	DegreeSuperlative	Adverb_Un_Hyphen	Adverb_With_Hyphen	DeclensionNominal	Un_Comp_Suf	BiAspectual	MonoAspectual	Paired	FullSynthComparison	NoSynthComparative	NoSynthSuperlative	OnlySuperlative	MOne	MTwo	MThree	NormalClassifyingCapitalization	Future	Past	Present	Noun	ZeroDoubleConjunct	NotCommonChild	Accusative	Genitive	Partitive	RCDemonstrative	RCAttributive	RCPossessive	RCIndefinite	RCPersonal	RCInterrogative	RCNegative	RCReflexive	RCNoun	NoPlacement	Imperfective	Perfective	NotDefaultFiller	Masculine	NoLeftmostPlacement	Iterat	UnIterat	NoRightmostPlacement	NotLeftConjunct	PersonFirst	PersonSecond	PersonThird	PersonZero	Active	VoiceSya	Passive	VerbIntransitive	VerbIntransitiveSpecial	VerbTransitive	VerbTransitiveSpecial	NotRightConjunct	NoSpecialCaseForm	NoContrast	NormalCapitalization	PO_Prefixoid	Rus_Prefixoid	VPOL_Prefixoid	NE_Prefixoid	Eval_Prefixoid	Intern_Prefixoid	Reduced_Prefixoid	InternHy_Prefixoid	Letter_Prefixoid	BEZ_Prefixoid	BES_Prefixoid	BEZer_Prefixoid	V_Prefixoid	InternModEr_Prefixoid	RusHy_Prefixoid	NAI_Prefixoid	POL_Prefixoid	NI_Prefixoid	KOE_Prefixoid	Intern_ReducedPrefixoid	InternMod_Prefixoid	Chem_Prefixoid	ProperNamePrefixoid	Chemical_Possible	ParticipleFullForm	ParticipleShortForm	Singular	FiveAndMore	Three	Four	Two	SevenEight	AdjectiveFullForm	AdjectiveShortForm	AdjectiveShortFlectional	NounProperGeneral	NounProperSurNameFlective	NounProperTown	NounProperName	AdjectiveProper	NounProperPatronymic	NounProperNameDimin	AbbrProperGeneral	NounProperSurNameForeign	NormalNumberParadigm	FullRealization
53	155	президентом	президентом	285116	285115	Animate	Reflexive	FullReflexivity	NonReflexive	ImperfectiveReflexivity	NormalMorphForm	DefectOne	DefectTwo	Byt	DefectThree	DefectFour	GTNoun	NotEllipted	VocalForm	NForm	NotControlled	ZeroTypeOfCoordination	NoCompositeness	DegreeComparative	DegreePositive	DegreeSuperlative	Adverb_Un_Hyphen	Adverb_With_Hyphen	DeclensionNominal	Un_Comp_Suf	BiAspectual	MonoAspectual	Paired	FullSynthComparison	NoSynthComparative	NoSynthSuperlative	OnlySuperlative	MOne	MTwo	MThree	NormalClassifyingCapitalization	Future	Past	Present	Noun	ZeroDoubleConjunct	NotCommonChild	Instrumental	RCDemonstrative	RCAttributive	RCPossessive	RCIndefinite	RCPersonal	RCInterrogative	RCNegative	RCReflexive	RCNoun	NoPlacement	Imperfective	Perfective	NotDefaultFiller	Masculine	NoLeftmostPlacement	Iterat	UnIterat	NoRightmostPlacement	NotLeftConjunct	PersonFirst	PersonSecond	PersonThird	PersonZero	Active	VoiceSya	Passive	VerbIntransitive	VerbIntransitiveSpecial	VerbTransitive	VerbTransitiveSpecial	NotRightConjunct	NoSpecialCaseForm	NoContrast	NormalCapitalization	PO_Prefixoid	Rus_Prefixoid	VPOL_Prefixoid	NE_Prefixoid	Eval_Prefixoid	Intern_Prefixoid	Reduced_Prefixoid	InternHy_Prefixoid	Letter_Prefixoid	BEZ_Prefixoid	BES_Prefixoid	BEZer_Prefixoid	V_Prefixoid	InternModEr_Prefixoid	RusHy_Prefixoid	NAI_Prefixoid	POL_Prefixoid	NI_Prefixoid	KOE_Prefixoid	Intern_ReducedPrefixoid	InternMod_Prefixoid	Chem_Prefixoid	ProperNamePrefixoid	Chemical_Possible	ParticipleFullForm	ParticipleShortForm	Singular	FiveAndMore	Three	Four	Two	SevenEight	AdjectiveFullForm	AdjectiveShortForm	AdjectiveShortFlectional	NounProperGeneral	NounProperSurNameFlective	NounProperTown	NounProperName	AdjectiveProper	NounProperPatronymic	NounProperNameDimin	AbbrProperGeneral	NounProperSurNameForeign	NormalNumberParadigm	FullRealization
53	167	стал	стал	285115	285089	Animate	Inanimate	FullReflexivity	ImperfectiveReflexivity	NormalMorphForm	DefectOne	DefectTwo	Byt	DefectThree	DefectFour	GTVerb	NotEllipted	VocalForm	NForm	NotControlled	ZeroTypeOfCoordination	Composite_ski	Composite_iko	Composite_sko	NoCompositeness	Composite_o	Composite_e	Composite_usek	Composite_null	Composite_Numeral	Composite_cko	Composite_cki	Composite_ComplexNumeral	Composite_NumeralFull	Composite_NumeralShort	DegreeComparative	DegreePositive	DegreeSuperlative	Adverb_Un_Hyphen	Adverb_With_Hyphen	DeclensionAdjectival	DeclensionNominal	DeclensionMixed	Indeclinable	Comp_Suffixoid	Un_Comp_Suf	Comp_Suffixoid_Num_OJ	Comp_Suffixoid_Num_YJ	Comp_Suffixoid_Num_IJ	Comp_Suffixoid_Num_J	Comp_PunctuatorPost	Comp_PunctuatorPref	Comp_PunctuatorPostSeparable	Comp_PunctuatorPrefSeparable	Comp_Prefixoid	Comp_Suffixoid_Num_PercentYJ	Comp_Noun	Comp_Suffixoid_Chem	Comp_Adj	Comp_SuffixoidAbbr	MonoAspectual	Paired	FullSynthComparison	NoSynthComparative	NoSynthSuperlative	OnlySuperlative	MOne	MTwo	MThree	NormalClassifyingCapitalization	Past	Verb	ZeroDoubleConjunct	NotCommonChild	Accusative	Dative	Genitive	Instrumental	Locative	Nominative	Partitive	Prepositional	DativeSpecial	ZeroCase	Vocative	RCDemonstrative	RCAttributive	RCPossessive	RCIndefinite	RCPersonal	RCInterrogative	RCNegative	RCReflexive	RCNoun	NoPlacement	Perfective	NotDefaultFiller	Masculine	NoLeftmostPlacement	UnIterat	NoRightmostPlacement	NotLeftConjunct	PersonFirst	PersonSecond	PersonThird	PersonZero	Active	VerbIntransitive	NotRightConjunct	NoSpecialCaseForm	Locative_u	Genitive_u	Plural_consonant	Genitive_Locative_u	GenitivePlural_Zero	NominativePlural_a	SpecialPlual	SpecialVocative	NoContrast	NormalCapitalization	PO_Prefixoid	Rus_Prefixoid	VPOL_Prefixoid	NE_Prefixoid	Eval_Prefixoid	Intern_Prefixoid	Reduced_Prefixoid	InternHy_Prefixoid	Letter_Prefixoid	BEZ_Prefixoid	BES_Prefixoid	BEZer_Prefixoid	V_Prefixoid	InternModEr_Prefixoid	RusHy_Prefixoid	NAI_Prefixoid	POL_Prefixoid	NI_Prefixoid	KOE_Prefixoid	Intern_ReducedPrefixoid	InternMod_Prefixoid	Chem_Prefixoid	ProperNamePrefixoid	Chemical_Possible	ParticipleFullForm	ParticipleShortForm	Singular	FiveAndMore	Three	Four	Two	SevenEight	AdjectiveFullForm	AdjectiveShortForm	AdjectiveShortFlectional	NounProperGeneral	NounProperSurNameFlective	NounProperTown	NounProperName	AdjectiveProper	NounProperPatronymic	NounProperNameDimin	AbbrProperGeneral	NounProperSurNameForeign	NormalNumberParadigm	FullRealization
53	172	Гусев	Гусев	285117	285115	Animate	Reflexive	FullReflexivity	NonReflexive	ImperfectiveReflexivity	NormalMorphForm	DefectOne	DefectTwo	Byt	DefectThree	DefectFour	GTNoun	NotEllipted	VocalForm	NForm	NotControlled	ZeroTypeOfCoordination	NoCompositeness	DegreeComparative	DegreePositive	DegreeSuperlative	Adverb_Un_Hyphen	Adverb_With_Hyphen	DeclensionNominal	Un_Comp_Suf	BiAspectual	MonoAspectual	Paired	FullSynthComparison	NoSynthComparative	NoSynthSuperlative	OnlySuperlative	MOne	MTwo	MThree	NormalClassifyingCapitalization	Future	Past	Present	Noun	ZeroDoubleConjunct	NotCommonChild	Nominative	RCDemonstrative	RCAttributive	RCPossessive	RCIndefinite	RCPersonal	RCInterrogative	RCNegative	RCReflexive	RCNoun	NoPlacement	Imperfective	Perfective	NotDefaultFiller	Masculine	NoLeftmostPlacement	Iterat	UnIterat	NoRightmostPlacement	NotLeftConjunct	PersonFirst	PersonSecond	PersonThird	PersonZero	Active	VoiceSya	Passive	VerbIntransitive	VerbIntransitiveSpecial	VerbTransitive	VerbTransitiveSpecial	NotRightConjunct	NoSpecialCaseForm	NoContrast	NormalCapitalization	PO_Prefixoid	Rus_Prefixoid	VPOL_Prefixoid	NE_Prefixoid	Eval_Prefixoid	Intern_Prefixoid	Reduced_Prefixoid	InternHy_Prefixoid	Letter_Prefixoid	BEZ_Prefixoid	BES_Prefixoid	BEZer_Prefixoid	V_Prefixoid	InternModEr_Prefixoid	RusHy_Prefixoid	NAI_Prefixoid	POL_Prefixoid	NI_Prefixoid	KOE_Prefixoid	Intern_ReducedPrefixoid	InternMod_Prefixoid	Chem_Prefixoid	ProperNamePrefixoid	Chemical_Possible	ParticipleFullForm	ParticipleShortForm	Singular	FiveAndMore	Three	Four	Two	SevenEight	AdjectiveFullForm	AdjectiveShortForm	AdjectiveShortFlectional	NounProperSurNameFlective	NormalNumberParadigm	FullRealization
55	-1			285149	285131
55	-1			285150	285131
55	-1			285151	285118
55	0	Сообщалось	Сообщалось	285118	-1	Animate	Inanimate	FullReflexivity	NormalMorphForm	DefectOne	DefectTwo	Byt	DefectThree	DefectFour	GTVerb	NotEllipted	VocalForm	NForm	NotControlled	ZeroTypeOfCoordination	Composite_ski	Composite_iko	Composite_sko	NoCompositeness	Composite_o	Composite_e	Composite_usek	Composite_null	Composite_Numeral	Composite_cko	Composite_cki	Composite_ComplexNumeral	Composite_NumeralFull	Composite_NumeralShort	DegreeComparative	DegreePositive	DegreeSuperlative	Adverb_Un_Hyphen	Adverb_With_Hyphen	DeclensionAdjectival	DeclensionNominal	DeclensionMixed	Indeclinable	Comp_Suffixoid	Un_Comp_Suf	Comp_Suffixoid_Num_OJ	Comp_Suffixoid_Num_YJ	Comp_Suffixoid_Num_IJ	Comp_Suffixoid_Num_J	Comp_PunctuatorPost	Comp_PunctuatorPref	Comp_PunctuatorPostSeparable	Comp_PunctuatorPrefSeparable	Comp_Prefixoid	Comp_Suffixoid_Num_PercentYJ	Comp_Noun	Comp_Suffixoid_Chem	Comp_Adj	Comp_SuffixoidAbbr	Paired	FullSynthComparison	NoSynthComparative	NoSynthSuperlative	OnlySuperlative	MOne	MTwo	MThree	NormalClassifyingCapitalization	Past	Verb	ZeroDoubleConjunct	NotCommonChild	Accusative	Dative	Genitive	Instrumental	Locative	Nominative	Partitive	Prepositional	DativeSpecial	ZeroCase	Vocative	RCDemonstrative	RCAttributive	RCPossessive	RCIndefinite	RCPersonal	RCInterrogative	RCNegative	RCReflexive	RCNoun	NoPlacement	Imperfective	NotDefaultFiller	Neuter	NoLeftmostPlacement	UnIterat	NoRightmostPlacement	NotLeftConjunct	PersonFirst	PersonSecond	PersonThird	PersonZero	VoiceSya	VerbTransitive	NotRightConjunct	NoSpecialCaseForm	Locative_u	Genitive_u	Plural_consonant	Genitive_Locative_u	GenitivePlural_Zero	NominativePlural_a	SpecialPlual	SpecialVocative	NoContrast	NormalCapitalization	PO_Prefixoid	Rus_Prefixoid	VPOL_Prefixoid	NE_Prefixoid	Eval_Prefixoid	Intern_Prefixoid	Reduced_Prefixoid	InternHy_Prefixoid	Letter_Prefixoid	BEZ_Prefixoid	BES_Prefixoid	BEZer_Prefixoid	V_Prefixoid	InternModEr_Prefixoid	RusHy_Prefixoid	NAI_Prefixoid	POL_Prefixoid	NI_Prefixoid	KOE_Prefixoid	Intern_ReducedPrefixoid	InternMod_Prefixoid	Chem_Prefixoid	ProperNamePrefixoid	Chemical_Possible	ParticipleFullForm	ParticipleShortForm	Singular	FiveAndMore	Three	Four	Two	SevenEight	AdjectiveFullForm	AdjectiveShortForm	AdjectiveShortFlectional	NounProperGeneral	NounProperSurNameFlective	NounProperTown	NounProperName	AdjectiveProper	NounProperPatronymic	NounProperNameDimin	AbbrProperGeneral	NounProperSurNameForeign	NormalNumberParadigm	FullRealization
55	12	что	что	285120	285119	Animate	Inanimate	Inanimate	Reflexive	FullReflexivity	NonReflexive	ImperfectiveReflexivity	Reflexive	FullReflexivity	NonReflexive	ImperfectiveReflexivity	NormalMorphForm	NormalMorphForm	NormalMorphForm	NormalMorphForm	DefectOne	DefectTwo	Byt	DefectThree	DefectFour	DefectOne	DefectTwo	Byt	DefectThree	DefectFour	GTInvariable	GTNoun	NotEllipted	NotEllipted	NotEllipted	NotEllipted	VocalForm	NForm	VocalForm	NForm	NotControlled	NotControlled	NotControlled	NotControlled	ZeroTypeOfCoordination	ZeroTypeOfCoordination	ZeroTypeOfCoordination	ZeroTypeOfCoordination	Composite_ski	Composite_iko	Composite_sko	NoCompositeness	Composite_o	Composite_e	Composite_usek	Composite_null	Composite_Numeral	Composite_cko	Composite_cki	Composite_ComplexNumeral	Composite_NumeralFull	Composite_NumeralShort	Composite_ski	Composite_iko	Composite_sko	NoCompositeness	Composite_o	Composite_e	Composite_usek	Composite_null	Composite_Numeral	Composite_cko	Composite_cki	Composite_ComplexNumeral	Composite_NumeralFull	Composite_NumeralShort	DegreeComparative	DegreePositive	DegreeSuperlative	DegreeComparative	DegreePositive	DegreeSuperlative	Adverb_Un_Hyphen	Adverb_With_Hyphen	Adverb_Un_Hyphen	Adverb_With_Hyphen	DeclensionAdjectival	DeclensionNominal	DeclensionMixed	Indeclinable	DeclensionAdjectival	DeclensionNominal	DeclensionMixed	Indeclinable	Comp_Suffixoid	Un_Comp_Suf	Comp_Suffixoid_Num_OJ	Comp_Suffixoid_Num_YJ	Comp_Suffixoid_Num_IJ	Comp_Suffixoid_Num_J	Comp_PunctuatorPost	Comp_PunctuatorPref	Comp_PunctuatorPostSeparable	Comp_PunctuatorPrefSeparable	Comp_Prefixoid	Comp_Suffixoid_Num_PercentYJ	Comp_Noun	Comp_Suffixoid_Chem	Comp_Adj	Comp_SuffixoidAbbr	Comp_Suffixoid	Un_Comp_Suf	Comp_Suffixoid_Num_OJ	Comp_Suffixoid_Num_YJ	Comp_Suffixoid_Num_IJ	Comp_Suffixoid_Num_J	Comp_PunctuatorPost	Comp_PunctuatorPref	Comp_PunctuatorPostSeparable	Comp_PunctuatorPrefSeparable	Comp_Prefixoid	Comp_Suffixoid_Num_PercentYJ	Comp_Noun	Comp_Suffixoid_Chem	Comp_Adj	Comp_SuffixoidAbbr	BiAspectual	MonoAspectual	Paired	BiAspectual	MonoAspectual	Paired	FullSynthComparison	NoSynthComparative	NoSynthSuperlative	OnlySuperlative	FullSynthComparison	NoSynthComparative	NoSynthSuperlative	OnlySuperlative	MOne	MTwo	MThree	MOne	MTwo	MThree	NormalClassifyingCapitalization	NormalClassifyingCapitalization	NormalClassifyingCapitalization	NormalClassifyingCapitalization	Future	Past	Present	Future	Past	Present	Conjunction	Pronoun	ZeroDoubleConjunct	ZeroDoubleConjunct	ZeroDoubleConjunct	ZeroDoubleConjunct	NotCommonChild	NotCommonChild	NotCommonChild	NotCommonChild	Accusative	Dative	Genitive	Instrumental	Locative	Nominative	Partitive	Prepositional	DativeSpecial	ZeroCase	Vocative	Accusative	Nominative	RCDemonstrative	RCAttributive	RCPossessive	RCIndefinite	RCPersonal	RCInterrogative	RCNegative	RCReflexive	RCNoun	RCInterrogative	NoPlacement	NoPlacement	NoPlacement	NoPlacement	Imperfective	Perfective	Imperfective	Perfective	NotDefaultFiller	NotDefaultFiller	NotDefaultFiller	NotDefaultFiller	Feminine	Masculine	Neuter	Common	Neuter	NoLeftmostPlacement	NoLeftmostPlacement	NoLeftmostPlacement	NoLeftmostPlacement	Iterat	UnIterat	Iterat	UnIterat	NoRightmostPlacement	NoRightmostPlacement	NoRightmostPlacement	NoRightmostPlacement	NotLeftConjunct	NotLeftConjunct	NotLeftConjunct	NotLeftConjunct	PersonFirst	PersonSecond	PersonThird	PersonZero	PersonFirst	PersonSecond	PersonThird	PersonZero	Active	VoiceSya	Passive	Active	VoiceSya	Passive	VerbIntransitive	VerbIntransitiveSpecial	VerbTransitive	VerbTransitiveSpecial	VerbIntransitive	VerbIntransitiveSpecial	VerbTransitive	VerbTransitiveSpecial	NotRightConjunct	NotRightConjunct	NotRightConjunct	NotRightConjunct	NoSpecialCaseForm	Locative_u	Genitive_u	Plural_consonant	Genitive_Locative_u	GenitivePlural_Zero	NominativePlural_a	SpecialPlual	SpecialVocative	NoSpecialCaseForm	Locative_u	Genitive_u	Plural_consonant	Genitive_Locative_u	GenitivePlural_Zero	NominativePlural_a	SpecialPlual	SpecialVocative	NoContrast	NoContrast	NoContrast	NoContrast	NormalCapitalization	NormalCapitalization	NormalCapitalization	NormalCapitalization	PO_Prefixoid	Rus_Prefixoid	VPOL_Prefixoid	NE_Prefixoid	Eval_Prefixoid	Intern_Prefixoid	Reduced_Prefixoid	InternHy_Prefixoid	Letter_Prefixoid	BEZ_Prefixoid	BES_Prefixoid	BEZer_Prefixoid	V_Prefixoid	InternModEr_Prefixoid	RusHy_Prefixoid	NAI_Prefixoid	POL_Prefixoid	NI_Prefixoid	KOE_Prefixoid	Intern_ReducedPrefixoid	InternMod_Prefixoid	Chem_Prefixoid	ProperNamePrefixoid	Chemical_Possible	PO_Prefixoid	Rus_Prefixoid	VPOL_Prefixoid	NE_Prefixoid	Eval_Prefixoid	Intern_Prefixoid	Reduced_Prefixoid	InternHy_Prefixoid	Letter_Prefixoid	BEZ_Prefixoid	BES_Prefixoid	BEZer_Prefixoid	V_Prefixoid	InternModEr_Prefixoid	RusHy_Prefixoid	NAI_Prefixoid	POL_Prefixoid	NI_Prefixoid	KOE_Prefixoid	Intern_ReducedPrefixoid	InternMod_Prefixoid	Chem_Prefixoid	ProperNamePrefixoid	Chemical_Possible	ParticipleFullForm	ParticipleShortForm	ParticipleFullForm	ParticipleShortForm	Plural	Singular	Singular	FiveAndMore	Three	Four	Two	SevenEight	FiveAndMore	Three	Four	Two	SevenEight	AdjectiveFullForm	AdjectiveShortForm	AdjectiveShortFlectional	AdjectiveFullForm	AdjectiveShortForm	AdjectiveShortFlectional	NounProperGeneral	NounProperSurNameFlective	NounProperTown	NounProperName	AdjectiveProper	NounProperPatronymic	NounProperNameDimin	AbbrProperGeneral	NounProperSurNameForeign	NounProperGeneral	NounProperSurNameFlective	NounProperTown	NounProperName	AdjectiveProper	NounProperPatronymic	NounProperNameDimin	AbbrProperGeneral	NounProperSurNameForeign	NormalNumberParadigm	NormalNumberParadigm	NormalNumberParadigm	NormalNumberParadigm	FullRealization	FullRealization	FullRealization	FullRealization
55	16	НАБИ	НАБИ	285121	285119	ZeroTypeOfCoordination	NoPlacement	NormalCapitalization	NotDefaultFiller	NoContrast	NoLeftmostPlacement	FullRealization	NoRightmostPlacement	NormalNumberParadigm	NotLeftConjunct	NormalClassifyingCapitalization	ZeroDoubleConjunct	NotCommonChild	NotEllipted	NormalMorphForm	NotControlled	NotRightConjunct
55	21	проводил	проводил	285119	285118	Animate	Inanimate	Animate	Inanimate	FullReflexivity	ImperfectiveReflexivity	NormalMorphForm	NormalMorphForm	DefectOne	DefectTwo	Byt	DefectThree	DefectFour	DefectOne	DefectTwo	Byt	DefectThree	DefectFour	GTVerb	GTVerb	NotEllipted	NotEllipted	VocalForm	NForm	VocalForm	NForm	NotControlled	NotControlled	ZeroTypeOfCoordination	ZeroTypeOfCoordination	Composite_ski	Composite_iko	Composite_sko	NoCompositeness	Composite_o	Composite_e	Composite_usek	Composite_null	Composite_Numeral	Composite_cko	Composite_cki	Composite_ComplexNumeral	Composite_NumeralFull	Composite_NumeralShort	Composite_ski	Composite_iko	Composite_sko	NoCompositeness	Composite_o	Composite_e	Composite_usek	Composite_null	Composite_Numeral	Composite_cko	Composite_cki	Composite_ComplexNumeral	Composite_NumeralFull	Composite_NumeralShort	DegreeComparative	DegreePositive	DegreeSuperlative	DegreeComparative	DegreePositive	DegreeSuperlative	Adverb_Un_Hyphen	Adverb_With_Hyphen	Adverb_Un_Hyphen	Adverb_With_Hyphen	DeclensionAdjectival	DeclensionNominal	DeclensionMixed	Indeclinable	DeclensionAdjectival	DeclensionNominal	DeclensionMixed	Indeclinable	Comp_Suffixoid	Un_Comp_Suf	Comp_Suffixoid_Num_OJ	Comp_Suffixoid_Num_YJ	Comp_Suffixoid_Num_IJ	Comp_Suffixoid_Num_J	Comp_PunctuatorPost	Comp_PunctuatorPref	Comp_PunctuatorPostSeparable	Comp_PunctuatorPrefSeparable	Comp_Prefixoid	Comp_Suffixoid_Num_PercentYJ	Comp_Noun	Comp_Suffixoid_Chem	Comp_Adj	Comp_SuffixoidAbbr	Comp_Suffixoid	Un_Comp_Suf	Comp_Suffixoid_Num_OJ	Comp_Suffixoid_Num_YJ	Comp_Suffixoid_Num_IJ	Comp_Suffixoid_Num_J	Comp_PunctuatorPost	Comp_PunctuatorPref	Comp_PunctuatorPostSeparable	Comp_PunctuatorPrefSeparable	Comp_Prefixoid	Comp_Suffixoid_Num_PercentYJ	Comp_Noun	Comp_Suffixoid_Chem	Comp_Adj	Comp_SuffixoidAbbr	Paired	Paired	FullSynthComparison	NoSynthComparative	NoSynthSuperlative	OnlySuperlative	FullSynthComparison	NoSynthComparative	NoSynthSuperlative	OnlySuperlative	MOne	MTwo	MThree	MOne	MTwo	MThree	NormalClassifyingCapitalization	NormalClassifyingCapitalization	Past	Past	Verb	Verb	ZeroDoubleConjunct	ZeroDoubleConjunct	NotCommonChild	NotCommonChild	Accusative	Dative	Genitive	Instrumental	Locative	Nominative	Partitive	Prepositional	DativeSpecial	ZeroCase	Vocative	Accusative	Dative	Genitive	Instrumental	Locative	Nominative	Partitive	Prepositional	DativeSpecial	ZeroCase	Vocative	RCDemonstrative	RCAttributive	RCPossessive	RCIndefinite	RCPersonal	RCInterrogative	RCNegative	RCReflexive	RCNoun	RCDemonstrative	RCAttributive	RCPossessive	RCIndefinite	RCPersonal	RCInterrogative	RCNegative	RCReflexive	RCNoun	NoPlacement	NoPlacement	Imperfective	Perfective	NotDefaultFiller	NotDefaultFiller	Masculine	Masculine	NoLeftmostPlacement	NoLeftmostPlacement	UnIterat	UnIterat	NoRightmostPlacement	NoRightmostPlacement	NotLeftConjunct	NotLeftConjunct	PersonFirst	PersonSecond	PersonThird	PersonZero	PersonFirst	PersonSecond	PersonThird	PersonZero	Active	Active	VerbTransitive	VerbTransitive	NotRightConjunct	NotRightConjunct	NoSpecialCaseForm	Locative_u	Genitive_u	Plural_consonant	Genitive_Locative_u	GenitivePlural_Zero	NominativePlural_a	SpecialPlual	SpecialVocative	NoSpecialCaseForm	Locative_u	Genitive_u	Plural_consonant	Genitive_Locative_u	GenitivePlural_Zero	NominativePlural_a	SpecialPlual	SpecialVocative	NoContrast	NoContrast	NormalCapitalization	NormalCapitalization	PO_Prefixoid	Rus_Prefixoid	VPOL_Prefixoid	NE_Prefixoid	Eval_Prefixoid	Intern_Prefixoid	Reduced_Prefixoid	InternHy_Prefixoid	Letter_Prefixoid	BEZ_Prefixoid	BES_Prefixoid	BEZer_Prefixoid	V_Prefixoid	InternModEr_Prefixoid	RusHy_Prefixoid	NAI_Prefixoid	POL_Prefixoid	NI_Prefixoid	KOE_Prefixoid	Intern_ReducedPrefixoid	InternMod_Prefixoid	Chem_Prefixoid	ProperNamePrefixoid	Chemical_Possible	PO_Prefixoid	Rus_Prefixoid	VPOL_Prefixoid	NE_Prefixoid	Eval_Prefixoid	Intern_Prefixoid	Reduced_Prefixoid	InternHy_Prefixoid	Letter_Prefixoid	BEZ_Prefixoid	BES_Prefixoid	BEZer_Prefixoid	V_Prefixoid	InternModEr_Prefixoid	RusHy_Prefixoid	NAI_Prefixoid	POL_Prefixoid	NI_Prefixoid	KOE_Prefixoid	Intern_ReducedPrefixoid	InternMod_Prefixoid	Chem_Prefixoid	ProperNamePrefixoid	Chemical_Possible	ParticipleFullForm	ParticipleShortForm	ParticipleFullForm	ParticipleShortForm	Singular	Singular	FiveAndMore	Three	Four	Two	SevenEight	FiveAndMore	Three	Four	Two	SevenEight	AdjectiveFullForm	AdjectiveShortForm	AdjectiveShortFlectional	AdjectiveFullForm	AdjectiveShortForm	AdjectiveShortFlectional	NounProperGeneral	NounProperSurNameFlective	NounProperTown	NounProperName	AdjectiveProper	NounProperPatronymic	NounProperNameDimin	AbbrProperGeneral	NounProperSurNameForeign	NounProperGeneral	NounProperSurNameFlective	NounProperTown	NounProperName	AdjectiveProper	NounProperPatronymic	NounProperNameDimin	AbbrProperGeneral	NounProperSurNameForeign	NormalNumberParadigm	NormalNumberParadigm	FullRealization	FullRealization
55	30	мониторинг	мониторинг	285122	285119	Inanimate	Reflexive	FullReflexivity	NonReflexive	ImperfectiveReflexivity	NormalMorphForm	DefectOne	DefectTwo	Byt	DefectThree	DefectFour	GTNoun	NotEllipted	VocalForm	NForm	NotControlled	ZeroTypeOfCoordination	NoCompositeness	DegreeComparative	DegreePositive	DegreeSuperlative	Adverb_Un_Hyphen	Adverb_With_Hyphen	DeclensionNominal	Un_Comp_Suf	BiAspectual	MonoAspectual	Paired	FullSynthComparison	NoSynthComparative	NoSynthSuperlative	OnlySuperlative	MOne	MTwo	MThree	NormalClassifyingCapitalization	Future	Past	Present	Noun	ZeroDoubleConjunct	NotCommonChild	Accusative	Nominative	RCDemonstrative	RCAttributive	RCPossessive	RCIndefinite	RCPersonal	RCInterrogative	RCNegative	RCReflexive	RCNoun	NoPlacement	Imperfective	Perfective	NotDefaultFiller	Masculine	NoLeftmostPlacement	Iterat	UnIterat	NoRightmostPlacement	NotLeftConjunct	PersonFirst	PersonSecond	PersonThird	PersonZero	Active	VoiceSya	Passive	VerbIntransitive	VerbIntransitiveSpecial	VerbTransitive	VerbTransitiveSpecial	NotRightConjunct	NoSpecialCaseForm	NoContrast	NormalCapitalization	PO_Prefixoid	Rus_Prefixoid	VPOL_Prefixoid	NE_Prefixoid	Eval_Prefixoid	Intern_Prefixoid	Reduced_Prefixoid	InternHy_Prefixoid	Letter_Prefixoid	BEZ_Prefixoid	BES_Prefixoid	BEZer_Prefixoid	V_Prefixoid	InternModEr_Prefixoid	RusHy_Prefixoid	NAI_Prefixoid	POL_Prefixoid	NI_Prefixoid	KOE_Prefixoid	Intern_ReducedPrefixoid	InternMod_Prefixoid	Chem_Prefixoid	ProperNamePrefixoid	Chemical_Possible	ParticipleFullForm	ParticipleShortForm	Singular	FiveAndMore	Three	Four	Two	SevenEight	AdjectiveFullForm	AdjectiveShortForm	AdjectiveShortFlectional	NounProperGeneral	NounProperSurNameFlective	NounProperTown	NounProperName	AdjectiveProper	NounProperPatronymic	NounProperNameDimin	AbbrProperGeneral	NounProperSurNameForeign	NormalNumberParadigm	FullRealization
55	42	по	по	285124	285123	Animate	Inanimate	Reflexive	FullReflexivity	NonReflexive	ImperfectiveReflexivity	NormalMorphForm	DefectOne	DefectTwo	Byt	DefectThree	DefectFour	GTInvariable	NotEllipted	VocalForm	NForm	NotControlled	ZeroTypeOfCoordination	Composite_ski	Composite_iko	Composite_sko	NoCompositeness	Composite_o	Composite_e	Composite_usek	Composite_null	Composite_Numeral	Composite_cko	Composite_cki	Composite_ComplexNumeral	Composite_NumeralFull	Composite_NumeralShort	DegreeComparative	DegreePositive	DegreeSuperlative	Adverb_Un_Hyphen	Adverb_With_Hyphen	DeclensionAdjectival	DeclensionNominal	DeclensionMixed	Indeclinable	Comp_Suffixoid	Un_Comp_Suf	Comp_Suffixoid_Num_OJ	Comp_Suffixoid_Num_YJ	Comp_Suffixoid_Num_IJ	Comp_Suffixoid_Num_J	Comp_PunctuatorPost	Comp_PunctuatorPref	Comp_PunctuatorPostSeparable	Comp_PunctuatorPrefSeparable	Comp_Prefixoid	Comp_Suffixoid_Num_PercentYJ	Comp_Noun	Comp_Suffixoid_Chem	Comp_Adj	Comp_SuffixoidAbbr	BiAspectual	MonoAspectual	Paired	FullSynthComparison	NoSynthComparative	NoSynthSuperlative	OnlySuperlative	MOne	MTwo	MThree	NormalClassifyingCapitalization	Future	Past	Present	Preposition	ZeroDoubleConjunct	NotCommonChild	Accusative	Dative	Genitive	Instrumental	Locative	Nominative	Partitive	Prepositional	DativeSpecial	ZeroCase	Vocative	RCDemonstrative	RCAttributive	RCPossessive	RCIndefinite	RCPersonal	RCInterrogative	RCNegative	RCReflexive	RCNoun	NoPlacement	Imperfective	Perfective	NotDefaultFiller	Feminine	Masculine	Neuter	Common	NoLeftmostPlacement	Iterat	UnIterat	NoRightmostPlacement	NotLeftConjunct	PersonFirst	PersonSecond	PersonThird	PersonZero	Active	VoiceSya	Passive	VerbIntransitive	VerbIntransitiveSpecial	VerbTransitive	VerbTransitiveSpecial	NotRightConjunct	NoSpecialCaseForm	Locative_u	Genitive_u	Plural_consonant	Genitive_Locative_u	GenitivePlural_Zero	NominativePlural_a	SpecialPlual	SpecialVocative	NoContrast	NormalCapitalization	PO_Prefixoid	Rus_Prefixoid	VPOL_Prefixoid	NE_Prefixoid	Eval_Prefixoid	Intern_Prefixoid	Reduced_Prefixoid	InternHy_Prefixoid	Letter_Prefixoid	BEZ_Prefixoid	BES_Prefixoid	BEZer_Prefixoid	V_Prefixoid	InternModEr_Prefixoid	RusHy_Prefixoid	NAI_Prefixoid	POL_Prefixoid	NI_Prefixoid	KOE_Prefixoid	Intern_ReducedPrefixoid	InternMod_Prefixoid	Chem_Prefixoid	ProperNamePrefixoid	Chemical_Possible	ParticipleFullForm	ParticipleShortForm	Plural	Singular	FiveAndMore	Three	Four	Two	SevenEight	AdjectiveFullForm	AdjectiveShortForm	AdjectiveShortFlectional	NounProperGeneral	NounProperSurNameFlective	NounProperTown	NounProperName	AdjectiveProper	NounProperPatronymic	NounProperNameDimin	AbbrProperGeneral	NounProperSurNameForeign	NormalNumberParadigm	FullRealization
55	45	всем	всем	285125	285123	Animate	Inanimate	Reflexive	FullReflexivity	NonReflexive	ImperfectiveReflexivity	NormalMorphForm	DefectOne	DefectTwo	Byt	DefectThree	DefectFour	GTAdjectiveAttributive	NotEllipted	VocalForm	NForm	NotControlled	ZeroTypeOfCoordination	Composite_ski	Composite_iko	Composite_sko	NoCompositeness	Composite_o	Composite_e	Composite_usek	Composite_null	Composite_Numeral	Composite_cko	Composite_cki	Composite_ComplexNumeral	Composite_NumeralFull	Composite_NumeralShort	DegreeComparative	DegreePositive	DegreeSuperlative	Adverb_Un_Hyphen	Adverb_With_Hyphen	DeclensionAdjectival	DeclensionNominal	DeclensionMixed	Indeclinable	Comp_Suffixoid	Un_Comp_Suf	Comp_Suffixoid_Num_OJ	Comp_Suffixoid_Num_YJ	Comp_Suffixoid_Num_IJ	Comp_Suffixoid_Num_J	Comp_PunctuatorPost	Comp_PunctuatorPref	Comp_PunctuatorPostSeparable	Comp_PunctuatorPrefSeparable	Comp_Prefixoid	Comp_Suffixoid_Num_PercentYJ	Comp_Noun	Comp_Suffixoid_Chem	Comp_Adj	Comp_SuffixoidAbbr	BiAspectual	MonoAspectual	Paired	FullSynthComparison	NoSynthComparative	NoSynthSuperlative	OnlySuperlative	MOne	MTwo	MThree	NormalClassifyingCapitalization	Future	Past	Present	Pronoun	ZeroDoubleConjunct	NotCommonChild	Dative	Instrumental	Locative	Prepositional	RCAttributive	NoPlacement	Imperfective	Perfective	NotDefaultFiller	Feminine	Masculine	Neuter	Common	NoLeftmostPlacement	Iterat	UnIterat	NoRightmostPlacement	NotLeftConjunct	PersonFirst	PersonSecond	PersonThird	PersonZero	Active	VoiceSya	Passive	VerbIntransitive	VerbIntransitiveSpecial	VerbTransitive	VerbTransitiveSpecial	NotRightConjunct	NoSpecialCaseForm	Locative_u	Genitive_u	Plural_consonant	Genitive_Locative_u	GenitivePlural_Zero	NominativePlural_a	SpecialPlual	SpecialVocative	NoContrast	NormalCapitalization	PO_Prefixoid	Rus_Prefixoid	VPOL_Prefixoid	NE_Prefixoid	Eval_Prefixoid	Intern_Prefixoid	Reduced_Prefixoid	InternHy_Prefixoid	Letter_Prefixoid	BEZ_Prefixoid	BES_Prefixoid	BEZer_Prefixoid	V_Prefixoid	InternModEr_Prefixoid	RusHy_Prefixoid	NAI_Prefixoid	POL_Prefixoid	NI_Prefixoid	KOE_Prefixoid	Intern_ReducedPrefixoid	InternMod_Prefixoid	Chem_Prefixoid	ProperNamePrefixoid	Chemical_Possible	ParticipleFullForm	ParticipleShortForm	Plural	Singular	FiveAndMore	Three	Four	Two	SevenEight	AdjectiveFullForm	NounProperGeneral	NounProperSurNameFlective	NounProperTown	NounProperName	AdjectiveProper	NounProperPatronymic	NounProperNameDimin	AbbrProperGeneral	NounProperSurNameForeign	NormalNumberParadigm	FullRealization
55	50	аспектам	аспектам	285123	285119	Inanimate	Reflexive	FullReflexivity	NonReflexive	ImperfectiveReflexivity	NormalMorphForm	DefectOne	DefectTwo	Byt	DefectThree	DefectFour	GTNoun	NotEllipted	VocalForm	NForm	NotControlled	ZeroTypeOfCoordination	NoCompositeness	DegreeComparative	DegreePositive	DegreeSuperlative	Adverb_Un_Hyphen	Adverb_With_Hyphen	DeclensionNominal	Un_Comp_Suf	BiAspectual	MonoAspectual	Paired	FullSynthComparison	NoSynthComparative	NoSynthSuperlative	OnlySuperlative	MOne	MTwo	MThree	NormalClassifyingCapitalization	Future	Past	Present	Noun	ZeroDoubleConjunct	NotCommonChild	Dative	RCDemonstrative	RCAttributive	RCPossessive	RCIndefinite	RCPersonal	RCInterrogative	RCNegative	RCReflexive	RCNoun	NoPlacement	Imperfective	Perfective	NotDefaultFiller	Masculine	NoLeftmostPlacement	Iterat	UnIterat	NoRightmostPlacement	NotLeftConjunct	PersonFirst	PersonSecond	PersonThird	PersonZero	Active	VoiceSya	Passive	VerbIntransitive	VerbIntransitiveSpecial	VerbTransitive	VerbTransitiveSpecial	NotRightConjunct	NoSpecialCaseForm	NoContrast	NormalCapitalization	PO_Prefixoid	Rus_Prefixoid	VPOL_Prefixoid	NE_Prefixoid	Eval_Prefixoid	Intern_Prefixoid	Reduced_Prefixoid	InternHy_Prefixoid	Letter_Prefixoid	BEZ_Prefixoid	BES_Prefixoid	BEZer_Prefixoid	V_Prefixoid	InternModEr_Prefixoid	RusHy_Prefixoid	NAI_Prefixoid	POL_Prefixoid	NI_Prefixoid	KOE_Prefixoid	Intern_ReducedPrefixoid	InternMod_Prefixoid	Chem_Prefixoid	ProperNamePrefixoid	Chemical_Possible	ParticipleFullForm	ParticipleShortForm	Plural	FiveAndMore	Three	Four	Two	SevenEight	AdjectiveFullForm	AdjectiveShortForm	AdjectiveShortFlectional	NounProperGeneral	NounProperSurNameFlective	NounProperTown	NounProperName	AdjectiveProper	NounProperPatronymic	NounProperNameDimin	AbbrProperGeneral	NounProperSurNameForeign	NormalNumberParadigm	FullRealization
55	59	инсульта	инсульта	285126	285123	Inanimate	Reflexive	FullReflexivity	NonReflexive	ImperfectiveReflexivity	NormalMorphForm	DefectOne	DefectTwo	Byt	DefectThree	DefectFour	GTNoun	NotEllipted	VocalForm	NForm	NotControlled	ZeroTypeOfCoordination	NoCompositeness	DegreeComparative	DegreePositive	DegreeSuperlative	Adverb_Un_Hyphen	Adverb_With_Hyphen	DeclensionNominal	Un_Comp_Suf	BiAspectual	MonoAspectual	Paired	FullSynthComparison	NoSynthComparative	NoSynthSuperlative	OnlySuperlative	MOne	MTwo	MThree	NormalClassifyingCapitalization	Future	Past	Present	Noun	ZeroDoubleConjunct	NotCommonChild	Genitive	Partitive	RCDemonstrative	RCAttributive	RCPossessive	RCIndefinite	RCPersonal	RCInterrogative	RCNegative	RCReflexive	RCNoun	NoPlacement	Imperfective	Perfective	NotDefaultFiller	Masculine	NoLeftmostPlacement	Iterat	UnIterat	NoRightmostPlacement	NotLeftConjunct	PersonFirst	PersonSecond	PersonThird	PersonZero	Active	VoiceSya	Passive	VerbIntransitive	VerbIntransitiveSpecial	VerbTransitive	VerbTransitiveSpecial	NotRightConjunct	NoSpecialCaseForm	NoContrast	NormalCapitalization	PO_Prefixoid	Rus_Prefixoid	VPOL_Prefixoid	NE_Prefixoid	Eval_Prefixoid	Intern_Prefixoid	Reduced_Prefixoid	InternHy_Prefixoid	Letter_Prefixoid	BEZ_Prefixoid	BES_Prefixoid	BEZer_Prefixoid	V_Prefixoid	InternModEr_Prefixoid	RusHy_Prefixoid	NAI_Prefixoid	POL_Prefixoid	NI_Prefixoid	KOE_Prefixoid	Intern_ReducedPrefixoid	InternMod_Prefixoid	Chem_Prefixoid	ProperNamePrefixoid	Chemical_Possible	ParticipleFullForm	ParticipleShortForm	Singular	FiveAndMore	Three	Four	Two	SevenEight	AdjectiveFullForm	AdjectiveShortForm	AdjectiveShortFlectional	NounProperGeneral	NounProperSurNameFlective	NounProperTown	NounProperName	AdjectiveProper	NounProperPatronymic	NounProperNameDimin	AbbrProperGeneral	NounProperSurNameForeign	NormalNumberParadigm	FullRealization
55	69	в	в	285128	285127	Animate	Inanimate	Inanimate	Reflexive	FullReflexivity	NonReflexive	ImperfectiveReflexivity	Reflexive	FullReflexivity	NonReflexive	ImperfectiveReflexivity	NormalMorphForm	NormalMorphForm	DefectOne	DefectTwo	Byt	DefectThree	DefectFour	DefectOne	DefectTwo	Byt	DefectThree	DefectFour	GTInvariable	GTNoun	NotEllipted	NotEllipted	VocalForm	NForm	VocalForm	NForm	NotControlled	NotControlled	ZeroTypeOfCoordination	ZeroTypeOfCoordination	Composite_ski	Composite_iko	Composite_sko	NoCompositeness	Composite_o	Composite_e	Composite_usek	Composite_null	Composite_Numeral	Composite_cko	Composite_cki	Composite_ComplexNumeral	Composite_NumeralFull	Composite_NumeralShort	NoCompositeness	DegreeComparative	DegreePositive	DegreeSuperlative	DegreeComparative	DegreePositive	DegreeSuperlative	Adverb_Un_Hyphen	Adverb_With_Hyphen	Adverb_Un_Hyphen	Adverb_With_Hyphen	DeclensionAdjectival	DeclensionNominal	DeclensionMixed	Indeclinable	Indeclinable	Comp_Suffixoid	Un_Comp_Suf	Comp_Suffixoid_Num_OJ	Comp_Suffixoid_Num_YJ	Comp_Suffixoid_Num_IJ	Comp_Suffixoid_Num_J	Comp_PunctuatorPost	Comp_PunctuatorPref	Comp_PunctuatorPostSeparable	Comp_PunctuatorPrefSeparable	Comp_Prefixoid	Comp_Suffixoid_Num_PercentYJ	Comp_Noun	Comp_Suffixoid_Chem	Comp_Adj	Comp_SuffixoidAbbr	Comp_PunctuatorPostSeparable	BiAspectual	MonoAspectual	Paired	BiAspectual	MonoAspectual	Paired	FullSynthComparison	NoSynthComparative	NoSynthSuperlative	OnlySuperlative	FullSynthComparison	NoSynthComparative	NoSynthSuperlative	OnlySuperlative	MOne	MTwo	MThree	MOne	MTwo	MThree	NormalClassifyingCapitalization	NormalClassifyingCapitalization	Future	Past	Present	Future	Past	Present	Preposition	Noun	ZeroDoubleConjunct	ZeroDoubleConjunct	NotCommonChild	NotCommonChild	Accusative	Dative	Genitive	Instrumental	Locative	Nominative	Partitive	Prepositional	DativeSpecial	ZeroCase	Vocative	Accusative	Dative	Genitive	Instrumental	Locative	Nominative	Partitive	Prepositional	RCDemonstrative	RCAttributive	RCPossessive	RCIndefinite	RCPersonal	RCInterrogative	RCNegative	RCReflexive	RCNoun	RCDemonstrative	RCAttributive	RCPossessive	RCIndefinite	RCPersonal	RCInterrogative	RCNegative	RCReflexive	RCNoun	NoPlacement	NoPlacement	Imperfective	Perfective	Imperfective	Perfective	NotDefaultFiller	NotDefaultFiller	Feminine	Masculine	Neuter	Common	Masculine	NoLeftmostPlacement	NoLeftmostPlacement	Iterat	UnIterat	Iterat	UnIterat	NoRightmostPlacement	NoRightmostPlacement	NotLeftConjunct	NotLeftConjunct	PersonFirst	PersonSecond	PersonThird	PersonZero	PersonFirst	PersonSecond	PersonThird	PersonZero	Active	VoiceSya	Passive	Active	VoiceSya	Passive	VerbIntransitive	VerbIntransitiveSpecial	VerbTransitive	VerbTransitiveSpecial	VerbIntransitive	VerbIntransitiveSpecial	VerbTransitive	VerbTransitiveSpecial	NotRightConjunct	NotRightConjunct	NoSpecialCaseForm	Locative_u	Genitive_u	Plural_consonant	Genitive_Locative_u	GenitivePlural_Zero	NominativePlural_a	SpecialPlual	SpecialVocative	NoSpecialCaseForm	Locative_u	Genitive_u	Plural_consonant	Genitive_Locative_u	GenitivePlural_Zero	NominativePlural_a	SpecialPlual	SpecialVocative	NoContrast	NoContrast	NormalCapitalization	NormalCapitalization	PO_Prefixoid	Rus_Prefixoid	VPOL_Prefixoid	NE_Prefixoid	Eval_Prefixoid	Intern_Prefixoid	Reduced_Prefixoid	InternHy_Prefixoid	Letter_Prefixoid	BEZ_Prefixoid	BES_Prefixoid	BEZer_Prefixoid	V_Prefixoid	InternModEr_Prefixoid	RusHy_Prefixoid	NAI_Prefixoid	POL_Prefixoid	NI_Prefixoid	KOE_Prefixoid	Intern_ReducedPrefixoid	InternMod_Prefixoid	Chem_Prefixoid	ProperNamePrefixoid	Chemical_Possible	PO_Prefixoid	Rus_Prefixoid	VPOL_Prefixoid	NE_Prefixoid	Eval_Prefixoid	Intern_Prefixoid	Reduced_Prefixoid	InternHy_Prefixoid	Letter_Prefixoid	BEZ_Prefixoid	BES_Prefixoid	BEZer_Prefixoid	V_Prefixoid	InternModEr_Prefixoid	RusHy_Prefixoid	NAI_Prefixoid	POL_Prefixoid	NI_Prefixoid	KOE_Prefixoid	Intern_ReducedPrefixoid	InternMod_Prefixoid	Chem_Prefixoid	ProperNamePrefixoid	Chemical_Possible	ParticipleFullForm	ParticipleShortForm	ParticipleFullForm	ParticipleShortForm	Plural	Singular	Plural	Singular	FiveAndMore	Three	Four	Two	SevenEight	FiveAndMore	Three	Four	Two	SevenEight	AdjectiveFullForm	AdjectiveShortForm	AdjectiveShortFlectional	AdjectiveFullForm	AdjectiveShortForm	AdjectiveShortFlectional	NounProperGeneral	NounProperSurNameFlective	NounProperTown	NounProperName	AdjectiveProper	NounProperPatronymic	NounProperNameDimin	AbbrProperGeneral	NounProperSurNameForeign	NounProperGeneral	NounProperSurNameFlective	NounProperTown	NounProperName	AdjectiveProper	NounProperPatronymic	NounProperNameDimin	AbbrProperGeneral	NounProperSurNameForeign	NormalNumberParadigm	NormalNumberParadigm	FullRealization	FullRealization
55	71	42	42	285129	285127	ZeroTypeOfCoordination	NoPlacement	NormalCapitalization	NotDefaultFiller	NoContrast	NoLeftmostPlacement	FullRealization	NoRightmostPlacement	NormalNumberParadigm	NotLeftConjunct	NormalClassifyingCapitalization	ZeroDoubleConjunct	NotCommonChild	NotEllipted	NormalMorphForm	NotControlled	NotRightConjunct
55	74	регионах	регионах	285127	285119	Inanimate	Reflexive	FullReflexivity	NonReflexive	ImperfectiveReflexivity	NormalMorphForm	DefectOne	DefectTwo	Byt	DefectThree	DefectFour	GTNoun	NotEllipted	VocalForm	NForm	NotControlled	ZeroTypeOfCoordination	NoCompositeness	DegreeComparative	DegreePositive	DegreeSuperlative	Adverb_Un_Hyphen	Adverb_With_Hyphen	DeclensionNominal	Un_Comp_Suf	BiAspectual	MonoAspectual	Paired	FullSynthComparison	NoSynthComparative	NoSynthSuperlative	OnlySuperlative	MOne	MTwo	MThree	NormalClassifyingCapitalization	Future	Past	Present	Noun	ZeroDoubleConjunct	NotCommonChild	Locative	Prepositional	RCDemonstrative	RCAttributive	RCPossessive	RCIndefinite	RCPersonal	RCInterrogative	RCNegative	RCReflexive	RCNoun	NoPlacement	Imperfective	Perfective	NotDefaultFiller	Masculine	NoLeftmostPlacement	Iterat	UnIterat	NoRightmostPlacement	NotLeftConjunct	PersonFirst	PersonSecond	PersonThird	PersonZero	Active	VoiceSya	Passive	VerbIntransitive	VerbIntransitiveSpecial	VerbTransitive	VerbTransitiveSpecial	NotRightConjunct	NoSpecialCaseForm	NoContrast	NormalCapitalization	PO_Prefixoid	Rus_Prefixoid	VPOL_Prefixoid	NE_Prefixoid	Eval_Prefixoid	Intern_Prefixoid	Reduced_Prefixoid	InternHy_Prefixoid	Letter_Prefixoid	BEZ_Prefixoid	BES_Prefixoid	BEZer_Prefixoid	V_Prefixoid	InternModEr_Prefixoid	RusHy_Prefixoid	NAI_Prefixoid	POL_Prefixoid	NI_Prefixoid	KOE_Prefixoid	Intern_ReducedPrefixoid	InternMod_Prefixoid	Chem_Prefixoid	ProperNamePrefixoid	Chemical_Possible	ParticipleFullForm	ParticipleShortForm	Plural	FiveAndMore	Three	Four	Two	SevenEight	AdjectiveFullForm	AdjectiveShortForm	AdjectiveShortFlectional	NounProperGeneral	NounProperSurNameFlective	NounProperTown	NounProperName	AdjectiveProper	NounProperPatronymic	NounProperNameDimin	AbbrProperGeneral	NounProperSurNameForeign	NormalNumberParadigm	FullRealization
55	83	России	России	285130	285127	Inanimate	Reflexive	FullReflexivity	NonReflexive	ImperfectiveReflexivity	NormalMorphForm	DefectOne	DefectTwo	Byt	DefectThree	DefectFour	GTNoun	NotEllipted	VocalForm	NForm	NotControlled	ZeroTypeOfCoordination	NoCompositeness	DegreeComparative	DegreePositive	DegreeSuperlative	Adverb_Un_Hyphen	Adverb_With_Hyphen	DeclensionNominal	Un_Comp_Suf	BiAspectual	MonoAspectual	Paired	FullSynthComparison	NoSynthComparative	NoSynthSuperlative	OnlySuperlative	MOne	MTwo	MThree	NormalClassifyingCapitalization	Future	Past	Present	Noun	ZeroDoubleConjunct	NotCommonChild	Dative	Genitive	Locative	Partitive	Prepositional	RCDemonstrative	RCAttributive	RCPossessive	RCIndefinite	RCPersonal	RCInterrogative	RCNegative	RCReflexive	RCNoun	NoPlacement	Imperfective	Perfective	NotDefaultFiller	Feminine	NoLeftmostPlacement	Iterat	UnIterat	NoRightmostPlacement	NotLeftConjunct	PersonFirst	PersonSecond	PersonThird	PersonZero	Active	VoiceSya	Passive	VerbIntransitive	VerbIntransitiveSpecial	VerbTransitive	VerbTransitiveSpecial	NotRightConjunct	NoSpecialCaseForm	NoContrast	NormalCapitalization	PO_Prefixoid	Rus_Prefixoid	VPOL_Prefixoid	NE_Prefixoid	Eval_Prefixoid	Intern_Prefixoid	Reduced_Prefixoid	InternHy_Prefixoid	Letter_Prefixoid	BEZ_Prefixoid	BES_Prefixoid	BEZer_Prefixoid	V_Prefixoid	InternModEr_Prefixoid	RusHy_Prefixoid	NAI_Prefixoid	POL_Prefixoid	NI_Prefixoid	KOE_Prefixoid	Intern_ReducedPrefixoid	InternMod_Prefixoid	Chem_Prefixoid	ProperNamePrefixoid	Chemical_Possible	ParticipleFullForm	ParticipleShortForm	Singular	FiveAndMore	Three	Four	Two	SevenEight	AdjectiveFullForm	AdjectiveShortForm	AdjectiveShortFlectional	NounProperGeneral	SingulariaTantum	FullRealization
55	91	а	а	285132	285131	Animate	Inanimate	Reflexive	FullReflexivity	NonReflexive	ImperfectiveReflexivity	NormalMorphForm	DefectOne	DefectTwo	Byt	DefectThree	DefectFour	GTInvariable	NotEllipted	VocalForm	NForm	NotControlled	ZeroTypeOfCoordination	Composite_ski	Composite_iko	Composite_sko	NoCompositeness	Composite_o	Composite_e	Composite_usek	Composite_null	Composite_Numeral	Composite_cko	Composite_cki	Composite_ComplexNumeral	Composite_NumeralFull	Composite_NumeralShort	DegreeComparative	DegreePositive	DegreeSuperlative	Adverb_Un_Hyphen	Adverb_With_Hyphen	DeclensionAdjectival	DeclensionNominal	DeclensionMixed	Indeclinable	Comp_Suffixoid	Un_Comp_Suf	Comp_Suffixoid_Num_OJ	Comp_Suffixoid_Num_YJ	Comp_Suffixoid_Num_IJ	Comp_Suffixoid_Num_J	Comp_PunctuatorPost	Comp_PunctuatorPref	Comp_PunctuatorPostSeparable	Comp_PunctuatorPrefSeparable	Comp_Prefixoid	Comp_Suffixoid_Num_PercentYJ	Comp_Noun	Comp_Suffixoid_Chem	Comp_Adj	Comp_SuffixoidAbbr	BiAspectual	MonoAspectual	Paired	FullSynthComparison	NoSynthComparative	NoSynthSuperlative	OnlySuperlative	MOne	MTwo	MThree	NormalClassifyingCapitalization	Future	Past	Present	Conjunction	ZeroDoubleConjunct	NotCommonChild	Accusative	Dative	Genitive	Instrumental	Locative	Nominative	Partitive	Prepositional	DativeSpecial	ZeroCase	Vocative	RCDemonstrative	RCAttributive	RCPossessive	RCIndefinite	RCPersonal	RCInterrogative	RCNegative	RCReflexive	RCNoun	NoPlacement	Imperfective	Perfective	NotDefaultFiller	Feminine	Masculine	Neuter	Common	NoLeftmostPlacement	Iterat	UnIterat	NoRightmostPlacement	NotLeftConjunct	PersonFirst	PersonSecond	PersonThird	PersonZero	Active	VoiceSya	Passive	VerbIntransitive	VerbIntransitiveSpecial	VerbTransitive	VerbTransitiveSpecial	NotRightConjunct	NoSpecialCaseForm	Locative_u	Genitive_u	Plural_consonant	Genitive_Locative_u	GenitivePlural_Zero	NominativePlural_a	SpecialPlual	SpecialVocative	NoContrast	NormalCapitalization	PO_Prefixoid	Rus_Prefixoid	VPOL_Prefixoid	NE_Prefixoid	Eval_Prefixoid	Intern_Prefixoid	Reduced_Prefixoid	InternHy_Prefixoid	Letter_Prefixoid	BEZ_Prefixoid	BES_Prefixoid	BEZer_Prefixoid	V_Prefixoid	InternModEr_Prefixoid	RusHy_Prefixoid	NAI_Prefixoid	POL_Prefixoid	NI_Prefixoid	KOE_Prefixoid	Intern_ReducedPrefixoid	InternMod_Prefixoid	Chem_Prefixoid	ProperNamePrefixoid	Chemical_Possible	ParticipleFullForm	ParticipleShortForm	Plural	Singular	FiveAndMore	Three	Four	Two	SevenEight	AdjectiveFullForm	AdjectiveShortForm	AdjectiveShortFlectional	NounProperGeneral	NounProperSurNameFlective	NounProperTown	NounProperName	AdjectiveProper	NounProperPatronymic	NounProperNameDimin	AbbrProperGeneral	NounProperSurNameForeign	NormalNumberParadigm	FullRealization
55	93	затем	затем	285133	285131	Animate	Inanimate	Reflexive	FullReflexivity	NonReflexive	ImperfectiveReflexivity	NormalMorphForm	DefectOne	DefectTwo	Byt	DefectThree	DefectFour	GTAdverb	NotEllipted	VocalForm	NForm	NotControlled	ZeroTypeOfCoordination	Composite_ski	Composite_iko	Composite_sko	NoCompositeness	Composite_o	Composite_e	Composite_usek	Composite_null	Composite_Numeral	Composite_cko	Composite_cki	Composite_ComplexNumeral	Composite_NumeralFull	Composite_NumeralShort	DegreePositive	Adverb_Un_Hyphen	DeclensionAdjectival	DeclensionNominal	DeclensionMixed	Indeclinable	Comp_Suffixoid	Un_Comp_Suf	Comp_Suffixoid_Num_OJ	Comp_Suffixoid_Num_YJ	Comp_Suffixoid_Num_IJ	Comp_Suffixoid_Num_J	Comp_PunctuatorPost	Comp_PunctuatorPref	Comp_PunctuatorPostSeparable	Comp_PunctuatorPrefSeparable	Comp_Prefixoid	Comp_Suffixoid_Num_PercentYJ	Comp_Noun	Comp_Suffixoid_Chem	Comp_Adj	Comp_SuffixoidAbbr	BiAspectual	MonoAspectual	Paired	NoSynthComparative	MOne	MTwo	MThree	NormalClassifyingCapitalization	Future	Past	Present	Adverb	ZeroDoubleConjunct	NotCommonChild	Accusative	Dative	Genitive	Instrumental	Locative	Nominative	Partitive	Prepositional	DativeSpecial	ZeroCase	Vocative	RCDemonstrative	RCAttributive	RCPossessive	RCIndefinite	RCPersonal	RCInterrogative	RCNegative	RCReflexive	RCNoun	NoPlacement	Imperfective	Perfective	NotDefaultFiller	Feminine	Masculine	Neuter	Common	NoLeftmostPlacement	Iterat	UnIterat	NoRightmostPlacement	NotLeftConjunct	PersonFirst	PersonSecond	PersonThird	PersonZero	Active	VoiceSya	Passive	VerbIntransitive	VerbIntransitiveSpecial	VerbTransitive	VerbTransitiveSpecial	NotRightConjunct	NoSpecialCaseForm	Locative_u	Genitive_u	Plural_consonant	Genitive_Locative_u	GenitivePlural_Zero	NominativePlural_a	SpecialPlual	SpecialVocative	NoContrast	NormalCapitalization	PO_Prefixoid	Rus_Prefixoid	VPOL_Prefixoid	NE_Prefixoid	Eval_Prefixoid	Intern_Prefixoid	Reduced_Prefixoid	InternHy_Prefixoid	Letter_Prefixoid	BEZ_Prefixoid	BES_Prefixoid	BEZer_Prefixoid	V_Prefixoid	InternModEr_Prefixoid	RusHy_Prefixoid	NAI_Prefixoid	POL_Prefixoid	NI_Prefixoid	KOE_Prefixoid	Intern_ReducedPrefixoid	InternMod_Prefixoid	Chem_Prefixoid	ProperNamePrefixoid	Chemical_Possible	ParticipleFullForm	ParticipleShortForm	Plural	Singular	FiveAndMore	Three	Four	Two	SevenEight	AdjectiveFullForm	AdjectiveShortForm	AdjectiveShortFlectional	NounProperGeneral	NounProperSurNameFlective	NounProperTown	NounProperName	AdjectiveProper	NounProperPatronymic	NounProperNameDimin	AbbrProperGeneral	NounProperSurNameForeign	NormalNumberParadigm	FullRealization
55	99	совместно	совместно	285134	285131	Animate	Inanimate	Animate	Inanimate	Reflexive	FullReflexivity	NonReflexive	ImperfectiveReflexivity	Reflexive	FullReflexivity	NonReflexive	ImperfectiveReflexivity	NormalMorphForm	NormalMorphForm	DefectOne	DefectTwo	Byt	DefectThree	DefectFour	DefectOne	DefectTwo	Byt	DefectThree	DefectFour	GTAdverb	GTAdjective	NotEllipted	NotEllipted	VocalForm	NForm	VocalForm	NForm	NotControlled	NotControlled	ZeroTypeOfCoordination	ZeroTypeOfCoordination	Composite_ski	Composite_iko	Composite_sko	NoCompositeness	Composite_o	Composite_e	Composite_usek	Composite_null	Composite_Numeral	Composite_cko	Composite_cki	Composite_ComplexNumeral	Composite_NumeralFull	Composite_NumeralShort	NoCompositeness	DegreePositive	DegreePositive	Adverb_Un_Hyphen	Adverb_Un_Hyphen	Adverb_With_Hyphen	DeclensionAdjectival	DeclensionNominal	DeclensionMixed	Indeclinable	DeclensionAdjectival	DeclensionNominal	DeclensionMixed	Indeclinable	Comp_Suffixoid	Un_Comp_Suf	Comp_Suffixoid_Num_OJ	Comp_Suffixoid_Num_YJ	Comp_Suffixoid_Num_IJ	Comp_Suffixoid_Num_J	Comp_PunctuatorPost	Comp_PunctuatorPref	Comp_PunctuatorPostSeparable	Comp_PunctuatorPrefSeparable	Comp_Prefixoid	Comp_Suffixoid_Num_PercentYJ	Comp_Noun	Comp_Suffixoid_Chem	Comp_Adj	Comp_SuffixoidAbbr	Un_Comp_Suf	BiAspectual	MonoAspectual	Paired	BiAspectual	MonoAspectual	Paired	NoSynthComparative	FullSynthComparison	MOne	MTwo	MThree	MOne	MTwo	MThree	NormalClassifyingCapitalization	NormalClassifyingCapitalization	Future	Past	Present	Future	Past	Present	Adverb	Adjective	ZeroDoubleConjunct	ZeroDoubleConjunct	NotCommonChild	NotCommonChild	Accusative	Dative	Genitive	Instrumental	Locative	Nominative	Partitive	Prepositional	DativeSpecial	ZeroCase	Vocative	ZeroCase	RCDemonstrative	RCAttributive	RCPossessive	RCIndefinite	RCPersonal	RCInterrogative	RCNegative	RCReflexive	RCNoun	RCDemonstrative	RCAttributive	RCPossessive	RCIndefinite	RCPersonal	RCInterrogative	RCNegative	RCReflexive	RCNoun	NoPlacement	NoPlacement	Imperfective	Perfective	Imperfective	Perfective	NotDefaultFiller	NotDefaultFiller	Feminine	Masculine	Neuter	Common	Neuter	NoLeftmostPlacement	NoLeftmostPlacement	Iterat	UnIterat	Iterat	UnIterat	NoRightmostPlacement	NoRightmostPlacement	NotLeftConjunct	NotLeftConjunct	PersonFirst	PersonSecond	PersonThird	PersonZero	PersonFirst	PersonSecond	PersonThird	PersonZero	Active	VoiceSya	Passive	Active	VoiceSya	Passive	VerbIntransitive	VerbIntransitiveSpecial	VerbTransitive	VerbTransitiveSpecial	VerbIntransitive	VerbIntransitiveSpecial	VerbTransitive	VerbTransitiveSpecial	NotRightConjunct	NotRightConjunct	NoSpecialCaseForm	Locative_u	Genitive_u	Plural_consonant	Genitive_Locative_u	GenitivePlural_Zero	NominativePlural_a	SpecialPlual	SpecialVocative	NoSpecialCaseForm	Locative_u	Genitive_u	Plural_consonant	Genitive_Locative_u	GenitivePlural_Zero	NominativePlural_a	SpecialPlual	SpecialVocative	NoContrast	NoContrast	NormalCapitalization	NormalCapitalization	PO_Prefixoid	Rus_Prefixoid	VPOL_Prefixoid	NE_Prefixoid	Eval_Prefixoid	Intern_Prefixoid	Reduced_Prefixoid	InternHy_Prefixoid	Letter_Prefixoid	BEZ_Prefixoid	BES_Prefixoid	BEZer_Prefixoid	V_Prefixoid	InternModEr_Prefixoid	RusHy_Prefixoid	NAI_Prefixoid	POL_Prefixoid	NI_Prefixoid	KOE_Prefixoid	Intern_ReducedPrefixoid	InternMod_Prefixoid	Chem_Prefixoid	ProperNamePrefixoid	Chemical_Possible	PO_Prefixoid	Rus_Prefixoid	VPOL_Prefixoid	NE_Prefixoid	Eval_Prefixoid	Intern_Prefixoid	Reduced_Prefixoid	InternHy_Prefixoid	Letter_Prefixoid	BEZ_Prefixoid	BES_Prefixoid	BEZer_Prefixoid	V_Prefixoid	InternModEr_Prefixoid	RusHy_Prefixoid	NAI_Prefixoid	POL_Prefixoid	NI_Prefixoid	KOE_Prefixoid	Intern_ReducedPrefixoid	InternMod_Prefixoid	Chem_Prefixoid	ProperNamePrefixoid	Chemical_Possible	ParticipleFullForm	ParticipleShortForm	ParticipleFullForm	ParticipleShortForm	Plural	Singular	Singular	FiveAndMore	Three	Four	Two	SevenEight	FiveAndMore	Three	Four	Two	SevenEight	AdjectiveFullForm	AdjectiveShortForm	AdjectiveShortFlectional	AdjectiveShortForm	NounProperGeneral	NounProperSurNameFlective	NounProperTown	NounProperName	AdjectiveProper	NounProperPatronymic	NounProperNameDimin	AbbrProperGeneral	NounProperSurNameForeign	NounProperGeneral	NounProperSurNameFlective	NounProperTown	NounProperName	AdjectiveProper	NounProperPatronymic	NounProperNameDimin	AbbrProperGeneral	NounProperSurNameForeign	NormalNumberParadigm	NormalNumberParadigm	FullRealization	FullRealization
55	109	с	с	285136	285135	Animate	Inanimate	Inanimate	Reflexive	FullReflexivity	NonReflexive	ImperfectiveReflexivity	Reflexive	FullReflexivity	NonReflexive	ImperfectiveReflexivity	NormalMorphForm	NormalMorphForm	NormalMorphForm	DefectOne	DefectTwo	Byt	DefectThree	DefectFour	DefectOne	DefectTwo	Byt	DefectThree	DefectFour	GTInvariable	GTNoun	NotEllipted	NotEllipted	NotEllipted	VocalForm	NForm	VocalForm	NForm	NotControlled	NotControlled	NotControlled	ZeroTypeOfCoordination	ZeroTypeOfCoordination	ZeroTypeOfCoordination	Composite_ski	Composite_iko	Composite_sko	NoCompositeness	Composite_o	Composite_e	Composite_usek	Composite_null	Composite_Numeral	Composite_cko	Composite_cki	Composite_ComplexNumeral	Composite_NumeralFull	Composite_NumeralShort	NoCompositeness	DegreeComparative	DegreePositive	DegreeSuperlative	DegreeComparative	DegreePositive	DegreeSuperlative	Adverb_Un_Hyphen	Adverb_With_Hyphen	Adverb_Un_Hyphen	Adverb_With_Hyphen	DeclensionAdjectival	DeclensionNominal	DeclensionMixed	Indeclinable	Indeclinable	Comp_Suffixoid	Un_Comp_Suf	Comp_Suffixoid_Num_OJ	Comp_Suffixoid_Num_YJ	Comp_Suffixoid_Num_IJ	Comp_Suffixoid_Num_J	Comp_PunctuatorPost	Comp_PunctuatorPref	Comp_PunctuatorPostSeparable	Comp_PunctuatorPrefSeparable	Comp_Prefixoid	Comp_Suffixoid_Num_PercentYJ	Comp_Noun	Comp_Suffixoid_Chem	Comp_Adj	Comp_SuffixoidAbbr	Comp_PunctuatorPostSeparable	Comp_PunctuatorPrefSeparable	BiAspectual	MonoAspectual	Paired	BiAspectual	MonoAspectual	Paired	FullSynthComparison	NoSynthComparative	NoSynthSuperlative	OnlySuperlative	FullSynthComparison	NoSynthComparative	NoSynthSuperlative	OnlySuperlative	MOne	MTwo	MThree	MOne	MTwo	MThree	NormalClassifyingCapitalization	NormalClassifyingCapitalization	NormalClassifyingCapitalization	Future	Past	Present	Future	Past	Present	Preposition	Noun	ZeroDoubleConjunct	ZeroDoubleConjunct	ZeroDoubleConjunct	NotCommonChild	NotCommonChild	NotCommonChild	Accusative	Dative	Genitive	Instrumental	Locative	Nominative	Partitive	Prepositional	DativeSpecial	ZeroCase	Vocative	Accusative	Dative	Genitive	Instrumental	Locative	Nominative	Partitive	Prepositional	RCDemonstrative	RCAttributive	RCPossessive	RCIndefinite	RCPersonal	RCInterrogative	RCNegative	RCReflexive	RCNoun	RCDemonstrative	RCAttributive	RCPossessive	RCIndefinite	RCPersonal	RCInterrogative	RCNegative	RCReflexive	RCNoun	NoPlacement	NoPlacement	NoPlacement	Imperfective	Perfective	Imperfective	Perfective	NotDefaultFiller	NotDefaultFiller	NotDefaultFiller	Feminine	Masculine	Neuter	Common	Feminine	Neuter	NoLeftmostPlacement	NoLeftmostPlacement	NoLeftmostPlacement	Iterat	UnIterat	Iterat	UnIterat	NoRightmostPlacement	NoRightmostPlacement	NoRightmostPlacement	NotLeftConjunct	NotLeftConjunct	NotLeftConjunct	PersonFirst	PersonSecond	PersonThird	PersonZero	PersonFirst	PersonSecond	PersonThird	PersonZero	Active	VoiceSya	Passive	Active	VoiceSya	Passive	VerbIntransitive	VerbIntransitiveSpecial	VerbTransitive	VerbTransitiveSpecial	VerbIntransitive	VerbIntransitiveSpecial	VerbTransitive	VerbTransitiveSpecial	NotRightConjunct	NotRightConjunct	NotRightConjunct	NoSpecialCaseForm	Locative_u	Genitive_u	Plural_consonant	Genitive_Locative_u	GenitivePlural_Zero	NominativePlural_a	SpecialPlual	SpecialVocative	NoSpecialCaseForm	Locative_u	Genitive_u	Plural_consonant	Genitive_Locative_u	GenitivePlural_Zero	NominativePlural_a	SpecialPlual	SpecialVocative	NoContrast	NoContrast	NoContrast	NormalCapitalization	NormalCapitalization	NormalCapitalization	PO_Prefixoid	Rus_Prefixoid	VPOL_Prefixoid	NE_Prefixoid	Eval_Prefixoid	Intern_Prefixoid	Reduced_Prefixoid	InternHy_Prefixoid	Letter_Prefixoid	BEZ_Prefixoid	BES_Prefixoid	BEZer_Prefixoid	V_Prefixoid	InternModEr_Prefixoid	RusHy_Prefixoid	NAI_Prefixoid	POL_Prefixoid	NI_Prefixoid	KOE_Prefixoid	Intern_ReducedPrefixoid	InternMod_Prefixoid	Chem_Prefixoid	ProperNamePrefixoid	Chemical_Possible	PO_Prefixoid	Rus_Prefixoid	VPOL_Prefixoid	NE_Prefixoid	Eval_Prefixoid	Intern_Prefixoid	Reduced_Prefixoid	InternHy_Prefixoid	Letter_Prefixoid	BEZ_Prefixoid	BES_Prefixoid	BEZer_Prefixoid	V_Prefixoid	InternModEr_Prefixoid	RusHy_Prefixoid	NAI_Prefixoid	POL_Prefixoid	NI_Prefixoid	KOE_Prefixoid	Intern_ReducedPrefixoid	InternMod_Prefixoid	Chem_Prefixoid	ProperNamePrefixoid	Chemical_Possible	ParticipleFullForm	ParticipleShortForm	ParticipleFullForm	ParticipleShortForm	Plural	Singular	Plural	Singular	FiveAndMore	Three	Four	Two	SevenEight	FiveAndMore	Three	Four	Two	SevenEight	AdjectiveFullForm	AdjectiveShortForm	AdjectiveShortFlectional	AdjectiveFullForm	AdjectiveShortForm	AdjectiveShortFlectional	NounProperGeneral	NounProperSurNameFlective	NounProperTown	NounProperName	AdjectiveProper	NounProperPatronymic	NounProperNameDimin	AbbrProperGeneral	NounProperSurNameForeign	NounProperGeneral	NounProperSurNameFlective	NounProperTown	NounProperName	AdjectiveProper	NounProperPatronymic	NounProperNameDimin	AbbrProperGeneral	NounProperSurNameForeign	NormalNumberParadigm	NormalNumberParadigm	SingulariaTantum	NormalNumberParadigm	FullRealization	FullRealization	FullRealization
55	111	Министерством	Министерством	285135	285134	Inanimate	Reflexive	FullReflexivity	NonReflexive	ImperfectiveReflexivity	NormalMorphForm	NormalMorphForm	DefectOne	DefectTwo	Byt	DefectThree	DefectFour	GTNoun	NotEllipted	NotEllipted	VocalForm	NForm	NotControlled	NotControlled	ZeroTypeOfCoordination	ZeroTypeOfCoordination	NoCompositeness	DegreeComparative	DegreePositive	DegreeSuperlative	Adverb_Un_Hyphen	Adverb_With_Hyphen	DeclensionNominal	Un_Comp_Suf	BiAspectual	MonoAspectual	Paired	FullSynthComparison	NoSynthComparative	NoSynthSuperlative	OnlySuperlative	MOne	MTwo	MThree	NormalClassifyingCapitalization	NormalClassifyingCapitalization	Future	Past	Present	Noun	ZeroDoubleConjunct	ZeroDoubleConjunct	NotCommonChild	NotCommonChild	Instrumental	RCDemonstrative	RCAttributive	RCPossessive	RCIndefinite	RCPersonal	RCInterrogative	RCNegative	RCReflexive	RCNoun	NoPlacement	NoPlacement	Imperfective	Perfective	NotDefaultFiller	NotDefaultFiller	Neuter	NoLeftmostPlacement	NoLeftmostPlacement	Iterat	UnIterat	NoRightmostPlacement	NoRightmostPlacement	NotLeftConjunct	NotLeftConjunct	PersonFirst	PersonSecond	PersonThird	PersonZero	Active	VoiceSya	Passive	VerbIntransitive	VerbIntransitiveSpecial	VerbTransitive	VerbTransitiveSpecial	NotRightConjunct	NotRightConjunct	NominativePlural_a	NoContrast	NoContrast	NormalCapitalization	NormalCapitalization	PO_Prefixoid	Rus_Prefixoid	VPOL_Prefixoid	NE_Prefixoid	Eval_Prefixoid	Intern_Prefixoid	Reduced_Prefixoid	InternHy_Prefixoid	Letter_Prefixoid	BEZ_Prefixoid	BES_Prefixoid	BEZer_Prefixoid	V_Prefixoid	InternModEr_Prefixoid	RusHy_Prefixoid	NAI_Prefixoid	POL_Prefixoid	NI_Prefixoid	KOE_Prefixoid	Intern_ReducedPrefixoid	InternMod_Prefixoid	Chem_Prefixoid	ProperNamePrefixoid	Chemical_Possible	ParticipleFullForm	ParticipleShortForm	Singular	FiveAndMore	Three	Four	Two	SevenEight	AdjectiveFullForm	AdjectiveShortForm	AdjectiveShortFlectional	NounProperGeneral	NounProperSurNameFlective	NounProperTown	NounProperName	AdjectiveProper	NounProperPatronymic	NounProperNameDimin	AbbrProperGeneral	NounProperSurNameForeign	NormalNumberParadigm	NormalNumberParadigm	FullRealization	FullRealization
55	125	здравоохранения	здравоохранения	285137	285135	Inanimate	Reflexive	FullReflexivity	NonReflexive	ImperfectiveReflexivity	NormalMorphForm	DefectOne	DefectTwo	Byt	DefectThree	DefectFour	GTNoun	NotEllipted	VocalForm	NForm	NotControlled	ZeroTypeOfCoordination	NoCompositeness	DegreeComparative	DegreePositive	DegreeSuperlative	Adverb_Un_Hyphen	Adverb_With_Hyphen	DeclensionNominal	Un_Comp_Suf	BiAspectual	MonoAspectual	Paired	FullSynthComparison	NoSynthComparative	NoSynthSuperlative	OnlySuperlative	MOne	MTwo	MThree	NormalClassifyingCapitalization	Future	Past	Present	Noun	ZeroDoubleConjunct	NotCommonChild	Genitive	Partitive	RCDemonstrative	RCAttributive	RCPossessive	RCIndefinite	RCPersonal	RCInterrogative	RCNegative	RCReflexive	RCNoun	NoPlacement	Imperfective	Perfective	NotDefaultFiller	Neuter	NoLeftmostPlacement	Iterat	UnIterat	NoRightmostPlacement	NotLeftConjunct	PersonFirst	PersonSecond	PersonThird	PersonZero	Active	VoiceSya	Passive	VerbIntransitive	VerbIntransitiveSpecial	VerbTransitive	VerbTransitiveSpecial	NotRightConjunct	NoSpecialCaseForm	NoContrast	NormalCapitalization	PO_Prefixoid	Rus_Prefixoid	VPOL_Prefixoid	NE_Prefixoid	Eval_Prefixoid	Intern_Prefixoid	Reduced_Prefixoid	InternHy_Prefixoid	Letter_Prefixoid	BEZ_Prefixoid	BES_Prefixoid	BEZer_Prefixoid	V_Prefixoid	InternModEr_Prefixoid	RusHy_Prefixoid	NAI_Prefixoid	POL_Prefixoid	NI_Prefixoid	KOE_Prefixoid	Intern_ReducedPrefixoid	InternMod_Prefixoid	Chem_Prefixoid	ProperNamePrefixoid	Chemical_Possible	ParticipleFullForm	ParticipleShortForm	Singular	FiveAndMore	Three	Four	Two	SevenEight	AdjectiveFullForm	AdjectiveShortForm	AdjectiveShortFlectional	NounProperGeneral	NounProperSurNameFlective	NounProperTown	NounProperName	AdjectiveProper	NounProperPatronymic	NounProperNameDimin	AbbrProperGeneral	NounProperSurNameForeign	SingulariaTantum	FullRealization
55	141	и	и	285139	285138	Animate	Inanimate	Reflexive	FullReflexivity	NonReflexive	ImperfectiveReflexivity	NormalMorphForm	DefectOne	DefectTwo	Byt	DefectThree	DefectFour	GTInvariable	NotEllipted	VocalForm	NForm	NotControlled	ZeroTypeOfCoordination	Composite_ski	Composite_iko	Composite_sko	NoCompositeness	Composite_o	Composite_e	Composite_usek	Composite_null	Composite_Numeral	Composite_cko	Composite_cki	Composite_ComplexNumeral	Composite_NumeralFull	Composite_NumeralShort	DegreeComparative	DegreePositive	DegreeSuperlative	Adverb_Un_Hyphen	Adverb_With_Hyphen	DeclensionAdjectival	DeclensionNominal	DeclensionMixed	Indeclinable	Comp_Suffixoid	Un_Comp_Suf	Comp_Suffixoid_Num_OJ	Comp_Suffixoid_Num_YJ	Comp_Suffixoid_Num_IJ	Comp_Suffixoid_Num_J	Comp_PunctuatorPost	Comp_PunctuatorPref	Comp_PunctuatorPostSeparable	Comp_PunctuatorPrefSeparable	Comp_Prefixoid	Comp_Suffixoid_Num_PercentYJ	Comp_Noun	Comp_Suffixoid_Chem	Comp_Adj	Comp_SuffixoidAbbr	BiAspectual	MonoAspectual	Paired	FullSynthComparison	NoSynthComparative	NoSynthSuperlative	OnlySuperlative	MOne	MTwo	MThree	NormalClassifyingCapitalization	Future	Past	Present	Conjunction	Particle	ZeroDoubleConjunct	NotCommonChild	Accusative	Dative	Genitive	Instrumental	Locative	Nominative	Partitive	Prepositional	DativeSpecial	ZeroCase	Vocative	RCDemonstrative	RCAttributive	RCPossessive	RCIndefinite	RCPersonal	RCInterrogative	RCNegative	RCReflexive	RCNoun	NoPlacement	Imperfective	Perfective	NotDefaultFiller	Feminine	Masculine	Neuter	Common	NoLeftmostPlacement	Iterat	UnIterat	NoRightmostPlacement	NotLeftConjunct	PersonFirst	PersonSecond	PersonThird	PersonZero	Active	VoiceSya	Passive	VerbIntransitive	VerbIntransitiveSpecial	VerbTransitive	VerbTransitiveSpecial	NotRightConjunct	NoSpecialCaseForm	Locative_u	Genitive_u	Plural_consonant	Genitive_Locative_u	GenitivePlural_Zero	NominativePlural_a	SpecialPlual	SpecialVocative	NoContrast	NormalCapitalization	PO_Prefixoid	Rus_Prefixoid	VPOL_Prefixoid	NE_Prefixoid	Eval_Prefixoid	Intern_Prefixoid	Reduced_Prefixoid	InternHy_Prefixoid	Letter_Prefixoid	BEZ_Prefixoid	BES_Prefixoid	BEZer_Prefixoid	V_Prefixoid	InternModEr_Prefixoid	RusHy_Prefixoid	NAI_Prefixoid	POL_Prefixoid	NI_Prefixoid	KOE_Prefixoid	Intern_ReducedPrefixoid	InternMod_Prefixoid	Chem_Prefixoid	ProperNamePrefixoid	Chemical_Possible	ParticipleFullForm	ParticipleShortForm	Plural	Singular	FiveAndMore	Three	Four	Two	SevenEight	AdjectiveFullForm	AdjectiveShortForm	AdjectiveShortFlectional	NounProperGeneral	NounProperSurNameFlective	NounProperTown	NounProperName	AdjectiveProper	NounProperPatronymic	NounProperNameDimin	AbbrProperGeneral	NounProperSurNameForeign	NormalNumberParadigm	FullRealization
55	143	социального	социального	285140	285138	Animate	Inanimate	Reflexive	FullReflexivity	NonReflexive	ImperfectiveReflexivity	NormalMorphForm	DefectOne	DefectTwo	Byt	DefectThree	DefectFour	GTAdjective	NotEllipted	VocalForm	NForm	NotControlled	ZeroTypeOfCoordination	NoCompositeness	DegreePositive	Adverb_Un_Hyphen	Adverb_With_Hyphen	DeclensionAdjectival	DeclensionNominal	DeclensionMixed	Indeclinable	Un_Comp_Suf	BiAspectual	MonoAspectual	Paired	NoSynthComparative	MOne	MTwo	MThree	NormalClassifyingCapitalization	Future	Past	Present	Adjective	ZeroDoubleConjunct	NotCommonChild	Accusative	Genitive	Partitive	RCDemonstrative	RCAttributive	RCPossessive	RCIndefinite	RCPersonal	RCInterrogative	RCNegative	RCReflexive	RCNoun	NoPlacement	Imperfective	Perfective	NotDefaultFiller	Masculine	Neuter	NoLeftmostPlacement	Iterat	UnIterat	NoRightmostPlacement	NotLeftConjunct	PersonFirst	PersonSecond	PersonThird	PersonZero	Active	VoiceSya	Passive	VerbIntransitive	VerbIntransitiveSpecial	VerbTransitive	VerbTransitiveSpecial	NotRightConjunct	NoSpecialCaseForm	Locative_u	Genitive_u	Plural_consonant	Genitive_Locative_u	GenitivePlural_Zero	NominativePlural_a	SpecialPlual	SpecialVocative	NoContrast	NormalCapitalization	PO_Prefixoid	Rus_Prefixoid	VPOL_Prefixoid	NE_Prefixoid	Eval_Prefixoid	Intern_Prefixoid	Reduced_Prefixoid	InternHy_Prefixoid	Letter_Prefixoid	BEZ_Prefixoid	BES_Prefixoid	BEZer_Prefixoid	V_Prefixoid	InternModEr_Prefixoid	RusHy_Prefixoid	NAI_Prefixoid	POL_Prefixoid	NI_Prefixoid	KOE_Prefixoid	Intern_ReducedPrefixoid	InternMod_Prefixoid	Chem_Prefixoid	ProperNamePrefixoid	Chemical_Possible	ParticipleFullForm	ParticipleShortForm	Singular	FiveAndMore	Three	Four	Two	SevenEight	AdjectiveFullForm	NounProperGeneral	NounProperSurNameFlective	NounProperTown	NounProperName	AdjectiveProper	NounProperPatronymic	NounProperNameDimin	AbbrProperGeneral	NounProperSurNameForeign	NormalNumberParadigm	FullRealization
55	155	развития	развития	285138	285135	Inanimate	Reflexive	FullReflexivity	NonReflexive	ImperfectiveReflexivity	NormalMorphForm	DefectOne	DefectTwo	Byt	DefectThree	DefectFour	GTNoun	NotEllipted	VocalForm	NForm	NotControlled	ZeroTypeOfCoordination	NoCompositeness	DegreeComparative	DegreePositive	DegreeSuperlative	Adverb_Un_Hyphen	Adverb_With_Hyphen	DeclensionNominal	Un_Comp_Suf	BiAspectual	MonoAspectual	Paired	FullSynthComparison	NoSynthComparative	NoSynthSuperlative	OnlySuperlative	MOne	MTwo	MThree	NormalClassifyingCapitalization	Future	Past	Present	Noun	ZeroDoubleConjunct	NotCommonChild	Accusative	Genitive	Nominative	Partitive	RCDemonstrative	RCAttributive	RCPossessive	RCIndefinite	RCPersonal	RCInterrogative	RCNegative	RCReflexive	RCNoun	NoPlacement	Imperfective	Perfective	NotDefaultFiller	Neuter	NoLeftmostPlacement	Iterat	UnIterat	NoRightmostPlacement	NotLeftConjunct	PersonFirst	PersonSecond	PersonThird	PersonZero	Active	VoiceSya	Passive	VerbIntransitive	VerbIntransitiveSpecial	VerbTransitive	VerbTransitiveSpecial	NotRightConjunct	NoSpecialCaseForm	NoContrast	NormalCapitalization	PO_Prefixoid	Rus_Prefixoid	VPOL_Prefixoid	NE_Prefixoid	Eval_Prefixoid	Intern_Prefixoid	Reduced_Prefixoid	InternHy_Prefixoid	Letter_Prefixoid	BEZ_Prefixoid	BES_Prefixoid	BEZer_Prefixoid	V_Prefixoid	InternModEr_Prefixoid	RusHy_Prefixoid	NAI_Prefixoid	POL_Prefixoid	NI_Prefixoid	KOE_Prefixoid	Intern_ReducedPrefixoid	InternMod_Prefixoid	Chem_Prefixoid	ProperNamePrefixoid	Chemical_Possible	ParticipleFullForm	ParticipleShortForm	Plural	Singular	FiveAndMore	Three	Four	Two	SevenEight	AdjectiveFullForm	AdjectiveShortForm	AdjectiveShortFlectional	NounProperGeneral	NounProperSurNameFlective	NounProperTown	NounProperName	AdjectiveProper	NounProperPatronymic	NounProperNameDimin	AbbrProperGeneral	NounProperSurNameForeign	NormalNumberParadigm	FullRealization
55	164	РФ	РФ	285141	285135	Inanimate	Reflexive	FullReflexivity	NonReflexive	ImperfectiveReflexivity	NormalMorphForm	DefectOne	DefectTwo	Byt	DefectThree	DefectFour	GTNoun	NotEllipted	VocalForm	NForm	NotControlled	ZeroTypeOfCoordination	NoCompositeness	DegreeComparative	DegreePositive	DegreeSuperlative	Adverb_Un_Hyphen	Adverb_With_Hyphen	Indeclinable	Un_Comp_Suf	BiAspectual	MonoAspectual	Paired	FullSynthComparison	NoSynthComparative	NoSynthSuperlative	OnlySuperlative	MOne	MTwo	MThree	NormalClassifyingCapitalization	Future	Past	Present	Noun	ZeroDoubleConjunct	NotCommonChild	Accusative	Dative	Genitive	Instrumental	Locative	Nominative	Partitive	Prepositional	RCDemonstrative	RCAttributive	RCPossessive	RCIndefinite	RCPersonal	RCInterrogative	RCNegative	RCReflexive	RCNoun	NoPlacement	Imperfective	Perfective	NotDefaultFiller	Feminine	NoLeftmostPlacement	Iterat	UnIterat	NoRightmostPlacement	NotLeftConjunct	PersonFirst	PersonSecond	PersonThird	PersonZero	Active	VoiceSya	Passive	VerbIntransitive	VerbIntransitiveSpecial	VerbTransitive	VerbTransitiveSpecial	NotRightConjunct	NoSpecialCaseForm	Locative_u	Genitive_u	Plural_consonant	Genitive_Locative_u	GenitivePlural_Zero	NominativePlural_a	SpecialPlual	SpecialVocative	NoContrast	NormalCapitalization	PO_Prefixoid	Rus_Prefixoid	VPOL_Prefixoid	NE_Prefixoid	Eval_Prefixoid	Intern_Prefixoid	Reduced_Prefixoid	InternHy_Prefixoid	Letter_Prefixoid	BEZ_Prefixoid	BES_Prefixoid	BEZer_Prefixoid	V_Prefixoid	InternModEr_Prefixoid	RusHy_Prefixoid	NAI_Prefixoid	POL_Prefixoid	NI_Prefixoid	KOE_Prefixoid	Intern_ReducedPrefixoid	InternMod_Prefixoid	Chem_Prefixoid	ProperNamePrefixoid	Chemical_Possible	ParticipleFullForm	ParticipleShortForm	Singular	FiveAndMore	Three	Four	Two	SevenEight	AdjectiveFullForm	AdjectiveShortForm	AdjectiveShortFlectional	NounProperGeneral	SingulariaTantum	FullRealization
55	167	подготовил	подготовил	285131	285118	Animate	Inanimate	FullReflexivity	NormalMorphForm	DefectOne	DefectTwo	Byt	DefectThree	DefectFour	GTVerb	NotEllipted	VocalForm	NForm	NotControlled	ZeroTypeOfCoordination	Composite_ski	Composite_iko	Composite_sko	NoCompositeness	Composite_o	Composite_e	Composite_usek	Composite_null	Composite_Numeral	Composite_cko	Composite_cki	Composite_ComplexNumeral	Composite_NumeralFull	Composite_NumeralShort	DegreeComparative	DegreePositive	DegreeSuperlative	Adverb_Un_Hyphen	Adverb_With_Hyphen	DeclensionAdjectival	DeclensionNominal	DeclensionMixed	Indeclinable	Comp_Suffixoid	Un_Comp_Suf	Comp_Suffixoid_Num_OJ	Comp_Suffixoid_Num_YJ	Comp_Suffixoid_Num_IJ	Comp_Suffixoid_Num_J	Comp_PunctuatorPost	Comp_PunctuatorPref	Comp_PunctuatorPostSeparable	Comp_PunctuatorPrefSeparable	Comp_Prefixoid	Comp_Suffixoid_Num_PercentYJ	Comp_Noun	Comp_Suffixoid_Chem	Comp_Adj	Comp_SuffixoidAbbr	Paired	FullSynthComparison	NoSynthComparative	NoSynthSuperlative	OnlySuperlative	MOne	MTwo	MThree	NormalClassifyingCapitalization	Past	Verb	ZeroDoubleConjunct	NotCommonChild	Accusative	Dative	Genitive	Instrumental	Locative	Nominative	Partitive	Prepositional	DativeSpecial	ZeroCase	Vocative	RCDemonstrative	RCAttributive	RCPossessive	RCIndefinite	RCPersonal	RCInterrogative	RCNegative	RCReflexive	RCNoun	NoPlacement	Perfective	NotDefaultFiller	Masculine	NoLeftmostPlacement	UnIterat	NoRightmostPlacement	NotLeftConjunct	PersonFirst	PersonSecond	PersonThird	PersonZero	Active	VerbTransitive	NotRightConjunct	NoSpecialCaseForm	Locative_u	Genitive_u	Plural_consonant	Genitive_Locative_u	GenitivePlural_Zero	NominativePlural_a	SpecialPlual	SpecialVocative	NoContrast	NormalCapitalization	PO_Prefixoid	Rus_Prefixoid	VPOL_Prefixoid	NE_Prefixoid	Eval_Prefixoid	Intern_Prefixoid	Reduced_Prefixoid	InternHy_Prefixoid	Letter_Prefixoid	BEZ_Prefixoid	BES_Prefixoid	BEZer_Prefixoid	V_Prefixoid	InternModEr_Prefixoid	RusHy_Prefixoid	NAI_Prefixoid	POL_Prefixoid	NI_Prefixoid	KOE_Prefixoid	Intern_ReducedPrefixoid	InternMod_Prefixoid	Chem_Prefixoid	ProperNamePrefixoid	Chemical_Possible	ParticipleFullForm	ParticipleShortForm	Singular	FiveAndMore	Three	Four	Two	SevenEight	AdjectiveFullForm	AdjectiveShortForm	AdjectiveShortFlectional	NounProperGeneral	NounProperSurNameFlective	NounProperTown	NounProperName	AdjectiveProper	NounProperPatronymic	NounProperNameDimin	AbbrProperGeneral	NounProperSurNameForeign	NormalNumberParadigm	FullRealization
55	178	анти	анти	285144	285143	Animate	Inanimate	Animate	Inanimate	Reflexive	FullReflexivity	NonReflexive	ImperfectiveReflexivity	Reflexive	FullReflexivity	NonReflexive	ImperfectiveReflexivity	NormalMorphForm	NormalMorphForm	DefectOne	DefectTwo	Byt	DefectThree	DefectFour	DefectOne	DefectTwo	Byt	DefectThree	DefectFour	GTInvariable	GTAdjectiveAttributive	GTAdverb	GTNoun	GTVerb	GTAdjective	NotEllipted	NotEllipted	VocalForm	NForm	VocalForm	NForm	NotControlled	NotControlled	ZeroTypeOfCoordination	ZeroTypeOfCoordination	Composite_ski	Composite_iko	Composite_sko	NoCompositeness	Composite_o	Composite_e	Composite_usek	Composite_null	Composite_Numeral	Composite_cko	Composite_cki	Composite_ComplexNumeral	Composite_NumeralFull	Composite_NumeralShort	Composite_ski	Composite_iko	Composite_sko	NoCompositeness	Composite_o	Composite_e	Composite_usek	Composite_null	Composite_Numeral	Composite_cko	Composite_cki	Composite_ComplexNumeral	Composite_NumeralFull	Composite_NumeralShort	DegreeComparative	DegreePositive	DegreeSuperlative	DegreeComparative	DegreePositive	DegreeSuperlative	Adverb_Un_Hyphen	Adverb_With_Hyphen	Adverb_Un_Hyphen	Adverb_With_Hyphen	DeclensionAdjectival	DeclensionNominal	DeclensionMixed	Indeclinable	DeclensionAdjectival	DeclensionNominal	DeclensionMixed	Indeclinable	Un_Comp_Suf	Comp_Suffixoid	Un_Comp_Suf	Comp_Suffixoid_Num_OJ	Comp_Suffixoid_Num_YJ	Comp_Suffixoid_Num_IJ	Comp_Suffixoid_Num_J	Comp_PunctuatorPost	Comp_PunctuatorPref	Comp_PunctuatorPostSeparable	Comp_PunctuatorPrefSeparable	Comp_Prefixoid	Comp_Suffixoid_Num_PercentYJ	Comp_Noun	Comp_Suffixoid_Chem	Comp_Adj	Comp_SuffixoidAbbr	BiAspectual	MonoAspectual	Paired	BiAspectual	MonoAspectual	Paired	FullSynthComparison	NoSynthComparative	NoSynthSuperlative	OnlySuperlative	FullSynthComparison	NoSynthComparative	NoSynthSuperlative	OnlySuperlative	MOne	MTwo	MThree	MOne	MTwo	MThree	NormalClassifyingCapitalization	NormalClassifyingCapitalization	Future	Past	Present	Future	Past	Present	Prefixoid	Adjective	Adverb	Noun	Verb	ZeroDoubleConjunct	ZeroDoubleConjunct	NotCommonChild	NotCommonChild	Accusative	Dative	Genitive	Instrumental	Locative	Nominative	Partitive	Prepositional	DativeSpecial	ZeroCase	Vocative	Accusative	Dative	Genitive	Instrumental	Locative	Nominative	Partitive	Prepositional	DativeSpecial	ZeroCase	Vocative	RCDemonstrative	RCAttributive	RCPossessive	RCIndefinite	RCPersonal	RCInterrogative	RCNegative	RCReflexive	RCNoun	RCDemonstrative	RCAttributive	RCPossessive	RCIndefinite	RCPersonal	RCInterrogative	RCNegative	RCReflexive	RCNoun	NoPlacement	NoPlacement	Imperfective	Perfective	Imperfective	Perfective	NotDefaultFiller	NotDefaultFiller	Feminine	Masculine	Neuter	Common	Feminine	Masculine	Neuter	Common	NoLeftmostPlacement	NoLeftmostPlacement	Iterat	UnIterat	Iterat	UnIterat	NoRightmostPlacement	NoRightmostPlacement	NotLeftConjunct	NotLeftConjunct	PersonFirst	PersonSecond	PersonThird	PersonZero	PersonFirst	PersonSecond	PersonThird	PersonZero	Active	VoiceSya	Passive	Active	VoiceSya	Passive	VerbIntransitive	VerbIntransitiveSpecial	VerbTransitive	VerbTransitiveSpecial	VerbIntransitive	VerbIntransitiveSpecial	VerbTransitive	VerbTransitiveSpecial	NotRightConjunct	NotRightConjunct	NoSpecialCaseForm	Locative_u	Genitive_u	Plural_consonant	Genitive_Locative_u	GenitivePlural_Zero	NominativePlural_a	SpecialPlual	SpecialVocative	NoSpecialCaseForm	Locative_u	Genitive_u	Plural_consonant	Genitive_Locative_u	GenitivePlural_Zero	NominativePlural_a	SpecialPlual	SpecialVocative	NoContrast	NoContrast	NormalCapitalization	NormalCapitalization	Intern_Prefixoid	PO_Prefixoid	Rus_Prefixoid	VPOL_Prefixoid	NE_Prefixoid	Eval_Prefixoid	Intern_Prefixoid	Reduced_Prefixoid	InternHy_Prefixoid	Letter_Prefixoid	BEZ_Prefixoid	BES_Prefixoid	BEZer_Prefixoid	V_Prefixoid	InternModEr_Prefixoid	RusHy_Prefixoid	NAI_Prefixoid	POL_Prefixoid	NI_Prefixoid	KOE_Prefixoid	Intern_ReducedPrefixoid	InternMod_Prefixoid	Chem_Prefixoid	ProperNamePrefixoid	Chemical_Possible	ParticipleFullForm	ParticipleShortForm	ParticipleFullForm	ParticipleShortForm	Plural	Singular	Plural	Singular	FiveAndMore	Three	Four	Two	SevenEight	FiveAndMore	Three	Four	Two	SevenEight	AdjectiveFullForm	AdjectiveShortForm	AdjectiveShortFlectional	AdjectiveFullForm	AdjectiveShortForm	AdjectiveShortFlectional	NounProperGeneral	NounProperSurNameFlective	NounProperTown	NounProperName	AdjectiveProper	NounProperPatronymic	NounProperNameDimin	AbbrProperGeneral	NounProperSurNameForeign	NounProperGeneral	NounProperSurNameFlective	NounProperTown	NounProperName	AdjectiveProper	NounProperPatronymic	NounProperNameDimin	AbbrProperGeneral	NounProperSurNameForeign	NormalNumberParadigm	NormalNumberParadigm	SingulariaTantum	FullRealization	FullRealization
55	182	инсультную	инсультную	285143	285142	Animate	Inanimate	Reflexive	FullReflexivity	NonReflexive	ImperfectiveReflexivity	NormalMorphForm	DefectOne	DefectTwo	Byt	DefectThree	DefectFour	GTAdjective	NotEllipted	VocalForm	NForm	NotControlled	ZeroTypeOfCoordination	NoCompositeness	DegreePositive	Adverb_Un_Hyphen	Adverb_With_Hyphen	DeclensionAdjectival	DeclensionNominal	DeclensionMixed	Indeclinable	Un_Comp_Suf	BiAspectual	MonoAspectual	Paired	NoSynthComparative	MOne	MTwo	MThree	NormalClassifyingCapitalization	Future	Past	Present	Adjective	ZeroDoubleConjunct	NotCommonChild	Accusative	RCDemonstrative	RCAttributive	RCPossessive	RCIndefinite	RCPersonal	RCInterrogative	RCNegative	RCReflexive	RCNoun	NoPlacement	Imperfective	Perfective	NotDefaultFiller	Feminine	NoLeftmostPlacement	Iterat	UnIterat	NoRightmostPlacement	NotLeftConjunct	PersonFirst	PersonSecond	PersonThird	PersonZero	Active	VoiceSya	Passive	VerbIntransitive	VerbIntransitiveSpecial	VerbTransitive	VerbTransitiveSpecial	NotRightConjunct	NoSpecialCaseForm	Locative_u	Genitive_u	Plural_consonant	Genitive_Locative_u	GenitivePlural_Zero	NominativePlural_a	SpecialPlual	SpecialVocative	NoContrast	NormalCapitalization	PO_Prefixoid	Rus_Prefixoid	VPOL_Prefixoid	NE_Prefixoid	Eval_Prefixoid	Intern_Prefixoid	Reduced_Prefixoid	InternHy_Prefixoid	Letter_Prefixoid	BEZ_Prefixoid	BES_Prefixoid	BEZer_Prefixoid	V_Prefixoid	InternModEr_Prefixoid	RusHy_Prefixoid	NAI_Prefixoid	POL_Prefixoid	NI_Prefixoid	KOE_Prefixoid	Intern_ReducedPrefixoid	InternMod_Prefixoid	Chem_Prefixoid	ProperNamePrefixoid	Chemical_Possible	ParticipleFullForm	ParticipleShortForm	Singular	FiveAndMore	Three	Four	Two	SevenEight	AdjectiveFullForm	NounProperGeneral	NounProperSurNameFlective	NounProperTown	NounProperName	AdjectiveProper	NounProperPatronymic	NounProperNameDimin	AbbrProperGeneral	NounProperSurNameForeign	NormalNumberParadigm	FullRealization
55	193	программу	программу	285142	285131	Inanimate	Reflexive	FullReflexivity	NonReflexive	ImperfectiveReflexivity	NormalMorphForm	DefectOne	DefectTwo	Byt	DefectThree	DefectFour	GTNoun	NotEllipted	VocalForm	NForm	NotControlled	ZeroTypeOfCoordination	NoCompositeness	DegreeComparative	DegreePositive	DegreeSuperlative	Adverb_Un_Hyphen	Adverb_With_Hyphen	DeclensionNominal	Un_Comp_Suf	BiAspectual	MonoAspectual	Paired	FullSynthComparison	NoSynthComparative	NoSynthSuperlative	OnlySuperlative	MOne	MTwo	MThree	NormalClassifyingCapitalization	Future	Past	Present	Noun	ZeroDoubleConjunct	NotCommonChild	Accusative	RCDemonstrative	RCAttributive	RCPossessive	RCIndefinite	RCPersonal	RCInterrogative	RCNegative	RCReflexive	RCNoun	NoPlacement	Imperfective	Perfective	NotDefaultFiller	Feminine	NoLeftmostPlacement	Iterat	UnIterat	NoRightmostPlacement	NotLeftConjunct	PersonFirst	PersonSecond	PersonThird	PersonZero	Active	VoiceSya	Passive	VerbIntransitive	VerbIntransitiveSpecial	VerbTransitive	VerbTransitiveSpecial	NotRightConjunct	NoSpecialCaseForm	NoContrast	NormalCapitalization	PO_Prefixoid	Rus_Prefixoid	VPOL_Prefixoid	NE_Prefixoid	Eval_Prefixoid	Intern_Prefixoid	Reduced_Prefixoid	InternHy_Prefixoid	Letter_Prefixoid	BEZ_Prefixoid	BES_Prefixoid	BEZer_Prefixoid	V_Prefixoid	InternModEr_Prefixoid	RusHy_Prefixoid	NAI_Prefixoid	POL_Prefixoid	NI_Prefixoid	KOE_Prefixoid	Intern_ReducedPrefixoid	InternMod_Prefixoid	Chem_Prefixoid	ProperNamePrefixoid	Chemical_Possible	ParticipleFullForm	ParticipleShortForm	Singular	FiveAndMore	Three	Four	Two	SevenEight	AdjectiveFullForm	AdjectiveShortForm	AdjectiveShortFlectional	NounProperGeneral	NounProperSurNameFlective	NounProperTown	NounProperName	AdjectiveProper	NounProperPatronymic	NounProperNameDimin	AbbrProperGeneral	NounProperSurNameForeign	NormalNumberParadigm	FullRealization
55	203	в	в	285146	285145	Animate	Inanimate	Inanimate	Reflexive	FullReflexivity	NonReflexive	ImperfectiveReflexivity	Reflexive	FullReflexivity	NonReflexive	ImperfectiveReflexivity	NormalMorphForm	NormalMorphForm	DefectOne	DefectTwo	Byt	DefectThree	DefectFour	DefectOne	DefectTwo	Byt	DefectThree	DefectFour	GTInvariable	GTNoun	NotEllipted	NotEllipted	VocalForm	NForm	VocalForm	NForm	NotControlled	NotControlled	ZeroTypeOfCoordination	ZeroTypeOfCoordination	Composite_ski	Composite_iko	Composite_sko	NoCompositeness	Composite_o	Composite_e	Composite_usek	Composite_null	Composite_Numeral	Composite_cko	Composite_cki	Composite_ComplexNumeral	Composite_NumeralFull	Composite_NumeralShort	NoCompositeness	DegreeComparative	DegreePositive	DegreeSuperlative	DegreeComparative	DegreePositive	DegreeSuperlative	Adverb_Un_Hyphen	Adverb_With_Hyphen	Adverb_Un_Hyphen	Adverb_With_Hyphen	DeclensionAdjectival	DeclensionNominal	DeclensionMixed	Indeclinable	Indeclinable	Comp_Suffixoid	Un_Comp_Suf	Comp_Suffixoid_Num_OJ	Comp_Suffixoid_Num_YJ	Comp_Suffixoid_Num_IJ	Comp_Suffixoid_Num_J	Comp_PunctuatorPost	Comp_PunctuatorPref	Comp_PunctuatorPostSeparable	Comp_PunctuatorPrefSeparable	Comp_Prefixoid	Comp_Suffixoid_Num_PercentYJ	Comp_Noun	Comp_Suffixoid_Chem	Comp_Adj	Comp_SuffixoidAbbr	Comp_PunctuatorPostSeparable	BiAspectual	MonoAspectual	Paired	BiAspectual	MonoAspectual	Paired	FullSynthComparison	NoSynthComparative	NoSynthSuperlative	OnlySuperlative	FullSynthComparison	NoSynthComparative	NoSynthSuperlative	OnlySuperlative	MOne	MTwo	MThree	MOne	MTwo	MThree	NormalClassifyingCapitalization	NormalClassifyingCapitalization	Future	Past	Present	Future	Past	Present	Preposition	Noun	ZeroDoubleConjunct	ZeroDoubleConjunct	NotCommonChild	NotCommonChild	Accusative	Dative	Genitive	Instrumental	Locative	Nominative	Partitive	Prepositional	DativeSpecial	ZeroCase	Vocative	Accusative	Dative	Genitive	Instrumental	Locative	Nominative	Partitive	Prepositional	RCDemonstrative	RCAttributive	RCPossessive	RCIndefinite	RCPersonal	RCInterrogative	RCNegative	RCReflexive	RCNoun	RCDemonstrative	RCAttributive	RCPossessive	RCIndefinite	RCPersonal	RCInterrogative	RCNegative	RCReflexive	RCNoun	NoPlacement	NoPlacement	Imperfective	Perfective	Imperfective	Perfective	NotDefaultFiller	NotDefaultFiller	Feminine	Masculine	Neuter	Common	Masculine	NoLeftmostPlacement	NoLeftmostPlacement	Iterat	UnIterat	Iterat	UnIterat	NoRightmostPlacement	NoRightmostPlacement	NotLeftConjunct	NotLeftConjunct	PersonFirst	PersonSecond	PersonThird	PersonZero	PersonFirst	PersonSecond	PersonThird	PersonZero	Active	VoiceSya	Passive	Active	VoiceSya	Passive	VerbIntransitive	VerbIntransitiveSpecial	VerbTransitive	VerbTransitiveSpecial	VerbIntransitive	VerbIntransitiveSpecial	VerbTransitive	VerbTransitiveSpecial	NotRightConjunct	NotRightConjunct	NoSpecialCaseForm	Locative_u	Genitive_u	Plural_consonant	Genitive_Locative_u	GenitivePlural_Zero	NominativePlural_a	SpecialPlual	SpecialVocative	NoSpecialCaseForm	Locative_u	Genitive_u	Plural_consonant	Genitive_Locative_u	GenitivePlural_Zero	NominativePlural_a	SpecialPlual	SpecialVocative	NoContrast	NoContrast	NormalCapitalization	NormalCapitalization	PO_Prefixoid	Rus_Prefixoid	VPOL_Prefixoid	NE_Prefixoid	Eval_Prefixoid	Intern_Prefixoid	Reduced_Prefixoid	InternHy_Prefixoid	Letter_Prefixoid	BEZ_Prefixoid	BES_Prefixoid	BEZer_Prefixoid	V_Prefixoid	InternModEr_Prefixoid	RusHy_Prefixoid	NAI_Prefixoid	POL_Prefixoid	NI_Prefixoid	KOE_Prefixoid	Intern_ReducedPrefixoid	InternMod_Prefixoid	Chem_Prefixoid	ProperNamePrefixoid	Chemical_Possible	PO_Prefixoid	Rus_Prefixoid	VPOL_Prefixoid	NE_Prefixoid	Eval_Prefixoid	Intern_Prefixoid	Reduced_Prefixoid	InternHy_Prefixoid	Letter_Prefixoid	BEZ_Prefixoid	BES_Prefixoid	BEZer_Prefixoid	V_Prefixoid	InternModEr_Prefixoid	RusHy_Prefixoid	NAI_Prefixoid	POL_Prefixoid	NI_Prefixoid	KOE_Prefixoid	Intern_ReducedPrefixoid	InternMod_Prefixoid	Chem_Prefixoid	ProperNamePrefixoid	Chemical_Possible	ParticipleFullForm	ParticipleShortForm	ParticipleFullForm	ParticipleShortForm	Plural	Singular	Plural	Singular	FiveAndMore	Three	Four	Two	SevenEight	FiveAndMore	Three	Four	Two	SevenEight	AdjectiveFullForm	AdjectiveShortForm	AdjectiveShortFlectional	AdjectiveFullForm	AdjectiveShortForm	AdjectiveShortFlectional	NounProperGeneral	NounProperSurNameFlective	NounProperTown	NounProperName	AdjectiveProper	NounProperPatronymic	NounProperNameDimin	AbbrProperGeneral	NounProperSurNameForeign	NounProperGeneral	NounProperSurNameFlective	NounProperTown	NounProperName	AdjectiveProper	NounProperPatronymic	NounProperNameDimin	AbbrProperGeneral	NounProperSurNameForeign	NormalNumberParadigm	NormalNumberParadigm	FullRealization	FullRealization
55	205	рамках	рамках	285145	285131	Inanimate	Reflexive	FullReflexivity	NonReflexive	ImperfectiveReflexivity	NormalMorphForm	DefectOne	DefectTwo	Byt	DefectThree	DefectFour	GTNoun	NotEllipted	VocalForm	NForm	NotControlled	ZeroTypeOfCoordination	NoCompositeness	DegreeComparative	DegreePositive	DegreeSuperlative	Adverb_Un_Hyphen	Adverb_With_Hyphen	DeclensionNominal	Un_Comp_Suf	BiAspectual	MonoAspectual	Paired	FullSynthComparison	NoSynthComparative	NoSynthSuperlative	OnlySuperlative	MOne	MTwo	MThree	NormalClassifyingCapitalization	Future	Past	Present	Noun	ZeroDoubleConjunct	NotCommonChild	Locative	Prepositional	RCDemonstrative	RCAttributive	RCPossessive	RCIndefinite	RCPersonal	RCInterrogative	RCNegative	RCReflexive	RCNoun	NoPlacement	Imperfective	Perfective	NotDefaultFiller	Feminine	NoLeftmostPlacement	Iterat	UnIterat	NoRightmostPlacement	NotLeftConjunct	PersonFirst	PersonSecond	PersonThird	PersonZero	Active	VoiceSya	Passive	VerbIntransitive	VerbIntransitiveSpecial	VerbTransitive	VerbTransitiveSpecial	NotRightConjunct	NoSpecialCaseForm	NoContrast	NormalCapitalization	PO_Prefixoid	Rus_Prefixoid	VPOL_Prefixoid	NE_Prefixoid	Eval_Prefixoid	Intern_Prefixoid	Reduced_Prefixoid	InternHy_Prefixoid	Letter_Prefixoid	BEZ_Prefixoid	BES_Prefixoid	BEZer_Prefixoid	V_Prefixoid	InternModEr_Prefixoid	RusHy_Prefixoid	NAI_Prefixoid	POL_Prefixoid	NI_Prefixoid	KOE_Prefixoid	Intern_ReducedPrefixoid	InternMod_Prefixoid	Chem_Prefixoid	ProperNamePrefixoid	Chemical_Possible	ParticipleFullForm	ParticipleShortForm	Plural	FiveAndMore	Three	Four	Two	SevenEight	AdjectiveFullForm	AdjectiveShortForm	AdjectiveShortFlectional	NounProperGeneral	NounProperSurNameFlective	NounProperTown	NounProperName	AdjectiveProper	NounProperPatronymic	NounProperNameDimin	AbbrProperGeneral	NounProperSurNameForeign	NormalNumberParadigm	FullRealization
55	212	совместного	совместного	285148	285147	Animate	Inanimate	Reflexive	FullReflexivity	NonReflexive	ImperfectiveReflexivity	NormalMorphForm	DefectOne	DefectTwo	Byt	DefectThree	DefectFour	GTAdjective	NotEllipted	VocalForm	NForm	NotControlled	ZeroTypeOfCoordination	NoCompositeness	DegreePositive	Adverb_Un_Hyphen	Adverb_With_Hyphen	DeclensionAdjectival	DeclensionNominal	DeclensionMixed	Indeclinable	Un_Comp_Suf	BiAspectual	MonoAspectual	Paired	FullSynthComparison	MOne	MTwo	MThree	NormalClassifyingCapitalization	Future	Past	Present	Adjective	ZeroDoubleConjunct	NotCommonChild	Accusative	Genitive	Partitive	RCDemonstrative	RCAttributive	RCPossessive	RCIndefinite	RCPersonal	RCInterrogative	RCNegative	RCReflexive	RCNoun	NoPlacement	Imperfective	Perfective	NotDefaultFiller	Masculine	Neuter	NoLeftmostPlacement	Iterat	UnIterat	NoRightmostPlacement	NotLeftConjunct	PersonFirst	PersonSecond	PersonThird	PersonZero	Active	VoiceSya	Passive	VerbIntransitive	VerbIntransitiveSpecial	VerbTransitive	VerbTransitiveSpecial	NotRightConjunct	NoSpecialCaseForm	Locative_u	Genitive_u	Plural_consonant	Genitive_Locative_u	GenitivePlural_Zero	NominativePlural_a	SpecialPlual	SpecialVocative	NoContrast	NormalCapitalization	PO_Prefixoid	Rus_Prefixoid	VPOL_Prefixoid	NE_Prefixoid	Eval_Prefixoid	Intern_Prefixoid	Reduced_Prefixoid	InternHy_Prefixoid	Letter_Prefixoid	BEZ_Prefixoid	BES_Prefixoid	BEZer_Prefixoid	V_Prefixoid	InternModEr_Prefixoid	RusHy_Prefixoid	NAI_Prefixoid	POL_Prefixoid	NI_Prefixoid	KOE_Prefixoid	Intern_ReducedPrefixoid	InternMod_Prefixoid	Chem_Prefixoid	ProperNamePrefixoid	Chemical_Possible	ParticipleFullForm	ParticipleShortForm	Singular	FiveAndMore	Three	Four	Two	SevenEight	AdjectiveFullForm	NounProperGeneral	NounProperSurNameFlective	NounProperTown	NounProperName	AdjectiveProper	NounProperPatronymic	NounProperNameDimin	AbbrProperGeneral	NounProperSurNameForeign	NormalNumberParadigm	FullRealization
55	224	проекта	проекта	285147	285145	Inanimate	Reflexive	FullReflexivity	NonReflexive	ImperfectiveReflexivity	NormalMorphForm	DefectOne	DefectTwo	Byt	DefectThree	DefectFour	GTNoun	NotEllipted	VocalForm	NForm	NotControlled	ZeroTypeOfCoordination	NoCompositeness	DegreeComparative	DegreePositive	DegreeSuperlative	Adverb_Un_Hyphen	Adverb_With_Hyphen	DeclensionNominal	Un_Comp_Suf	BiAspectual	MonoAspectual	Paired	FullSynthComparison	NoSynthComparative	NoSynthSuperlative	OnlySuperlative	MOne	MTwo	MThree	NormalClassifyingCapitalization	Future	Past	Present	Noun	ZeroDoubleConjunct	NotCommonChild	Genitive	Partitive	RCDemonstrative	RCAttributive	RCPossessive	RCIndefinite	RCPersonal	RCInterrogative	RCNegative	RCReflexive	RCNoun	NoPlacement	Imperfective	Perfective	NotDefaultFiller	Masculine	NoLeftmostPlacement	Iterat	UnIterat	NoRightmostPlacement	NotLeftConjunct	PersonFirst	PersonSecond	PersonThird	PersonZero	Active	VoiceSya	Passive	VerbIntransitive	VerbIntransitiveSpecial	VerbTransitive	VerbTransitiveSpecial	NotRightConjunct	NoSpecialCaseForm	NoContrast	NormalCapitalization	PO_Prefixoid	Rus_Prefixoid	VPOL_Prefixoid	NE_Prefixoid	Eval_Prefixoid	Intern_Prefixoid	Reduced_Prefixoid	InternHy_Prefixoid	Letter_Prefixoid	BEZ_Prefixoid	BES_Prefixoid	BEZer_Prefixoid	V_Prefixoid	InternModEr_Prefixoid	RusHy_Prefixoid	NAI_Prefixoid	POL_Prefixoid	NI_Prefixoid	KOE_Prefixoid	Intern_ReducedPrefixoid	InternMod_Prefixoid	Chem_Prefixoid	ProperNamePrefixoid	Chemical_Possible	ParticipleFullForm	ParticipleShortForm	Singular	FiveAndMore	Three	Four	Two	SevenEight	AdjectiveFullForm	AdjectiveShortForm	AdjectiveShortFlectional	NounProperGeneral	NounProperSurNameFlective	NounProperTown	NounProperName	AdjectiveProper	NounProperPatronymic	NounProperNameDimin	AbbrProperGeneral	NounProperSurNameForeign	NormalNumberParadigm	FullRealization
57	0	В	В	285154	285153	Animate	Inanimate	Inanimate	Inanimate	Reflexive	FullReflexivity	NonReflexive	ImperfectiveReflexivity	Reflexive	FullReflexivity	NonReflexive	ImperfectiveReflexivity	Reflexive	FullReflexivity	NonReflexive	ImperfectiveReflexivity	NormalMorphForm	NormalMorphForm	NormalMorphForm	NormalMorphForm	DefectOne	DefectTwo	Byt	DefectThree	DefectFour	DefectOne	DefectTwo	Byt	DefectThree	DefectFour	DefectOne	DefectTwo	Byt	DefectThree	DefectFour	GTInvariable	GTNoun	GTNoun	NotEllipted	NotEllipted	NotEllipted	NotEllipted	VocalForm	NForm	VocalForm	NForm	VocalForm	NForm	NotControlled	NotControlled	NotControlled	NotControlled	ZeroTypeOfCoordination	ZeroTypeOfCoordination	ZeroTypeOfCoordination	ZeroTypeOfCoordination	Composite_ski	Composite_iko	Composite_sko	NoCompositeness	Composite_o	Composite_e	Composite_usek	Composite_null	Composite_Numeral	Composite_cko	Composite_cki	Composite_ComplexNumeral	Composite_NumeralFull	Composite_NumeralShort	NoCompositeness	NoCompositeness	DegreeComparative	DegreePositive	DegreeSuperlative	DegreeComparative	DegreePositive	DegreeSuperlative	DegreeComparative	DegreePositive	DegreeSuperlative	Adverb_Un_Hyphen	Adverb_With_Hyphen	Adverb_Un_Hyphen	Adverb_With_Hyphen	Adverb_Un_Hyphen	Adverb_With_Hyphen	DeclensionAdjectival	DeclensionNominal	DeclensionMixed	Indeclinable	Indeclinable	Indeclinable	Comp_Suffixoid	Un_Comp_Suf	Comp_Suffixoid_Num_OJ	Comp_Suffixoid_Num_YJ	Comp_Suffixoid_Num_IJ	Comp_Suffixoid_Num_J	Comp_PunctuatorPost	Comp_PunctuatorPref	Comp_PunctuatorPostSeparable	Comp_PunctuatorPrefSeparable	Comp_Prefixoid	Comp_Suffixoid_Num_PercentYJ	Comp_Noun	Comp_Suffixoid_Chem	Comp_Adj	Comp_SuffixoidAbbr	Comp_PunctuatorPostSeparable	Comp_PunctuatorPostSeparable	BiAspectual	MonoAspectual	Paired	BiAspectual	MonoAspectual	Paired	BiAspectual	MonoAspectual	Paired	FullSynthComparison	NoSynthComparative	NoSynthSuperlative	OnlySuperlative	FullSynthComparison	NoSynthComparative	NoSynthSuperlative	OnlySuperlative	FullSynthComparison	NoSynthComparative	NoSynthSuperlative	OnlySuperlative	MOne	MTwo	MThree	MOne	MTwo	MThree	MOne	MTwo	MThree	NormalClassifyingCapitalization	NormalClassifyingCapitalization	NormalClassifyingCapitalization	NormalClassifyingCapitalization	Future	Past	Present	Future	Past	Present	Future	Past	Present	Preposition	Noun	Noun	ZeroDoubleConjunct	ZeroDoubleConjunct	ZeroDoubleConjunct	ZeroDoubleConjunct	NotCommonChild	NotCommonChild	NotCommonChild	NotCommonChild	Accusative	Dative	Genitive	Instrumental	Locative	Nominative	Partitive	Prepositional	DativeSpecial	ZeroCase	Vocative	Accusative	Dative	Genitive	Instrumental	Locative	Nominative	Partitive	Prepositional	Accusative	Dative	Genitive	Instrumental	Locative	Nominative	Partitive	Prepositional	RCDemonstrative	RCAttributive	RCPossessive	RCIndefinite	RCPersonal	RCInterrogative	RCNegative	RCReflexive	RCNoun	RCDemonstrative	RCAttributive	RCPossessive	RCIndefinite	RCPersonal	RCInterrogative	RCNegative	RCReflexive	RCNoun	RCDemonstrative	RCAttributive	RCPossessive	RCIndefinite	RCPersonal	RCInterrogative	RCNegative	RCReflexive	RCNoun	NoPlacement	NoPlacement	NoPlacement	NoPlacement	Imperfective	Perfective	Imperfective	Perfective	Imperfective	Perfective	NotDefaultFiller	NotDefaultFiller	NotDefaultFiller	NotDefaultFiller	Feminine	Masculine	Neuter	Common	Masculine	Feminine	Masculine	Neuter	Common	NoLeftmostPlacement	NoLeftmostPlacement	NoLeftmostPlacement	NoLeftmostPlacement	Iterat	UnIterat	Iterat	UnIterat	Iterat	UnIterat	NoRightmostPlacement	NoRightmostPlacement	NoRightmostPlacement	NoRightmostPlacement	NotLeftConjunct	NotLeftConjunct	NotLeftConjunct	NotLeftConjunct	PersonFirst	PersonSecond	PersonThird	PersonZero	PersonFirst	PersonSecond	PersonThird	PersonZero	PersonFirst	PersonSecond	PersonThird	PersonZero	Active	VoiceSya	Passive	Active	VoiceSya	Passive	Active	VoiceSya	Passive	VerbIntransitive	VerbIntransitiveSpecial	VerbTransitive	VerbTransitiveSpecial	VerbIntransitive	VerbIntransitiveSpecial	VerbTransitive	VerbTransitiveSpecial	VerbIntransitive	VerbIntransitiveSpecial	VerbTransitive	VerbTransitiveSpecial	NotRightConjunct	NotRightConjunct	NotRightConjunct	NotRightConjunct	NoSpecialCaseForm	Locative_u	Genitive_u	Plural_consonant	Genitive_Locative_u	GenitivePlural_Zero	NominativePlural_a	SpecialPlual	SpecialVocative	NoSpecialCaseForm	Locative_u	Genitive_u	Plural_consonant	Genitive_Locative_u	GenitivePlural_Zero	NominativePlural_a	SpecialPlual	SpecialVocative	NoSpecialCaseForm	Locative_u	Genitive_u	Plural_consonant	Genitive_Locative_u	GenitivePlural_Zero	NominativePlural_a	SpecialPlual	SpecialVocative	NoContrast	NoContrast	NoContrast	NoContrast	NormalCapitalization	NormalCapitalization	NormalCapitalization	NormalCapitalization	PO_Prefixoid	Rus_Prefixoid	VPOL_Prefixoid	NE_Prefixoid	Eval_Prefixoid	Intern_Prefixoid	Reduced_Prefixoid	InternHy_Prefixoid	Letter_Prefixoid	BEZ_Prefixoid	BES_Prefixoid	BEZer_Prefixoid	V_Prefixoid	InternModEr_Prefixoid	RusHy_Prefixoid	NAI_Prefixoid	POL_Prefixoid	NI_Prefixoid	KOE_Prefixoid	Intern_ReducedPrefixoid	InternMod_Prefixoid	Chem_Prefixoid	ProperNamePrefixoid	Chemical_Possible	PO_Prefixoid	Rus_Prefixoid	VPOL_Prefixoid	NE_Prefixoid	Eval_Prefixoid	Intern_Prefixoid	Reduced_Prefixoid	InternHy_Prefixoid	Letter_Prefixoid	BEZ_Prefixoid	BES_Prefixoid	BEZer_Prefixoid	V_Prefixoid	InternModEr_Prefixoid	RusHy_Prefixoid	NAI_Prefixoid	POL_Prefixoid	NI_Prefixoid	KOE_Prefixoid	Intern_ReducedPrefixoid	InternMod_Prefixoid	Chem_Prefixoid	ProperNamePrefixoid	Chemical_Possible	PO_Prefixoid	Rus_Prefixoid	VPOL_Prefixoid	NE_Prefixoid	Eval_Prefixoid	Intern_Prefixoid	Reduced_Prefixoid	InternHy_Prefixoid	Letter_Prefixoid	BEZ_Prefixoid	BES_Prefixoid	BEZer_Prefixoid	V_Prefixoid	InternModEr_Prefixoid	RusHy_Prefixoid	NAI_Prefixoid	POL_Prefixoid	NI_Prefixoid	KOE_Prefixoid	Intern_ReducedPrefixoid	InternMod_Prefixoid	Chem_Prefixoid	ProperNamePrefixoid	Chemical_Possible	ParticipleFullForm	ParticipleShortForm	ParticipleFullForm	ParticipleShortForm	ParticipleFullForm	ParticipleShortForm	Plural	Singular	Plural	Singular	Plural	Singular	FiveAndMore	Three	Four	Two	SevenEight	FiveAndMore	Three	Four	Two	SevenEight	FiveAndMore	Three	Four	Two	SevenEight	AdjectiveFullForm	AdjectiveShortForm	AdjectiveShortFlectional	AdjectiveFullForm	AdjectiveShortForm	AdjectiveShortFlectional	AdjectiveFullForm	AdjectiveShortForm	AdjectiveShortFlectional	NounProperGeneral	NounProperSurNameFlective	NounProperTown	NounProperName	AdjectiveProper	NounProperPatronymic	NounProperNameDimin	AbbrProperGeneral	NounProperSurNameForeign	NounProperGeneral	NounProperSurNameFlective	NounProperTown	NounProperName	AdjectiveProper	NounProperPatronymic	NounProperNameDimin	AbbrProperGeneral	NounProperSurNameForeign	NounProperGeneral	NounProperSurNameFlective	NounProperTown	NounProperName	AdjectiveProper	NounProperPatronymic	NounProperNameDimin	AbbrProperGeneral	NounProperSurNameForeign	NormalNumberParadigm	NormalNumberParadigm	NormalNumberParadigm	NormalNumberParadigm	FullRealization	FullRealization	FullRealization	FullRealization
57	2	2004	2004	285155	285153	ZeroTypeOfCoordination	NoPlacement	NormalCapitalization	NotDefaultFiller	NoContrast	NoLeftmostPlacement	FullRealization	NoRightmostPlacement	NormalNumberParadigm	NotLeftConjunct	NormalClassifyingCapitalization	ZeroDoubleConjunct	NotCommonChild	NotEllipted	NormalMorphForm	NotControlled	NotRightConjunct
57	7	году	году	285153	285152	Inanimate	Reflexive	FullReflexivity	NonReflexive	ImperfectiveReflexivity	NormalMorphForm	DefectOne	DefectTwo	Byt	DefectThree	DefectFour	GTNoun	NotEllipted	VocalForm	NForm	NotControlled	ZeroTypeOfCoordination	NoCompositeness	DegreeComparative	DegreePositive	DegreeSuperlative	Adverb_Un_Hyphen	Adverb_With_Hyphen	DeclensionNominal	Un_Comp_Suf	BiAspectual	MonoAspectual	Paired	FullSynthComparison	NoSynthComparative	NoSynthSuperlative	OnlySuperlative	MOne	MTwo	MThree	NormalClassifyingCapitalization	Future	Past	Present	Noun	ZeroDoubleConjunct	NotCommonChild	Dative	Locative	Partitive	RCDemonstrative	RCAttributive	RCPossessive	RCIndefinite	RCPersonal	RCInterrogative	RCNegative	RCReflexive	RCNoun	NoPlacement	Imperfective	Perfective	NotDefaultFiller	Masculine	NoLeftmostPlacement	Iterat	UnIterat	NoRightmostPlacement	NotLeftConjunct	PersonFirst	PersonSecond	PersonThird	PersonZero	Active	VoiceSya	Passive	VerbIntransitive	VerbIntransitiveSpecial	VerbTransitive	VerbTransitiveSpecial	NotRightConjunct	NoSpecialCaseForm	NoContrast	NormalCapitalization	PO_Prefixoid	Rus_Prefixoid	VPOL_Prefixoid	NE_Prefixoid	Eval_Prefixoid	Intern_Prefixoid	Reduced_Prefixoid	InternHy_Prefixoid	Letter_Prefixoid	BEZ_Prefixoid	BES_Prefixoid	BEZer_Prefixoid	V_Prefixoid	InternModEr_Prefixoid	RusHy_Prefixoid	NAI_Prefixoid	POL_Prefixoid	NI_Prefixoid	KOE_Prefixoid	Intern_ReducedPrefixoid	InternMod_Prefixoid	Chem_Prefixoid	ProperNamePrefixoid	Chemical_Possible	ParticipleFullForm	ParticipleShortForm	Singular	FiveAndMore	Three	Four	Two	SevenEight	AdjectiveFullForm	AdjectiveShortForm	AdjectiveShortFlectional	NounProperGeneral	NounProperSurNameFlective	NounProperTown	NounProperName	AdjectiveProper	NounProperPatronymic	NounProperNameDimin	AbbrProperGeneral	NounProperSurNameForeign	NormalNumberParadigm	NonCountForm	FullRealization
57	12	Скворцова	Скворцова	285156	285152	Animate	Reflexive	FullReflexivity	NonReflexive	ImperfectiveReflexivity	NormalMorphForm	DefectOne	DefectTwo	Byt	DefectThree	DefectFour	GTNoun	NotEllipted	VocalForm	NForm	NotControlled	ZeroTypeOfCoordination	NoCompositeness	DegreeComparative	DegreePositive	DegreeSuperlative	Adverb_Un_Hyphen	Adverb_With_Hyphen	DeclensionNominal	Un_Comp_Suf	BiAspectual	MonoAspectual	Paired	FullSynthComparison	NoSynthComparative	NoSynthSuperlative	OnlySuperlative	MOne	MTwo	MThree	NormalClassifyingCapitalization	Future	Past	Present	Noun	ZeroDoubleConjunct	NotCommonChild	Accusative	Genitive	Nominative	Partitive	RCDemonstrative	RCAttributive	RCPossessive	RCIndefinite	RCPersonal	RCInterrogative	RCNegative	RCReflexive	RCNoun	NoPlacement	Imperfective	Perfective	NotDefaultFiller	Feminine	Masculine	NoLeftmostPlacement	Iterat	UnIterat	NoRightmostPlacement	NotLeftConjunct	PersonFirst	PersonSecond	PersonThird	PersonZero	Active	VoiceSya	Passive	VerbIntransitive	VerbIntransitiveSpecial	VerbTransitive	VerbTransitiveSpecial	NotRightConjunct	NoSpecialCaseForm	NoContrast	NormalCapitalization	PO_Prefixoid	Rus_Prefixoid	VPOL_Prefixoid	NE_Prefixoid	Eval_Prefixoid	Intern_Prefixoid	Reduced_Prefixoid	InternHy_Prefixoid	Letter_Prefixoid	BEZ_Prefixoid	BES_Prefixoid	BEZer_Prefixoid	V_Prefixoid	InternModEr_Prefixoid	RusHy_Prefixoid	NAI_Prefixoid	POL_Prefixoid	NI_Prefixoid	KOE_Prefixoid	Intern_ReducedPrefixoid	InternMod_Prefixoid	Chem_Prefixoid	ProperNamePrefixoid	Chemical_Possible	ParticipleFullForm	ParticipleShortForm	Singular	FiveAndMore	Three	Four	Two	SevenEight	AdjectiveFullForm	AdjectiveShortForm	AdjectiveShortFlectional	NounProperSurNameFlective	NormalNumberParadigm	FullRealization
57	22	была	была	285157	285152	Animate	Inanimate	NonReflexive	NormalMorphForm	Byt	GTVerb	NotEllipted	VocalForm	NForm	NotControlled	ZeroTypeOfCoordination	Composite_ski	Composite_iko	Composite_sko	NoCompositeness	Composite_o	Composite_e	Composite_usek	Composite_null	Composite_Numeral	Composite_cko	Composite_cki	Composite_ComplexNumeral	Composite_NumeralFull	Composite_NumeralShort	DegreeComparative	DegreePositive	DegreeSuperlative	Adverb_Un_Hyphen	Adverb_With_Hyphen	DeclensionAdjectival	DeclensionNominal	DeclensionMixed	Indeclinable	Comp_Suffixoid	Un_Comp_Suf	Comp_Suffixoid_Num_OJ	Comp_Suffixoid_Num_YJ	Comp_Suffixoid_Num_IJ	Comp_Suffixoid_Num_J	Comp_PunctuatorPost	Comp_PunctuatorPref	Comp_PunctuatorPostSeparable	Comp_PunctuatorPrefSeparable	Comp_Prefixoid	Comp_Suffixoid_Num_PercentYJ	Comp_Noun	Comp_Suffixoid_Chem	Comp_Adj	Comp_SuffixoidAbbr	MonoAspectual	FullSynthComparison	NoSynthComparative	NoSynthSuperlative	OnlySuperlative	MOne	MTwo	MThree	NormalClassifyingCapitalization	Past	Verb	ZeroDoubleConjunct	NotCommonChild	Accusative	Dative	Genitive	Instrumental	Locative	Nominative	Partitive	Prepositional	DativeSpecial	ZeroCase	Vocative	RCDemonstrative	RCAttributive	RCPossessive	RCIndefinite	RCPersonal	RCInterrogative	RCNegative	RCReflexive	RCNoun	NoPlacement	Imperfective	NotDefaultFiller	Feminine	NoLeftmostPlacement	UnIterat	NoRightmostPlacement	NotLeftConjunct	PersonFirst	PersonSecond	PersonThird	PersonZero	Active	VerbIntransitive	NotRightConjunct	NoSpecialCaseForm	Locative_u	Genitive_u	Plural_consonant	Genitive_Locative_u	GenitivePlural_Zero	NominativePlural_a	SpecialPlual	SpecialVocative	NoContrast	NormalCapitalization	PO_Prefixoid	Rus_Prefixoid	VPOL_Prefixoid	NE_Prefixoid	Eval_Prefixoid	Intern_Prefixoid	Reduced_Prefixoid	InternHy_Prefixoid	Letter_Prefixoid	BEZ_Prefixoid	BES_Prefixoid	BEZer_Prefixoid	V_Prefixoid	InternModEr_Prefixoid	RusHy_Prefixoid	NAI_Prefixoid	POL_Prefixoid	NI_Prefixoid	KOE_Prefixoid	Intern_ReducedPrefixoid	InternMod_Prefixoid	Chem_Prefixoid	ProperNamePrefixoid	Chemical_Possible	ParticipleFullForm	ParticipleShortForm	Singular	FiveAndMore	Three	Four	Two	SevenEight	AdjectiveFullForm	AdjectiveShortForm	AdjectiveShortFlectional	NounProperGeneral	NounProperSurNameFlective	NounProperTown	NounProperName	AdjectiveProper	NounProperPatronymic	NounProperNameDimin	AbbrProperGeneral	NounProperSurNameForeign	NormalNumberParadigm	FullRealization
57	27	избрана	избрана	285152	-1	Animate	Inanimate	FullReflexivity	NormalMorphForm	DefectOne	DefectTwo	Byt	DefectThree	DefectFour	GTParticiple	NotEllipted	VocalForm	NForm	NotControlled	ZeroTypeOfCoordination	Composite_ski	Composite_iko	Composite_sko	NoCompositeness	Composite_o	Composite_e	Composite_usek	Composite_null	Composite_Numeral	Composite_cko	Composite_cki	Composite_ComplexNumeral	Composite_NumeralFull	Composite_NumeralShort	DegreeComparative	DegreePositive	DegreeSuperlative	Adverb_Un_Hyphen	Adverb_With_Hyphen	DeclensionAdjectival	DeclensionNominal	DeclensionMixed	Indeclinable	Comp_Suffixoid	Un_Comp_Suf	Comp_Suffixoid_Num_OJ	Comp_Suffixoid_Num_YJ	Comp_Suffixoid_Num_IJ	Comp_Suffixoid_Num_J	Comp_PunctuatorPost	Comp_PunctuatorPref	Comp_PunctuatorPostSeparable	Comp_PunctuatorPrefSeparable	Comp_Prefixoid	Comp_Suffixoid_Num_PercentYJ	Comp_Noun	Comp_Suffixoid_Chem	Comp_Adj	Comp_SuffixoidAbbr	Paired	FullSynthComparison	NoSynthComparative	NoSynthSuperlative	OnlySuperlative	MOne	MTwo	MThree	NormalClassifyingCapitalization	Past	Verb	ZeroDoubleConjunct	NotCommonChild	Accusative	Dative	Genitive	Instrumental	Locative	Nominative	Partitive	Prepositional	DativeSpecial	ZeroCase	Vocative	RCDemonstrative	RCAttributive	RCPossessive	RCIndefinite	RCPersonal	RCInterrogative	RCNegative	RCReflexive	RCNoun	NoPlacement	Perfective	NotDefaultFiller	Feminine	NoLeftmostPlacement	UnIterat	NoRightmostPlacement	NotLeftConjunct	PersonFirst	PersonSecond	PersonThird	PersonZero	Passive	VerbTransitive	NotRightConjunct	NoSpecialCaseForm	Locative_u	Genitive_u	Plural_consonant	Genitive_Locative_u	GenitivePlural_Zero	NominativePlural_a	SpecialPlual	SpecialVocative	NoContrast	NormalCapitalization	PO_Prefixoid	Rus_Prefixoid	VPOL_Prefixoid	NE_Prefixoid	Eval_Prefixoid	Intern_Prefixoid	Reduced_Prefixoid	InternHy_Prefixoid	Letter_Prefixoid	BEZ_Prefixoid	BES_Prefixoid	BEZer_Prefixoid	V_Prefixoid	InternModEr_Prefixoid	RusHy_Prefixoid	NAI_Prefixoid	POL_Prefixoid	NI_Prefixoid	KOE_Prefixoid	Intern_ReducedPrefixoid	InternMod_Prefixoid	Chem_Prefixoid	ProperNamePrefixoid	Chemical_Possible	ParticipleShortForm	Singular	FiveAndMore	Three	Four	Two	SevenEight	AdjectiveFullForm	AdjectiveShortForm	AdjectiveShortFlectional	NounProperGeneral	NounProperSurNameFlective	NounProperTown	NounProperName	AdjectiveProper	NounProperPatronymic	NounProperNameDimin	AbbrProperGeneral	NounProperSurNameForeign	NormalNumberParadigm	FullRealization
57	35	членом	членом	285158	285152	Animate	Inanimate	Reflexive	FullReflexivity	NonReflexive	ImperfectiveReflexivity	NormalMorphForm	DefectOne	DefectTwo	Byt	DefectThree	DefectFour	GTNoun	NotEllipted	VocalForm	NForm	NotControlled	ZeroTypeOfCoordination	NoCompositeness	DegreeComparative	DegreePositive	DegreeSuperlative	Adverb_Un_Hyphen	Adverb_With_Hyphen	DeclensionNominal	Un_Comp_Suf	BiAspectual	MonoAspectual	Paired	FullSynthComparison	NoSynthComparative	NoSynthSuperlative	OnlySuperlative	MOne	MTwo	MThree	NormalClassifyingCapitalization	Future	Past	Present	Noun	ZeroDoubleConjunct	NotCommonChild	Instrumental	RCDemonstrative	RCAttributive	RCPossessive	RCIndefinite	RCPersonal	RCInterrogative	RCNegative	RCReflexive	RCNoun	NoPlacement	Imperfective	Perfective	NotDefaultFiller	Masculine	NoLeftmostPlacement	Iterat	UnIterat	NoRightmostPlacement	NotLeftConjunct	PersonFirst	PersonSecond	PersonThird	PersonZero	Active	VoiceSya	Passive	VerbIntransitive	VerbIntransitiveSpecial	VerbTransitive	VerbTransitiveSpecial	NotRightConjunct	NoSpecialCaseForm	NoContrast	NormalCapitalization	PO_Prefixoid	Rus_Prefixoid	VPOL_Prefixoid	NE_Prefixoid	Eval_Prefixoid	Intern_Prefixoid	Reduced_Prefixoid	InternHy_Prefixoid	Letter_Prefixoid	BEZ_Prefixoid	BES_Prefixoid	BEZer_Prefixoid	V_Prefixoid	InternModEr_Prefixoid	RusHy_Prefixoid	NAI_Prefixoid	POL_Prefixoid	NI_Prefixoid	KOE_Prefixoid	Intern_ReducedPrefixoid	InternMod_Prefixoid	Chem_Prefixoid	ProperNamePrefixoid	Chemical_Possible	ParticipleFullForm	ParticipleShortForm	Singular	FiveAndMore	Three	Four	Two	SevenEight	AdjectiveFullForm	AdjectiveShortForm	AdjectiveShortFlectional	NounProperGeneral	NounProperSurNameFlective	NounProperTown	NounProperName	AdjectiveProper	NounProperPatronymic	NounProperNameDimin	AbbrProperGeneral	NounProperSurNameForeign	NormalNumberParadigm	FullRealization
57	42	корреспондентом	корреспондентом	285159	285158	Animate	Reflexive	FullReflexivity	NonReflexive	ImperfectiveReflexivity	NormalMorphForm	DefectOne	DefectTwo	Byt	DefectThree	DefectFour	GTNoun	NotEllipted	VocalForm	NForm	NotControlled	ZeroTypeOfCoordination	NoCompositeness	DegreeComparative	DegreePositive	DegreeSuperlative	Adverb_Un_Hyphen	Adverb_With_Hyphen	DeclensionNominal	Un_Comp_Suf	BiAspectual	MonoAspectual	Paired	FullSynthComparison	NoSynthComparative	NoSynthSuperlative	OnlySuperlative	MOne	MTwo	MThree	NormalClassifyingCapitalization	Future	Past	Present	Noun	ZeroDoubleConjunct	NotCommonChild	Instrumental	RCDemonstrative	RCAttributive	RCPossessive	RCIndefinite	RCPersonal	RCInterrogative	RCNegative	RCReflexive	RCNoun	NoPlacement	Imperfective	Perfective	NotDefaultFiller	Masculine	NoLeftmostPlacement	Iterat	UnIterat	NoRightmostPlacement	NotLeftConjunct	PersonFirst	PersonSecond	PersonThird	PersonZero	Active	VoiceSya	Passive	VerbIntransitive	VerbIntransitiveSpecial	VerbTransitive	VerbTransitiveSpecial	NotRightConjunct	NoSpecialCaseForm	NoContrast	NormalCapitalization	PO_Prefixoid	Rus_Prefixoid	VPOL_Prefixoid	NE_Prefixoid	Eval_Prefixoid	Intern_Prefixoid	Reduced_Prefixoid	InternHy_Prefixoid	Letter_Prefixoid	BEZ_Prefixoid	BES_Prefixoid	BEZer_Prefixoid	V_Prefixoid	InternModEr_Prefixoid	RusHy_Prefixoid	NAI_Prefixoid	POL_Prefixoid	NI_Prefixoid	KOE_Prefixoid	Intern_ReducedPrefixoid	InternMod_Prefixoid	Chem_Prefixoid	ProperNamePrefixoid	Chemical_Possible	ParticipleFullForm	ParticipleShortForm	Singular	FiveAndMore	Three	Four	Two	SevenEight	AdjectiveFullForm	AdjectiveShortForm	AdjectiveShortFlectional	NounProperGeneral	NounProperSurNameFlective	NounProperTown	NounProperName	AdjectiveProper	NounProperPatronymic	NounProperNameDimin	AbbrProperGeneral	NounProperSurNameForeign	NormalNumberParadigm	FullRealization
57	58	Российской	Российской	285161	285160	Animate	Inanimate	Reflexive	FullReflexivity	NonReflexive	ImperfectiveReflexivity	NormalMorphForm	NormalMorphForm	DefectOne	DefectTwo	Byt	DefectThree	DefectFour	GTAdjectiveAttributive	NotEllipted	NotEllipted	VocalForm	NForm	NotControlled	NotControlled	ZeroTypeOfCoordination	ZeroTypeOfCoordination	NoCompositeness	DegreePositive	Adverb_Un_Hyphen	Adverb_With_Hyphen	DeclensionAdjectival	DeclensionNominal	DeclensionMixed	Indeclinable	Un_Comp_Suf	BiAspectual	MonoAspectual	Paired	NoSynthComparative	MOne	MTwo	MThree	NormalClassifyingCapitalization	NormalClassifyingCapitalization	Future	Past	Present	Adjective	ZeroDoubleConjunct	ZeroDoubleConjunct	NotCommonChild	NotCommonChild	Dative	Genitive	Instrumental	Locative	Partitive	Prepositional	RCDemonstrative	RCAttributive	RCPossessive	RCIndefinite	RCPersonal	RCInterrogative	RCNegative	RCReflexive	RCNoun	NoPlacement	NoPlacement	Imperfective	Perfective	NotDefaultFiller	NotDefaultFiller	Feminine	NoLeftmostPlacement	NoLeftmostPlacement	Iterat	UnIterat	NoRightmostPlacement	NoRightmostPlacement	NotLeftConjunct	NotLeftConjunct	PersonFirst	PersonSecond	PersonThird	PersonZero	Active	VoiceSya	Passive	VerbIntransitive	VerbIntransitiveSpecial	VerbTransitive	VerbTransitiveSpecial	NotRightConjunct	NotRightConjunct	NoSpecialCaseForm	Locative_u	Genitive_u	Plural_consonant	Genitive_Locative_u	GenitivePlural_Zero	NominativePlural_a	SpecialPlual	SpecialVocative	NoContrast	NoContrast	NormalCapitalization	NormalCapitalization	PO_Prefixoid	Rus_Prefixoid	VPOL_Prefixoid	NE_Prefixoid	Eval_Prefixoid	Intern_Prefixoid	Reduced_Prefixoid	InternHy_Prefixoid	Letter_Prefixoid	BEZ_Prefixoid	BES_Prefixoid	BEZer_Prefixoid	V_Prefixoid	InternModEr_Prefixoid	RusHy_Prefixoid	NAI_Prefixoid	POL_Prefixoid	NI_Prefixoid	KOE_Prefixoid	Intern_ReducedPrefixoid	InternMod_Prefixoid	Chem_Prefixoid	ProperNamePrefixoid	Chemical_Possible	ParticipleFullForm	ParticipleShortForm	Singular	FiveAndMore	Three	Four	Two	SevenEight	AdjectiveFullForm	NounProperGeneral	NounProperSurNameFlective	NounProperTown	NounProperName	AdjectiveProper	NounProperPatronymic	NounProperNameDimin	AbbrProperGeneral	NounProperSurNameForeign	NormalNumberParadigm	NormalNumberParadigm	FullRealization	FullRealization
57	69	академии	академии	285160	285158	Inanimate	Reflexive	FullReflexivity	NonReflexive	ImperfectiveReflexivity	NormalMorphForm	DefectOne	DefectTwo	Byt	DefectThree	DefectFour	GTNoun	NotEllipted	VocalForm	NForm	NotControlled	ZeroTypeOfCoordination	NoCompositeness	DegreeComparative	DegreePositive	DegreeSuperlative	Adverb_Un_Hyphen	Adverb_With_Hyphen	DeclensionNominal	Un_Comp_Suf	BiAspectual	MonoAspectual	Paired	FullSynthComparison	NoSynthComparative	NoSynthSuperlative	OnlySuperlative	MOne	MTwo	MThree	NormalClassifyingCapitalization	Future	Past	Present	Noun	ZeroDoubleConjunct	NotCommonChild	Accusative	Dative	Genitive	Locative	Nominative	Partitive	Prepositional	RCDemonstrative	RCAttributive	RCPossessive	RCIndefinite	RCPersonal	RCInterrogative	RCNegative	RCReflexive	RCNoun	NoPlacement	Imperfective	Perfective	NotDefaultFiller	Feminine	NoLeftmostPlacement	Iterat	UnIterat	NoRightmostPlacement	NotLeftConjunct	PersonFirst	PersonSecond	PersonThird	PersonZero	Active	VoiceSya	Passive	VerbIntransitive	VerbIntransitiveSpecial	VerbTransitive	VerbTransitiveSpecial	NotRightConjunct	NoSpecialCaseForm	NoContrast	NormalCapitalization	PO_Prefixoid	Rus_Prefixoid	VPOL_Prefixoid	NE_Prefixoid	Eval_Prefixoid	Intern_Prefixoid	Reduced_Prefixoid	InternHy_Prefixoid	Letter_Prefixoid	BEZ_Prefixoid	BES_Prefixoid	BEZer_Prefixoid	V_Prefixoid	InternModEr_Prefixoid	RusHy_Prefixoid	NAI_Prefixoid	POL_Prefixoid	NI_Prefixoid	KOE_Prefixoid	Intern_ReducedPrefixoid	InternMod_Prefixoid	Chem_Prefixoid	ProperNamePrefixoid	Chemical_Possible	ParticipleFullForm	ParticipleShortForm	Plural	Singular	FiveAndMore	Three	Four	Two	SevenEight	AdjectiveFullForm	AdjectiveShortForm	AdjectiveShortFlectional	NounProperGeneral	NounProperSurNameFlective	NounProperTown	NounProperName	AdjectiveProper	NounProperPatronymic	NounProperNameDimin	AbbrProperGeneral	NounProperSurNameForeign	NormalNumberParadigm	FullRealization
57	78	медицинских	медицинских	285163	285162	Animate	Inanimate	Reflexive	FullReflexivity	NonReflexive	ImperfectiveReflexivity	NormalMorphForm	DefectOne	DefectTwo	Byt	DefectThree	DefectFour	GTAdjectiveAttributive	NotEllipted	VocalForm	NForm	NotControlled	ZeroTypeOfCoordination	NoCompositeness	DegreePositive	Adverb_Un_Hyphen	Adverb_With_Hyphen	DeclensionAdjectival	DeclensionNominal	DeclensionMixed	Indeclinable	Un_Comp_Suf	BiAspectual	MonoAspectual	Paired	NoSynthComparative	MOne	MTwo	MThree	NormalClassifyingCapitalization	Future	Past	Present	Adjective	ZeroDoubleConjunct	NotCommonChild	Accusative	Genitive	Locative	Partitive	Prepositional	RCDemonstrative	RCAttributive	RCPossessive	RCIndefinite	RCPersonal	RCInterrogative	RCNegative	RCReflexive	RCNoun	NoPlacement	Imperfective	Perfective	NotDefaultFiller	Feminine	Masculine	Neuter	Common	NoLeftmostPlacement	Iterat	UnIterat	NoRightmostPlacement	NotLeftConjunct	PersonFirst	PersonSecond	PersonThird	PersonZero	Active	VoiceSya	Passive	VerbIntransitive	VerbIntransitiveSpecial	VerbTransitive	VerbTransitiveSpecial	NotRightConjunct	NoSpecialCaseForm	Locative_u	Genitive_u	Plural_consonant	Genitive_Locative_u	GenitivePlural_Zero	NominativePlural_a	SpecialPlual	SpecialVocative	NoContrast	NormalCapitalization	PO_Prefixoid	Rus_Prefixoid	VPOL_Prefixoid	NE_Prefixoid	Eval_Prefixoid	Intern_Prefixoid	Reduced_Prefixoid	InternHy_Prefixoid	Letter_Prefixoid	BEZ_Prefixoid	BES_Prefixoid	BEZer_Prefixoid	V_Prefixoid	InternModEr_Prefixoid	RusHy_Prefixoid	NAI_Prefixoid	POL_Prefixoid	NI_Prefixoid	KOE_Prefixoid	Intern_ReducedPrefixoid	InternMod_Prefixoid	Chem_Prefixoid	ProperNamePrefixoid	Chemical_Possible	ParticipleFullForm	ParticipleShortForm	Plural	FiveAndMore	Three	Four	Two	SevenEight	AdjectiveFullForm	NounProperGeneral	NounProperSurNameFlective	NounProperTown	NounProperName	AdjectiveProper	NounProperPatronymic	NounProperNameDimin	AbbrProperGeneral	NounProperSurNameForeign	NormalNumberParadigm	FullRealization
57	90	наук	наук	285162	285160	Inanimate	Reflexive	FullReflexivity	NonReflexive	ImperfectiveReflexivity	NormalMorphForm	DefectOne	DefectTwo	Byt	DefectThree	DefectFour	GTNoun	NotEllipted	VocalForm	NForm	NotControlled	ZeroTypeOfCoordination	NoCompositeness	DegreeComparative	DegreePositive	DegreeSuperlative	Adverb_Un_Hyphen	Adverb_With_Hyphen	DeclensionNominal	Un_Comp_Suf	BiAspectual	MonoAspectual	Paired	FullSynthComparison	NoSynthComparative	NoSynthSuperlative	OnlySuperlative	MOne	MTwo	MThree	NormalClassifyingCapitalization	Future	Past	Present	Noun	ZeroDoubleConjunct	NotCommonChild	Genitive	Partitive	RCDemonstrative	RCAttributive	RCPossessive	RCIndefinite	RCPersonal	RCInterrogative	RCNegative	RCReflexive	RCNoun	NoPlacement	Imperfective	Perfective	NotDefaultFiller	Feminine	NoLeftmostPlacement	Iterat	UnIterat	NoRightmostPlacement	NotLeftConjunct	PersonFirst	PersonSecond	PersonThird	PersonZero	Active	VoiceSya	Passive	VerbIntransitive	VerbIntransitiveSpecial	VerbTransitive	VerbTransitiveSpecial	NotRightConjunct	NoSpecialCaseForm	NoContrast	NormalCapitalization	PO_Prefixoid	Rus_Prefixoid	VPOL_Prefixoid	NE_Prefixoid	Eval_Prefixoid	Intern_Prefixoid	Reduced_Prefixoid	InternHy_Prefixoid	Letter_Prefixoid	BEZ_Prefixoid	BES_Prefixoid	BEZer_Prefixoid	V_Prefixoid	InternModEr_Prefixoid	RusHy_Prefixoid	NAI_Prefixoid	POL_Prefixoid	NI_Prefixoid	KOE_Prefixoid	Intern_ReducedPrefixoid	InternMod_Prefixoid	Chem_Prefixoid	ProperNamePrefixoid	Chemical_Possible	ParticipleFullForm	ParticipleShortForm	Plural	FiveAndMore	Three	Four	Two	SevenEight	AdjectiveFullForm	AdjectiveShortForm	AdjectiveShortFlectional	NounProperGeneral	NounProperSurNameFlective	NounProperTown	NounProperName	AdjectiveProper	NounProperPatronymic	NounProperNameDimin	AbbrProperGeneral	NounProperSurNameForeign	NormalNumberParadigm	FullRealization
59	0	В	В	285166	285165	Animate	Inanimate	Inanimate	Inanimate	Reflexive	FullReflexivity	NonReflexive	ImperfectiveReflexivity	Reflexive	FullReflexivity	NonReflexive	ImperfectiveReflexivity	Reflexive	FullReflexivity	NonReflexive	ImperfectiveReflexivity	NormalMorphForm	NormalMorphForm	NormalMorphForm	NormalMorphForm	DefectOne	DefectTwo	Byt	DefectThree	DefectFour	DefectOne	DefectTwo	Byt	DefectThree	DefectFour	DefectOne	DefectTwo	Byt	DefectThree	DefectFour	GTInvariable	GTNoun	GTNoun	NotEllipted	NotEllipted	NotEllipted	NotEllipted	VocalForm	NForm	VocalForm	NForm	VocalForm	NForm	NotControlled	NotControlled	NotControlled	NotControlled	ZeroTypeOfCoordination	ZeroTypeOfCoordination	ZeroTypeOfCoordination	ZeroTypeOfCoordination	Composite_ski	Composite_iko	Composite_sko	NoCompositeness	Composite_o	Composite_e	Composite_usek	Composite_null	Composite_Numeral	Composite_cko	Composite_cki	Composite_ComplexNumeral	Composite_NumeralFull	Composite_NumeralShort	NoCompositeness	NoCompositeness	DegreeComparative	DegreePositive	DegreeSuperlative	DegreeComparative	DegreePositive	DegreeSuperlative	DegreeComparative	DegreePositive	DegreeSuperlative	Adverb_Un_Hyphen	Adverb_With_Hyphen	Adverb_Un_Hyphen	Adverb_With_Hyphen	Adverb_Un_Hyphen	Adverb_With_Hyphen	DeclensionAdjectival	DeclensionNominal	DeclensionMixed	Indeclinable	Indeclinable	Indeclinable	Comp_Suffixoid	Un_Comp_Suf	Comp_Suffixoid_Num_OJ	Comp_Suffixoid_Num_YJ	Comp_Suffixoid_Num_IJ	Comp_Suffixoid_Num_J	Comp_PunctuatorPost	Comp_PunctuatorPref	Comp_PunctuatorPostSeparable	Comp_PunctuatorPrefSeparable	Comp_Prefixoid	Comp_Suffixoid_Num_PercentYJ	Comp_Noun	Comp_Suffixoid_Chem	Comp_Adj	Comp_SuffixoidAbbr	Comp_PunctuatorPostSeparable	Comp_PunctuatorPostSeparable	BiAspectual	MonoAspectual	Paired	BiAspectual	MonoAspectual	Paired	BiAspectual	MonoAspectual	Paired	FullSynthComparison	NoSynthComparative	NoSynthSuperlative	OnlySuperlative	FullSynthComparison	NoSynthComparative	NoSynthSuperlative	OnlySuperlative	FullSynthComparison	NoSynthComparative	NoSynthSuperlative	OnlySuperlative	MOne	MTwo	MThree	MOne	MTwo	MThree	MOne	MTwo	MThree	NormalClassifyingCapitalization	NormalClassifyingCapitalization	NormalClassifyingCapitalization	NormalClassifyingCapitalization	Future	Past	Present	Future	Past	Present	Future	Past	Present	Preposition	Noun	Noun	ZeroDoubleConjunct	ZeroDoubleConjunct	ZeroDoubleConjunct	ZeroDoubleConjunct	NotCommonChild	NotCommonChild	NotCommonChild	NotCommonChild	Accusative	Dative	Genitive	Instrumental	Locative	Nominative	Partitive	Prepositional	DativeSpecial	ZeroCase	Vocative	Accusative	Dative	Genitive	Instrumental	Locative	Nominative	Partitive	Prepositional	Accusative	Dative	Genitive	Instrumental	Locative	Nominative	Partitive	Prepositional	RCDemonstrative	RCAttributive	RCPossessive	RCIndefinite	RCPersonal	RCInterrogative	RCNegative	RCReflexive	RCNoun	RCDemonstrative	RCAttributive	RCPossessive	RCIndefinite	RCPersonal	RCInterrogative	RCNegative	RCReflexive	RCNoun	RCDemonstrative	RCAttributive	RCPossessive	RCIndefinite	RCPersonal	RCInterrogative	RCNegative	RCReflexive	RCNoun	NoPlacement	NoPlacement	NoPlacement	NoPlacement	Imperfective	Perfective	Imperfective	Perfective	Imperfective	Perfective	NotDefaultFiller	NotDefaultFiller	NotDefaultFiller	NotDefaultFiller	Feminine	Masculine	Neuter	Common	Masculine	Feminine	Masculine	Neuter	Common	NoLeftmostPlacement	NoLeftmostPlacement	NoLeftmostPlacement	NoLeftmostPlacement	Iterat	UnIterat	Iterat	UnIterat	Iterat	UnIterat	NoRightmostPlacement	NoRightmostPlacement	NoRightmostPlacement	NoRightmostPlacement	NotLeftConjunct	NotLeftConjunct	NotLeftConjunct	NotLeftConjunct	PersonFirst	PersonSecond	PersonThird	PersonZero	PersonFirst	PersonSecond	PersonThird	PersonZero	PersonFirst	PersonSecond	PersonThird	PersonZero	Active	VoiceSya	Passive	Active	VoiceSya	Passive	Active	VoiceSya	Passive	VerbIntransitive	VerbIntransitiveSpecial	VerbTransitive	VerbTransitiveSpecial	VerbIntransitive	VerbIntransitiveSpecial	VerbTransitive	VerbTransitiveSpecial	VerbIntransitive	VerbIntransitiveSpecial	VerbTransitive	VerbTransitiveSpecial	NotRightConjunct	NotRightConjunct	NotRightConjunct	NotRightConjunct	NoSpecialCaseForm	Locative_u	Genitive_u	Plural_consonant	Genitive_Locative_u	GenitivePlural_Zero	NominativePlural_a	SpecialPlual	SpecialVocative	NoSpecialCaseForm	Locative_u	Genitive_u	Plural_consonant	Genitive_Locative_u	GenitivePlural_Zero	NominativePlural_a	SpecialPlual	SpecialVocative	NoSpecialCaseForm	Locative_u	Genitive_u	Plural_consonant	Genitive_Locative_u	GenitivePlural_Zero	NominativePlural_a	SpecialPlual	SpecialVocative	NoContrast	NoContrast	NoContrast	NoContrast	NormalCapitalization	NormalCapitalization	NormalCapitalization	NormalCapitalization	PO_Prefixoid	Rus_Prefixoid	VPOL_Prefixoid	NE_Prefixoid	Eval_Prefixoid	Intern_Prefixoid	Reduced_Prefixoid	InternHy_Prefixoid	Letter_Prefixoid	BEZ_Prefixoid	BES_Prefixoid	BEZer_Prefixoid	V_Prefixoid	InternModEr_Prefixoid	RusHy_Prefixoid	NAI_Prefixoid	POL_Prefixoid	NI_Prefixoid	KOE_Prefixoid	Intern_ReducedPrefixoid	InternMod_Prefixoid	Chem_Prefixoid	ProperNamePrefixoid	Chemical_Possible	PO_Prefixoid	Rus_Prefixoid	VPOL_Prefixoid	NE_Prefixoid	Eval_Prefixoid	Intern_Prefixoid	Reduced_Prefixoid	InternHy_Prefixoid	Letter_Prefixoid	BEZ_Prefixoid	BES_Prefixoid	BEZer_Prefixoid	V_Prefixoid	InternModEr_Prefixoid	RusHy_Prefixoid	NAI_Prefixoid	POL_Prefixoid	NI_Prefixoid	KOE_Prefixoid	Intern_ReducedPrefixoid	InternMod_Prefixoid	Chem_Prefixoid	ProperNamePrefixoid	Chemical_Possible	PO_Prefixoid	Rus_Prefixoid	VPOL_Prefixoid	NE_Prefixoid	Eval_Prefixoid	Intern_Prefixoid	Reduced_Prefixoid	InternHy_Prefixoid	Letter_Prefixoid	BEZ_Prefixoid	BES_Prefixoid	BEZer_Prefixoid	V_Prefixoid	InternModEr_Prefixoid	RusHy_Prefixoid	NAI_Prefixoid	POL_Prefixoid	NI_Prefixoid	KOE_Prefixoid	Intern_ReducedPrefixoid	InternMod_Prefixoid	Chem_Prefixoid	ProperNamePrefixoid	Chemical_Possible	ParticipleFullForm	ParticipleShortForm	ParticipleFullForm	ParticipleShortForm	ParticipleFullForm	ParticipleShortForm	Plural	Singular	Plural	Singular	Plural	Singular	FiveAndMore	Three	Four	Two	SevenEight	FiveAndMore	Three	Four	Two	SevenEight	FiveAndMore	Three	Four	Two	SevenEight	AdjectiveFullForm	AdjectiveShortForm	AdjectiveShortFlectional	AdjectiveFullForm	AdjectiveShortForm	AdjectiveShortFlectional	AdjectiveFullForm	AdjectiveShortForm	AdjectiveShortFlectional	NounProperGeneral	NounProperSurNameFlective	NounProperTown	NounProperName	AdjectiveProper	NounProperPatronymic	NounProperNameDimin	AbbrProperGeneral	NounProperSurNameForeign	NounProperGeneral	NounProperSurNameFlective	NounProperTown	NounProperName	AdjectiveProper	NounProperPatronymic	NounProperNameDimin	AbbrProperGeneral	NounProperSurNameForeign	NounProperGeneral	NounProperSurNameFlective	NounProperTown	NounProperName	AdjectiveProper	NounProperPatronymic	NounProperNameDimin	AbbrProperGeneral	NounProperSurNameForeign	NormalNumberParadigm	NormalNumberParadigm	NormalNumberParadigm	NormalNumberParadigm	FullRealization	FullRealization	FullRealization	FullRealization
59	2	2005	2005	285167	285165	ZeroTypeOfCoordination	NoPlacement	NormalCapitalization	NotDefaultFiller	NoContrast	NoLeftmostPlacement	FullRealization	NoRightmostPlacement	NormalNumberParadigm	NotLeftConjunct	NormalClassifyingCapitalization	ZeroDoubleConjunct	NotCommonChild	NotEllipted	NormalMorphForm	NotControlled	NotRightConjunct
59	7	году	году	285165	285164	Inanimate	Reflexive	FullReflexivity	NonReflexive	ImperfectiveReflexivity	NormalMorphForm	DefectOne	DefectTwo	Byt	DefectThree	DefectFour	GTNoun	NotEllipted	VocalForm	NForm	NotControlled	ZeroTypeOfCoordination	NoCompositeness	DegreeComparative	DegreePositive	DegreeSuperlative	Adverb_Un_Hyphen	Adverb_With_Hyphen	DeclensionNominal	Un_Comp_Suf	BiAspectual	MonoAspectual	Paired	FullSynthComparison	NoSynthComparative	NoSynthSuperlative	OnlySuperlative	MOne	MTwo	MThree	NormalClassifyingCapitalization	Future	Past	Present	Noun	ZeroDoubleConjunct	NotCommonChild	Dative	Locative	Partitive	RCDemonstrative	RCAttributive	RCPossessive	RCIndefinite	RCPersonal	RCInterrogative	RCNegative	RCReflexive	RCNoun	NoPlacement	Imperfective	Perfective	NotDefaultFiller	Masculine	NoLeftmostPlacement	Iterat	UnIterat	NoRightmostPlacement	NotLeftConjunct	PersonFirst	PersonSecond	PersonThird	PersonZero	Active	VoiceSya	Passive	VerbIntransitive	VerbIntransitiveSpecial	VerbTransitive	VerbTransitiveSpecial	NotRightConjunct	NoSpecialCaseForm	NoContrast	NormalCapitalization	PO_Prefixoid	Rus_Prefixoid	VPOL_Prefixoid	NE_Prefixoid	Eval_Prefixoid	Intern_Prefixoid	Reduced_Prefixoid	InternHy_Prefixoid	Letter_Prefixoid	BEZ_Prefixoid	BES_Prefixoid	BEZer_Prefixoid	V_Prefixoid	InternModEr_Prefixoid	RusHy_Prefixoid	NAI_Prefixoid	POL_Prefixoid	NI_Prefixoid	KOE_Prefixoid	Intern_ReducedPrefixoid	InternMod_Prefixoid	Chem_Prefixoid	ProperNamePrefixoid	Chemical_Possible	ParticipleFullForm	ParticipleShortForm	Singular	FiveAndMore	Three	Four	Two	SevenEight	AdjectiveFullForm	AdjectiveShortForm	AdjectiveShortFlectional	NounProperGeneral	NounProperSurNameFlective	NounProperTown	NounProperName	AdjectiveProper	NounProperPatronymic	NounProperNameDimin	AbbrProperGeneral	NounProperSurNameForeign	NormalNumberParadigm	NonCountForm	FullRealization
59	13	по	по	285169	285168	Animate	Inanimate	Reflexive	FullReflexivity	NonReflexive	ImperfectiveReflexivity	NormalMorphForm	DefectOne	DefectTwo	Byt	DefectThree	DefectFour	GTInvariable	NotEllipted	VocalForm	NForm	NotControlled	ZeroTypeOfCoordination	Composite_ski	Composite_iko	Composite_sko	NoCompositeness	Composite_o	Composite_e	Composite_usek	Composite_null	Composite_Numeral	Composite_cko	Composite_cki	Composite_ComplexNumeral	Composite_NumeralFull	Composite_NumeralShort	DegreeComparative	DegreePositive	DegreeSuperlative	Adverb_Un_Hyphen	Adverb_With_Hyphen	DeclensionAdjectival	DeclensionNominal	DeclensionMixed	Indeclinable	Comp_Suffixoid	Un_Comp_Suf	Comp_Suffixoid_Num_OJ	Comp_Suffixoid_Num_YJ	Comp_Suffixoid_Num_IJ	Comp_Suffixoid_Num_J	Comp_PunctuatorPost	Comp_PunctuatorPref	Comp_PunctuatorPostSeparable	Comp_PunctuatorPrefSeparable	Comp_Prefixoid	Comp_Suffixoid_Num_PercentYJ	Comp_Noun	Comp_Suffixoid_Chem	Comp_Adj	Comp_SuffixoidAbbr	BiAspectual	MonoAspectual	Paired	FullSynthComparison	NoSynthComparative	NoSynthSuperlative	OnlySuperlative	MOne	MTwo	MThree	NormalClassifyingCapitalization	Future	Past	Present	Preposition	ZeroDoubleConjunct	NotCommonChild	Accusative	Dative	Genitive	Instrumental	Locative	Nominative	Partitive	Prepositional	DativeSpecial	ZeroCase	Vocative	RCDemonstrative	RCAttributive	RCPossessive	RCIndefinite	RCPersonal	RCInterrogative	RCNegative	RCReflexive	RCNoun	NoPlacement	Imperfective	Perfective	NotDefaultFiller	Feminine	Masculine	Neuter	Common	NoLeftmostPlacement	Iterat	UnIterat	NoRightmostPlacement	NotLeftConjunct	PersonFirst	PersonSecond	PersonThird	PersonZero	Active	VoiceSya	Passive	VerbIntransitive	VerbIntransitiveSpecial	VerbTransitive	VerbTransitiveSpecial	NotRightConjunct	NoSpecialCaseForm	Locative_u	Genitive_u	Plural_consonant	Genitive_Locative_u	GenitivePlural_Zero	NominativePlural_a	SpecialPlual	SpecialVocative	NoContrast	NormalCapitalization	PO_Prefixoid	Rus_Prefixoid	VPOL_Prefixoid	NE_Prefixoid	Eval_Prefixoid	Intern_Prefixoid	Reduced_Prefixoid	InternHy_Prefixoid	Letter_Prefixoid	BEZ_Prefixoid	BES_Prefixoid	BEZer_Prefixoid	V_Prefixoid	InternModEr_Prefixoid	RusHy_Prefixoid	NAI_Prefixoid	POL_Prefixoid	NI_Prefixoid	KOE_Prefixoid	Intern_ReducedPrefixoid	InternMod_Prefixoid	Chem_Prefixoid	ProperNamePrefixoid	Chemical_Possible	ParticipleFullForm	ParticipleShortForm	Plural	Singular	FiveAndMore	Three	Four	Two	SevenEight	AdjectiveFullForm	AdjectiveShortForm	AdjectiveShortFlectional	NounProperGeneral	NounProperSurNameFlective	NounProperTown	NounProperName	AdjectiveProper	NounProperPatronymic	NounProperNameDimin	AbbrProperGeneral	NounProperSurNameForeign	NormalNumberParadigm	FullRealization
59	16	другим	другим	285170	285168	Animate	Inanimate	Reflexive	FullReflexivity	NonReflexive	ImperfectiveReflexivity	NormalMorphForm	DefectOne	DefectTwo	Byt	DefectThree	DefectFour	GTAdjectiveAttributive	NotEllipted	VocalForm	NForm	NotControlled	ZeroTypeOfCoordination	Composite_ski	Composite_iko	Composite_sko	NoCompositeness	Composite_o	Composite_e	Composite_usek	Composite_null	Composite_Numeral	Composite_cko	Composite_cki	Composite_ComplexNumeral	Composite_NumeralFull	Composite_NumeralShort	DegreeComparative	DegreePositive	DegreeSuperlative	Adverb_Un_Hyphen	Adverb_With_Hyphen	DeclensionAdjectival	DeclensionNominal	DeclensionMixed	Indeclinable	Comp_Suffixoid	Un_Comp_Suf	Comp_Suffixoid_Num_OJ	Comp_Suffixoid_Num_YJ	Comp_Suffixoid_Num_IJ	Comp_Suffixoid_Num_J	Comp_PunctuatorPost	Comp_PunctuatorPref	Comp_PunctuatorPostSeparable	Comp_PunctuatorPrefSeparable	Comp_Prefixoid	Comp_Suffixoid_Num_PercentYJ	Comp_Noun	Comp_Suffixoid_Chem	Comp_Adj	Comp_SuffixoidAbbr	BiAspectual	MonoAspectual	Paired	FullSynthComparison	NoSynthComparative	NoSynthSuperlative	OnlySuperlative	MOne	MTwo	MThree	NormalClassifyingCapitalization	Future	Past	Present	Pronoun	ZeroDoubleConjunct	NotCommonChild	Dative	Instrumental	RCAttributive	NoPlacement	Imperfective	Perfective	NotDefaultFiller	Feminine	Masculine	Neuter	Common	NoLeftmostPlacement	Iterat	UnIterat	NoRightmostPlacement	NotLeftConjunct	PersonFirst	PersonSecond	PersonThird	PersonZero	Active	VoiceSya	Passive	VerbIntransitive	VerbIntransitiveSpecial	VerbTransitive	VerbTransitiveSpecial	NotRightConjunct	NoSpecialCaseForm	Locative_u	Genitive_u	Plural_consonant	Genitive_Locative_u	GenitivePlural_Zero	NominativePlural_a	SpecialPlual	SpecialVocative	NoContrast	NormalCapitalization	PO_Prefixoid	Rus_Prefixoid	VPOL_Prefixoid	NE_Prefixoid	Eval_Prefixoid	Intern_Prefixoid	Reduced_Prefixoid	InternHy_Prefixoid	Letter_Prefixoid	BEZ_Prefixoid	BES_Prefixoid	BEZer_Prefixoid	V_Prefixoid	InternModEr_Prefixoid	RusHy_Prefixoid	NAI_Prefixoid	POL_Prefixoid	NI_Prefixoid	KOE_Prefixoid	Intern_ReducedPrefixoid	InternMod_Prefixoid	Chem_Prefixoid	ProperNamePrefixoid	Chemical_Possible	ParticipleFullForm	ParticipleShortForm	Plural	Singular	FiveAndMore	Three	Four	Two	SevenEight	AdjectiveFullForm	NounProperGeneral	NounProperSurNameFlective	NounProperTown	NounProperName	AdjectiveProper	NounProperPatronymic	NounProperNameDimin	AbbrProperGeneral	NounProperSurNameForeign	NormalNumberParadigm	FullRealization
59	23	данным	данным	285168	285164	Inanimate	Animate	Inanimate	Reflexive	FullReflexivity	NonReflexive	ImperfectiveReflexivity	FullReflexivity	NormalMorphForm	NormalMorphForm	DefectOne	DefectTwo	Byt	DefectThree	DefectFour	DefectOne	DefectTwo	Byt	DefectThree	DefectFour	GTNoun	GTParticiple	NotEllipted	NotEllipted	VocalForm	NForm	VocalForm	NForm	NotControlled	NotControlled	ZeroTypeOfCoordination	ZeroTypeOfCoordination	NoCompositeness	Composite_ski	Composite_iko	Composite_sko	NoCompositeness	Composite_o	Composite_e	Composite_usek	Composite_null	Composite_Numeral	Composite_cko	Composite_cki	Composite_ComplexNumeral	Composite_NumeralFull	Composite_NumeralShort	DegreeComparative	DegreePositive	DegreeSuperlative	DegreeComparative	DegreePositive	DegreeSuperlative	Adverb_Un_Hyphen	Adverb_With_Hyphen	Adverb_Un_Hyphen	Adverb_With_Hyphen	DeclensionAdjectival	DeclensionAdjectival	DeclensionNominal	DeclensionMixed	Indeclinable	Un_Comp_Suf	Comp_Suffixoid	Un_Comp_Suf	Comp_Suffixoid_Num_OJ	Comp_Suffixoid_Num_YJ	Comp_Suffixoid_Num_IJ	Comp_Suffixoid_Num_J	Comp_PunctuatorPost	Comp_PunctuatorPref	Comp_PunctuatorPostSeparable	Comp_PunctuatorPrefSeparable	Comp_Prefixoid	Comp_Suffixoid_Num_PercentYJ	Comp_Noun	Comp_Suffixoid_Chem	Comp_Adj	Comp_SuffixoidAbbr	BiAspectual	MonoAspectual	Paired	Paired	FullSynthComparison	NoSynthComparative	NoSynthSuperlative	OnlySuperlative	FullSynthComparison	NoSynthComparative	NoSynthSuperlative	OnlySuperlative	MOne	MTwo	MThree	MOne	MTwo	MThree	NormalClassifyingCapitalization	NormalClassifyingCapitalization	Future	Past	Present	Past	Noun	Verb	ZeroDoubleConjunct	ZeroDoubleConjunct	NotCommonChild	NotCommonChild	Dative	Dative	Instrumental	RCDemonstrative	RCAttributive	RCPossessive	RCIndefinite	RCPersonal	RCInterrogative	RCNegative	RCReflexive	RCNoun	RCDemonstrative	RCAttributive	RCPossessive	RCIndefinite	RCPersonal	RCInterrogative	RCNegative	RCReflexive	RCNoun	NoPlacement	NoPlacement	Imperfective	Perfective	Perfective	NotDefaultFiller	NotDefaultFiller	Feminine	Masculine	Neuter	Common	Feminine	Masculine	Neuter	Common	NoLeftmostPlacement	NoLeftmostPlacement	Iterat	UnIterat	UnIterat	NoRightmostPlacement	NoRightmostPlacement	NotLeftConjunct	NotLeftConjunct	PersonFirst	PersonSecond	PersonThird	PersonZero	PersonFirst	PersonSecond	PersonThird	PersonZero	Active	VoiceSya	Passive	Passive	VerbIntransitive	VerbIntransitiveSpecial	VerbTransitive	VerbTransitiveSpecial	VerbTransitive	NotRightConjunct	NotRightConjunct	NoSpecialCaseForm	NoSpecialCaseForm	Locative_u	Genitive_u	Plural_consonant	Genitive_Locative_u	GenitivePlural_Zero	NominativePlural_a	SpecialPlual	SpecialVocative	NoContrast	NoContrast	NormalCapitalization	NormalCapitalization	PO_Prefixoid	Rus_Prefixoid	VPOL_Prefixoid	NE_Prefixoid	Eval_Prefixoid	Intern_Prefixoid	Reduced_Prefixoid	InternHy_Prefixoid	Letter_Prefixoid	BEZ_Prefixoid	BES_Prefixoid	BEZer_Prefixoid	V_Prefixoid	InternModEr_Prefixoid	RusHy_Prefixoid	NAI_Prefixoid	POL_Prefixoid	NI_Prefixoid	KOE_Prefixoid	Intern_ReducedPrefixoid	InternMod_Prefixoid	Chem_Prefixoid	ProperNamePrefixoid	Chemical_Possible	PO_Prefixoid	Rus_Prefixoid	VPOL_Prefixoid	NE_Prefixoid	Eval_Prefixoid	Intern_Prefixoid	Reduced_Prefixoid	InternHy_Prefixoid	Letter_Prefixoid	BEZ_Prefixoid	BES_Prefixoid	BEZer_Prefixoid	V_Prefixoid	InternModEr_Prefixoid	RusHy_Prefixoid	NAI_Prefixoid	POL_Prefixoid	NI_Prefixoid	KOE_Prefixoid	Intern_ReducedPrefixoid	InternMod_Prefixoid	Chem_Prefixoid	ProperNamePrefixoid	Chemical_Possible	ParticipleFullForm	ParticipleShortForm	ParticipleFullForm	Plural	Plural	Singular	FiveAndMore	Three	Four	Two	SevenEight	FiveAndMore	Three	Four	Two	SevenEight	AdjectiveFullForm	AdjectiveShortForm	AdjectiveShortFlectional	AdjectiveFullForm	AdjectiveShortForm	AdjectiveShortFlectional	NounProperGeneral	NounProperSurNameFlective	NounProperTown	NounProperName	AdjectiveProper	NounProperPatronymic	NounProperNameDimin	AbbrProperGeneral	NounProperSurNameForeign	NounProperGeneral	NounProperSurNameFlective	NounProperTown	NounProperName	AdjectiveProper	NounProperPatronymic	NounProperNameDimin	AbbrProperGeneral	NounProperSurNameForeign	PluraliaTantum	NormalNumberParadigm	FullRealization	FullRealization
59	31	еще	еще	285172	285171	Animate	Inanimate	Reflexive	FullReflexivity	NonReflexive	ImperfectiveReflexivity	NormalMorphForm	DefectOne	DefectTwo	Byt	DefectThree	DefectFour	GTAdverb	NotEllipted	VocalForm	NForm	NotControlled	ZeroTypeOfCoordination	Composite_ski	Composite_iko	Composite_sko	NoCompositeness	Composite_o	Composite_e	Composite_usek	Composite_null	Composite_Numeral	Composite_cko	Composite_cki	Composite_ComplexNumeral	Composite_NumeralFull	Composite_NumeralShort	DegreePositive	Adverb_Un_Hyphen	DeclensionAdjectival	DeclensionNominal	DeclensionMixed	Indeclinable	Comp_Suffixoid	Un_Comp_Suf	Comp_Suffixoid_Num_OJ	Comp_Suffixoid_Num_YJ	Comp_Suffixoid_Num_IJ	Comp_Suffixoid_Num_J	Comp_PunctuatorPost	Comp_PunctuatorPref	Comp_PunctuatorPostSeparable	Comp_PunctuatorPrefSeparable	Comp_Prefixoid	Comp_Suffixoid_Num_PercentYJ	Comp_Noun	Comp_Suffixoid_Chem	Comp_Adj	Comp_SuffixoidAbbr	BiAspectual	MonoAspectual	Paired	NoSynthComparative	MOne	MTwo	MThree	NormalClassifyingCapitalization	Future	Past	Present	Adverb	ZeroDoubleConjunct	NotCommonChild	Accusative	Dative	Genitive	Instrumental	Locative	Nominative	Partitive	Prepositional	DativeSpecial	ZeroCase	Vocative	RCDemonstrative	RCAttributive	RCPossessive	RCIndefinite	RCPersonal	RCInterrogative	RCNegative	RCReflexive	RCNoun	NoPlacement	Imperfective	Perfective	NotDefaultFiller	Feminine	Masculine	Neuter	Common	NoLeftmostPlacement	Iterat	UnIterat	NoRightmostPlacement	NotLeftConjunct	PersonFirst	PersonSecond	PersonThird	PersonZero	Active	VoiceSya	Passive	VerbIntransitive	VerbIntransitiveSpecial	VerbTransitive	VerbTransitiveSpecial	NotRightConjunct	NoSpecialCaseForm	Locative_u	Genitive_u	Plural_consonant	Genitive_Locative_u	GenitivePlural_Zero	NominativePlural_a	SpecialPlual	SpecialVocative	NoContrast	NormalCapitalization	PO_Prefixoid	Rus_Prefixoid	VPOL_Prefixoid	NE_Prefixoid	Eval_Prefixoid	Intern_Prefixoid	Reduced_Prefixoid	InternHy_Prefixoid	Letter_Prefixoid	BEZ_Prefixoid	BES_Prefixoid	BEZer_Prefixoid	V_Prefixoid	InternModEr_Prefixoid	RusHy_Prefixoid	NAI_Prefixoid	POL_Prefixoid	NI_Prefixoid	KOE_Prefixoid	Intern_ReducedPrefixoid	InternMod_Prefixoid	Chem_Prefixoid	ProperNamePrefixoid	Chemical_Possible	ParticipleFullForm	ParticipleShortForm	Plural	Singular	FiveAndMore	Three	Four	Two	SevenEight	AdjectiveFullForm	AdjectiveShortForm	AdjectiveShortFlectional	NounProperGeneral	NounProperSurNameFlective	NounProperTown	NounProperName	AdjectiveProper	NounProperPatronymic	NounProperNameDimin	AbbrProperGeneral	NounProperSurNameForeign	NormalNumberParadigm	FullRealization
59	35	в	в	285173	285171	Animate	Inanimate	Inanimate	Reflexive	FullReflexivity	NonReflexive	ImperfectiveReflexivity	Reflexive	FullReflexivity	NonReflexive	ImperfectiveReflexivity	NormalMorphForm	NormalMorphForm	DefectOne	DefectTwo	Byt	DefectThree	DefectFour	DefectOne	DefectTwo	Byt	DefectThree	DefectFour	GTInvariable	GTNoun	NotEllipted	NotEllipted	VocalForm	NForm	VocalForm	NForm	NotControlled	NotControlled	ZeroTypeOfCoordination	ZeroTypeOfCoordination	Composite_ski	Composite_iko	Composite_sko	NoCompositeness	Composite_o	Composite_e	Composite_usek	Composite_null	Composite_Numeral	Composite_cko	Composite_cki	Composite_ComplexNumeral	Composite_NumeralFull	Composite_NumeralShort	NoCompositeness	DegreeComparative	DegreePositive	DegreeSuperlative	DegreeComparative	DegreePositive	DegreeSuperlative	Adverb_Un_Hyphen	Adverb_With_Hyphen	Adverb_Un_Hyphen	Adverb_With_Hyphen	DeclensionAdjectival	DeclensionNominal	DeclensionMixed	Indeclinable	Indeclinable	Comp_Suffixoid	Un_Comp_Suf	Comp_Suffixoid_Num_OJ	Comp_Suffixoid_Num_YJ	Comp_Suffixoid_Num_IJ	Comp_Suffixoid_Num_J	Comp_PunctuatorPost	Comp_PunctuatorPref	Comp_PunctuatorPostSeparable	Comp_PunctuatorPrefSeparable	Comp_Prefixoid	Comp_Suffixoid_Num_PercentYJ	Comp_Noun	Comp_Suffixoid_Chem	Comp_Adj	Comp_SuffixoidAbbr	Comp_PunctuatorPostSeparable	BiAspectual	MonoAspectual	Paired	BiAspectual	MonoAspectual	Paired	FullSynthComparison	NoSynthComparative	NoSynthSuperlative	OnlySuperlative	FullSynthComparison	NoSynthComparative	NoSynthSuperlative	OnlySuperlative	MOne	MTwo	MThree	MOne	MTwo	MThree	NormalClassifyingCapitalization	NormalClassifyingCapitalization	Future	Past	Present	Future	Past	Present	Preposition	Noun	ZeroDoubleConjunct	ZeroDoubleConjunct	NotCommonChild	NotCommonChild	Accusative	Dative	Genitive	Instrumental	Locative	Nominative	Partitive	Prepositional	DativeSpecial	ZeroCase	Vocative	Accusative	Dative	Genitive	Instrumental	Locative	Nominative	Partitive	Prepositional	RCDemonstrative	RCAttributive	RCPossessive	RCIndefinite	RCPersonal	RCInterrogative	RCNegative	RCReflexive	RCNoun	RCDemonstrative	RCAttributive	RCPossessive	RCIndefinite	RCPersonal	RCInterrogative	RCNegative	RCReflexive	RCNoun	NoPlacement	NoPlacement	Imperfective	Perfective	Imperfective	Perfective	NotDefaultFiller	NotDefaultFiller	Feminine	Masculine	Neuter	Common	Masculine	NoLeftmostPlacement	NoLeftmostPlacement	Iterat	UnIterat	Iterat	UnIterat	NoRightmostPlacement	NoRightmostPlacement	NotLeftConjunct	NotLeftConjunct	PersonFirst	PersonSecond	PersonThird	PersonZero	PersonFirst	PersonSecond	PersonThird	PersonZero	Active	VoiceSya	Passive	Active	VoiceSya	Passive	VerbIntransitive	VerbIntransitiveSpecial	VerbTransitive	VerbTransitiveSpecial	VerbIntransitive	VerbIntransitiveSpecial	VerbTransitive	VerbTransitiveSpecial	NotRightConjunct	NotRightConjunct	NoSpecialCaseForm	Locative_u	Genitive_u	Plural_consonant	Genitive_Locative_u	GenitivePlural_Zero	NominativePlural_a	SpecialPlual	SpecialVocative	NoSpecialCaseForm	Locative_u	Genitive_u	Plural_consonant	Genitive_Locative_u	GenitivePlural_Zero	NominativePlural_a	SpecialPlual	SpecialVocative	NoContrast	NoContrast	NormalCapitalization	NormalCapitalization	PO_Prefixoid	Rus_Prefixoid	VPOL_Prefixoid	NE_Prefixoid	Eval_Prefixoid	Intern_Prefixoid	Reduced_Prefixoid	InternHy_Prefixoid	Letter_Prefixoid	BEZ_Prefixoid	BES_Prefixoid	BEZer_Prefixoid	V_Prefixoid	InternModEr_Prefixoid	RusHy_Prefixoid	NAI_Prefixoid	POL_Prefixoid	NI_Prefixoid	KOE_Prefixoid	Intern_ReducedPrefixoid	InternMod_Prefixoid	Chem_Prefixoid	ProperNamePrefixoid	Chemical_Possible	PO_Prefixoid	Rus_Prefixoid	VPOL_Prefixoid	NE_Prefixoid	Eval_Prefixoid	Intern_Prefixoid	Reduced_Prefixoid	InternHy_Prefixoid	Letter_Prefixoid	BEZ_Prefixoid	BES_Prefixoid	BEZer_Prefixoid	V_Prefixoid	InternModEr_Prefixoid	RusHy_Prefixoid	NAI_Prefixoid	POL_Prefixoid	NI_Prefixoid	KOE_Prefixoid	Intern_ReducedPrefixoid	InternMod_Prefixoid	Chem_Prefixoid	ProperNamePrefixoid	Chemical_Possible	ParticipleFullForm	ParticipleShortForm	ParticipleFullForm	ParticipleShortForm	Plural	Singular	Plural	Singular	FiveAndMore	Three	Four	Two	SevenEight	FiveAndMore	Three	Four	Two	SevenEight	AdjectiveFullForm	AdjectiveShortForm	AdjectiveShortFlectional	AdjectiveFullForm	AdjectiveShortForm	AdjectiveShortFlectional	NounProperGeneral	NounProperSurNameFlective	NounProperTown	NounProperName	AdjectiveProper	NounProperPatronymic	NounProperNameDimin	AbbrProperGeneral	NounProperSurNameForeign	NounProperGeneral	NounProperSurNameFlective	NounProperTown	NounProperName	AdjectiveProper	NounProperPatronymic	NounProperNameDimin	AbbrProperGeneral	NounProperSurNameForeign	NormalNumberParadigm	NormalNumberParadigm	FullRealization	FullRealization
59	37	2004	2004	285171	285164	ZeroTypeOfCoordination	NoPlacement	NormalCapitalization	NotDefaultFiller	NoContrast	NoLeftmostPlacement	FullRealization	NoRightmostPlacement	NormalNumberParadigm	NotLeftConjunct	NormalClassifyingCapitalization	ZeroDoubleConjunct	NotCommonChild	NotEllipted	NormalMorphForm	NotControlled	NotRightConjunct
59	44	Скворцова	Скворцова	285174	285164	Animate	Reflexive	FullReflexivity	NonReflexive	ImperfectiveReflexivity	NormalMorphForm	DefectOne	DefectTwo	Byt	DefectThree	DefectFour	GTNoun	NotEllipted	VocalForm	NForm	NotControlled	ZeroTypeOfCoordination	NoCompositeness	DegreeComparative	DegreePositive	DegreeSuperlative	Adverb_Un_Hyphen	Adverb_With_Hyphen	DeclensionNominal	Un_Comp_Suf	BiAspectual	MonoAspectual	Paired	FullSynthComparison	NoSynthComparative	NoSynthSuperlative	OnlySuperlative	MOne	MTwo	MThree	NormalClassifyingCapitalization	Future	Past	Present	Noun	ZeroDoubleConjunct	NotCommonChild	Accusative	Genitive	Nominative	Partitive	RCDemonstrative	RCAttributive	RCPossessive	RCIndefinite	RCPersonal	RCInterrogative	RCNegative	RCReflexive	RCNoun	NoPlacement	Imperfective	Perfective	NotDefaultFiller	Feminine	Masculine	NoLeftmostPlacement	Iterat	UnIterat	NoRightmostPlacement	NotLeftConjunct	PersonFirst	PersonSecond	PersonThird	PersonZero	Active	VoiceSya	Passive	VerbIntransitive	VerbIntransitiveSpecial	VerbTransitive	VerbTransitiveSpecial	NotRightConjunct	NoSpecialCaseForm	NoContrast	NormalCapitalization	PO_Prefixoid	Rus_Prefixoid	VPOL_Prefixoid	NE_Prefixoid	Eval_Prefixoid	Intern_Prefixoid	Reduced_Prefixoid	InternHy_Prefixoid	Letter_Prefixoid	BEZ_Prefixoid	BES_Prefixoid	BEZer_Prefixoid	V_Prefixoid	InternModEr_Prefixoid	RusHy_Prefixoid	NAI_Prefixoid	POL_Prefixoid	NI_Prefixoid	KOE_Prefixoid	Intern_ReducedPrefixoid	InternMod_Prefixoid	Chem_Prefixoid	ProperNamePrefixoid	Chemical_Possible	ParticipleFullForm	ParticipleShortForm	Singular	FiveAndMore	Three	Four	Two	SevenEight	AdjectiveFullForm	AdjectiveShortForm	AdjectiveShortFlectional	NounProperSurNameFlective	NormalNumberParadigm	FullRealization
59	54	стала	стала	285164	-1	Animate	Inanimate	FullReflexivity	ImperfectiveReflexivity	NormalMorphForm	DefectOne	DefectTwo	Byt	DefectThree	DefectFour	GTVerb	NotEllipted	VocalForm	NForm	NotControlled	ZeroTypeOfCoordination	Composite_ski	Composite_iko	Composite_sko	NoCompositeness	Composite_o	Composite_e	Composite_usek	Composite_null	Composite_Numeral	Composite_cko	Composite_cki	Composite_ComplexNumeral	Composite_NumeralFull	Composite_NumeralShort	DegreeComparative	DegreePositive	DegreeSuperlative	Adverb_Un_Hyphen	Adverb_With_Hyphen	DeclensionAdjectival	DeclensionNominal	DeclensionMixed	Indeclinable	Comp_Suffixoid	Un_Comp_Suf	Comp_Suffixoid_Num_OJ	Comp_Suffixoid_Num_YJ	Comp_Suffixoid_Num_IJ	Comp_Suffixoid_Num_J	Comp_PunctuatorPost	Comp_PunctuatorPref	Comp_PunctuatorPostSeparable	Comp_PunctuatorPrefSeparable	Comp_Prefixoid	Comp_Suffixoid_Num_PercentYJ	Comp_Noun	Comp_Suffixoid_Chem	Comp_Adj	Comp_SuffixoidAbbr	MonoAspectual	Paired	FullSynthComparison	NoSynthComparative	NoSynthSuperlative	OnlySuperlative	MOne	MTwo	MThree	NormalClassifyingCapitalization	Past	Verb	ZeroDoubleConjunct	NotCommonChild	Accusative	Dative	Genitive	Instrumental	Locative	Nominative	Partitive	Prepositional	DativeSpecial	ZeroCase	Vocative	RCDemonstrative	RCAttributive	RCPossessive	RCIndefinite	RCPersonal	RCInterrogative	RCNegative	RCReflexive	RCNoun	NoPlacement	Perfective	NotDefaultFiller	Feminine	NoLeftmostPlacement	UnIterat	NoRightmostPlacement	NotLeftConjunct	PersonFirst	PersonSecond	PersonThird	PersonZero	Active	VerbIntransitive	NotRightConjunct	NoSpecialCaseForm	Locative_u	Genitive_u	Plural_consonant	Genitive_Locative_u	GenitivePlural_Zero	NominativePlural_a	SpecialPlual	SpecialVocative	NoContrast	NormalCapitalization	PO_Prefixoid	Rus_Prefixoid	VPOL_Prefixoid	NE_Prefixoid	Eval_Prefixoid	Intern_Prefixoid	Reduced_Prefixoid	InternHy_Prefixoid	Letter_Prefixoid	BEZ_Prefixoid	BES_Prefixoid	BEZer_Prefixoid	V_Prefixoid	InternModEr_Prefixoid	RusHy_Prefixoid	NAI_Prefixoid	POL_Prefixoid	NI_Prefixoid	KOE_Prefixoid	Intern_ReducedPrefixoid	InternMod_Prefixoid	Chem_Prefixoid	ProperNamePrefixoid	Chemical_Possible	ParticipleFullForm	ParticipleShortForm	Singular	FiveAndMore	Three	Four	Two	SevenEight	AdjectiveFullForm	AdjectiveShortForm	AdjectiveShortFlectional	NounProperGeneral	NounProperSurNameFlective	NounProperTown	NounProperName	AdjectiveProper	NounProperPatronymic	NounProperNameDimin	AbbrProperGeneral	NounProperSurNameForeign	NormalNumberParadigm	FullRealization
59	60	директором	директором	285175	285164	Animate	Inanimate	Reflexive	FullReflexivity	NonReflexive	ImperfectiveReflexivity	NormalMorphForm	DefectOne	DefectTwo	Byt	DefectThree	DefectFour	GTNoun	NotEllipted	VocalForm	NForm	NotControlled	ZeroTypeOfCoordination	NoCompositeness	DegreeComparative	DegreePositive	DegreeSuperlative	Adverb_Un_Hyphen	Adverb_With_Hyphen	DeclensionNominal	Un_Comp_Suf	BiAspectual	MonoAspectual	Paired	FullSynthComparison	NoSynthComparative	NoSynthSuperlative	OnlySuperlative	MOne	MTwo	MThree	NormalClassifyingCapitalization	Future	Past	Present	Noun	ZeroDoubleConjunct	NotCommonChild	Instrumental	RCDemonstrative	RCAttributive	RCPossessive	RCIndefinite	RCPersonal	RCInterrogative	RCNegative	RCReflexive	RCNoun	NoPlacement	Imperfective	Perfective	NotDefaultFiller	Masculine	NoLeftmostPlacement	Iterat	UnIterat	NoRightmostPlacement	NotLeftConjunct	PersonFirst	PersonSecond	PersonThird	PersonZero	Active	VoiceSya	Passive	VerbIntransitive	VerbIntransitiveSpecial	VerbTransitive	VerbTransitiveSpecial	NotRightConjunct	NoSpecialCaseForm	NoContrast	NormalCapitalization	PO_Prefixoid	Rus_Prefixoid	VPOL_Prefixoid	NE_Prefixoid	Eval_Prefixoid	Intern_Prefixoid	Reduced_Prefixoid	InternHy_Prefixoid	Letter_Prefixoid	BEZ_Prefixoid	BES_Prefixoid	BEZer_Prefixoid	V_Prefixoid	InternModEr_Prefixoid	RusHy_Prefixoid	NAI_Prefixoid	POL_Prefixoid	NI_Prefixoid	KOE_Prefixoid	Intern_ReducedPrefixoid	InternMod_Prefixoid	Chem_Prefixoid	ProperNamePrefixoid	Chemical_Possible	ParticipleFullForm	ParticipleShortForm	Singular	FiveAndMore	Three	Four	Two	SevenEight	AdjectiveFullForm	AdjectiveShortForm	AdjectiveShortFlectional	NounProperGeneral	NounProperSurNameFlective	NounProperTown	NounProperName	AdjectiveProper	NounProperPatronymic	NounProperNameDimin	AbbrProperGeneral	NounProperSurNameForeign	NormalNumberParadigm	FullRealization
59	71	Научно	Научно	285178	285177	Animate	Inanimate	Animate	Inanimate	Reflexive	FullReflexivity	NonReflexive	ImperfectiveReflexivity	Reflexive	FullReflexivity	NonReflexive	ImperfectiveReflexivity	NormalMorphForm	NormalMorphForm	NormalMorphForm	DefectOne	DefectTwo	Byt	DefectThree	DefectFour	DefectOne	DefectTwo	Byt	DefectThree	DefectFour	GTAdjective	GTAdverb	NotEllipted	NotEllipted	NotEllipted	VocalForm	NForm	VocalForm	NForm	NotControlled	NotControlled	NotControlled	ZeroTypeOfCoordination	ZeroTypeOfCoordination	ZeroTypeOfCoordination	NoCompositeness	Composite_o	Composite_ski	Composite_iko	Composite_sko	NoCompositeness	Composite_o	Composite_e	Composite_usek	Composite_null	Composite_Numeral	Composite_cko	Composite_cki	Composite_ComplexNumeral	Composite_NumeralFull	Composite_NumeralShort	DegreePositive	DegreePositive	Adverb_Un_Hyphen	Adverb_With_Hyphen	Adverb_Un_Hyphen	DeclensionAdjectival	DeclensionNominal	DeclensionMixed	Indeclinable	DeclensionAdjectival	DeclensionNominal	DeclensionMixed	Indeclinable	Un_Comp_Suf	Comp_Suffixoid	Un_Comp_Suf	Comp_Suffixoid_Num_OJ	Comp_Suffixoid_Num_YJ	Comp_Suffixoid_Num_IJ	Comp_Suffixoid_Num_J	Comp_PunctuatorPost	Comp_PunctuatorPref	Comp_PunctuatorPostSeparable	Comp_PunctuatorPrefSeparable	Comp_Prefixoid	Comp_Suffixoid_Num_PercentYJ	Comp_Noun	Comp_Suffixoid_Chem	Comp_Adj	Comp_SuffixoidAbbr	BiAspectual	MonoAspectual	Paired	BiAspectual	MonoAspectual	Paired	FullSynthComparison	NoSynthComparative	MOne	MTwo	MThree	MOne	MTwo	MThree	NormalClassifyingCapitalization	NormalClassifyingCapitalization	NormalClassifyingCapitalization	Future	Past	Present	Future	Past	Present	Adjective	Adverb	ZeroDoubleConjunct	ZeroDoubleConjunct	ZeroDoubleConjunct	NotCommonChild	NotCommonChild	NotCommonChild	Accusative	Dative	Genitive	Instrumental	Locative	Nominative	Partitive	Prepositional	DativeSpecial	ZeroCase	Vocative	Accusative	Dative	Genitive	Instrumental	Locative	Nominative	Partitive	Prepositional	DativeSpecial	ZeroCase	Vocative	RCDemonstrative	RCAttributive	RCPossessive	RCIndefinite	RCPersonal	RCInterrogative	RCNegative	RCReflexive	RCNoun	RCDemonstrative	RCAttributive	RCPossessive	RCIndefinite	RCPersonal	RCInterrogative	RCNegative	RCReflexive	RCNoun	NoPlacement	NoPlacement	NoPlacement	Imperfective	Perfective	Imperfective	Perfective	NotDefaultFiller	NotDefaultFiller	NotDefaultFiller	Feminine	Masculine	Neuter	Common	Feminine	Masculine	Neuter	Common	NoLeftmostPlacement	NoLeftmostPlacement	NoLeftmostPlacement	Iterat	UnIterat	Iterat	UnIterat	NoRightmostPlacement	NoRightmostPlacement	NoRightmostPlacement	NotLeftConjunct	NotLeftConjunct	NotLeftConjunct	PersonFirst	PersonSecond	PersonThird	PersonZero	PersonFirst	PersonSecond	PersonThird	PersonZero	Active	VoiceSya	Passive	Active	VoiceSya	Passive	VerbIntransitive	VerbIntransitiveSpecial	VerbTransitive	VerbTransitiveSpecial	VerbIntransitive	VerbIntransitiveSpecial	VerbTransitive	VerbTransitiveSpecial	NotRightConjunct	NotRightConjunct	NotRightConjunct	NoSpecialCaseForm	Locative_u	Genitive_u	Plural_consonant	Genitive_Locative_u	GenitivePlural_Zero	NominativePlural_a	SpecialPlual	SpecialVocative	NoSpecialCaseForm	Locative_u	Genitive_u	Plural_consonant	Genitive_Locative_u	GenitivePlural_Zero	NominativePlural_a	SpecialPlual	SpecialVocative	NoContrast	NoContrast	NoContrast	NormalCapitalization	NormalCapitalization	NormalCapitalization	PO_Prefixoid	Rus_Prefixoid	VPOL_Prefixoid	NE_Prefixoid	Eval_Prefixoid	Intern_Prefixoid	Reduced_Prefixoid	InternHy_Prefixoid	Letter_Prefixoid	BEZ_Prefixoid	BES_Prefixoid	BEZer_Prefixoid	V_Prefixoid	InternModEr_Prefixoid	RusHy_Prefixoid	NAI_Prefixoid	POL_Prefixoid	NI_Prefixoid	KOE_Prefixoid	Intern_ReducedPrefixoid	InternMod_Prefixoid	Chem_Prefixoid	ProperNamePrefixoid	Chemical_Possible	PO_Prefixoid	Rus_Prefixoid	VPOL_Prefixoid	NE_Prefixoid	Eval_Prefixoid	Intern_Prefixoid	Reduced_Prefixoid	InternHy_Prefixoid	Letter_Prefixoid	BEZ_Prefixoid	BES_Prefixoid	BEZer_Prefixoid	V_Prefixoid	InternModEr_Prefixoid	RusHy_Prefixoid	NAI_Prefixoid	POL_Prefixoid	NI_Prefixoid	KOE_Prefixoid	Intern_ReducedPrefixoid	InternMod_Prefixoid	Chem_Prefixoid	ProperNamePrefixoid	Chemical_Possible	ParticipleFullForm	ParticipleShortForm	ParticipleFullForm	ParticipleShortForm	Plural	Singular	Plural	Singular	FiveAndMore	Three	Four	Two	SevenEight	FiveAndMore	Three	Four	Two	SevenEight	AdjectiveFullForm	AdjectiveShortForm	AdjectiveShortFlectional	AdjectiveFullForm	AdjectiveShortForm	AdjectiveShortFlectional	NounProperGeneral	NounProperSurNameFlective	NounProperTown	NounProperName	AdjectiveProper	NounProperPatronymic	NounProperNameDimin	AbbrProperGeneral	NounProperSurNameForeign	NounProperGeneral	NounProperSurNameFlective	NounProperTown	NounProperName	AdjectiveProper	NounProperPatronymic	NounProperNameDimin	AbbrProperGeneral	NounProperSurNameForeign	NormalNumberParadigm	NormalNumberParadigm	NormalNumberParadigm	FullRealization	FullRealization	FullRealization
59	78	исследовательского	исследовательского	285177	285176	Animate	Inanimate	Reflexive	FullReflexivity	NonReflexive	ImperfectiveReflexivity	NormalMorphForm	DefectOne	DefectTwo	Byt	DefectThree	DefectFour	GTAdjectiveAttributive	NotEllipted	VocalForm	NForm	NotControlled	ZeroTypeOfCoordination	NoCompositeness	DegreePositive	Adverb_Un_Hyphen	Adverb_With_Hyphen	DeclensionAdjectival	DeclensionNominal	DeclensionMixed	Indeclinable	Un_Comp_Suf	BiAspectual	MonoAspectual	Paired	NoSynthComparative	MOne	MTwo	MThree	NormalClassifyingCapitalization	Future	Past	Present	Adjective	ZeroDoubleConjunct	NotCommonChild	Accusative	Genitive	Partitive	RCDemonstrative	RCAttributive	RCPossessive	RCIndefinite	RCPersonal	RCInterrogative	RCNegative	RCReflexive	RCNoun	NoPlacement	Imperfective	Perfective	NotDefaultFiller	Masculine	Neuter	NoLeftmostPlacement	Iterat	UnIterat	NoRightmostPlacement	NotLeftConjunct	PersonFirst	PersonSecond	PersonThird	PersonZero	Active	VoiceSya	Passive	VerbIntransitive	VerbIntransitiveSpecial	VerbTransitive	VerbTransitiveSpecial	NotRightConjunct	NoSpecialCaseForm	Locative_u	Genitive_u	Plural_consonant	Genitive_Locative_u	GenitivePlural_Zero	NominativePlural_a	SpecialPlual	SpecialVocative	NoContrast	NormalCapitalization	PO_Prefixoid	Rus_Prefixoid	VPOL_Prefixoid	NE_Prefixoid	Eval_Prefixoid	Intern_Prefixoid	Reduced_Prefixoid	InternHy_Prefixoid	Letter_Prefixoid	BEZ_Prefixoid	BES_Prefixoid	BEZer_Prefixoid	V_Prefixoid	InternModEr_Prefixoid	RusHy_Prefixoid	NAI_Prefixoid	POL_Prefixoid	NI_Prefixoid	KOE_Prefixoid	Intern_ReducedPrefixoid	InternMod_Prefixoid	Chem_Prefixoid	ProperNamePrefixoid	Chemical_Possible	ParticipleFullForm	ParticipleShortForm	Singular	FiveAndMore	Three	Four	Two	SevenEight	AdjectiveFullForm	NounProperGeneral	NounProperSurNameFlective	NounProperTown	NounProperName	AdjectiveProper	NounProperPatronymic	NounProperNameDimin	AbbrProperGeneral	NounProperSurNameForeign	NormalNumberParadigm	FullRealization
59	97	института	института	285176	285175	Inanimate	Reflexive	FullReflexivity	NonReflexive	ImperfectiveReflexivity	NormalMorphForm	DefectOne	DefectTwo	Byt	DefectThree	DefectFour	GTNoun	NotEllipted	VocalForm	NForm	NotControlled	ZeroTypeOfCoordination	NoCompositeness	DegreeComparative	DegreePositive	DegreeSuperlative	Adverb_Un_Hyphen	Adverb_With_Hyphen	DeclensionNominal	Un_Comp_Suf	BiAspectual	MonoAspectual	Paired	FullSynthComparison	NoSynthComparative	NoSynthSuperlative	OnlySuperlative	MOne	MTwo	MThree	NormalClassifyingCapitalization	Future	Past	Present	Noun	ZeroDoubleConjunct	NotCommonChild	Genitive	Partitive	RCDemonstrative	RCAttributive	RCPossessive	RCIndefinite	RCPersonal	RCInterrogative	RCNegative	RCReflexive	RCNoun	NoPlacement	Imperfective	Perfective	NotDefaultFiller	Masculine	NoLeftmostPlacement	Iterat	UnIterat	NoRightmostPlacement	NotLeftConjunct	PersonFirst	PersonSecond	PersonThird	PersonZero	Active	VoiceSya	Passive	VerbIntransitive	VerbIntransitiveSpecial	VerbTransitive	VerbTransitiveSpecial	NotRightConjunct	NoSpecialCaseForm	NoContrast	NormalCapitalization	PO_Prefixoid	Rus_Prefixoid	VPOL_Prefixoid	NE_Prefixoid	Eval_Prefixoid	Intern_Prefixoid	Reduced_Prefixoid	InternHy_Prefixoid	Letter_Prefixoid	BEZ_Prefixoid	BES_Prefixoid	BEZer_Prefixoid	V_Prefixoid	InternModEr_Prefixoid	RusHy_Prefixoid	NAI_Prefixoid	POL_Prefixoid	NI_Prefixoid	KOE_Prefixoid	Intern_ReducedPrefixoid	InternMod_Prefixoid	Chem_Prefixoid	ProperNamePrefixoid	Chemical_Possible	ParticipleFullForm	ParticipleShortForm	Singular	FiveAndMore	Three	Four	Two	SevenEight	AdjectiveFullForm	AdjectiveShortForm	AdjectiveShortFlectional	NounProperGeneral	NounProperSurNameFlective	NounProperTown	NounProperName	AdjectiveProper	NounProperPatronymic	NounProperNameDimin	AbbrProperGeneral	NounProperSurNameForeign	NormalNumberParadigm	FullRealization
59	107	инсульта	инсульта	285179	285176	Inanimate	Reflexive	FullReflexivity	NonReflexive	ImperfectiveReflexivity	NormalMorphForm	DefectOne	DefectTwo	Byt	DefectThree	DefectFour	GTNoun	NotEllipted	VocalForm	NForm	NotControlled	ZeroTypeOfCoordination	NoCompositeness	DegreeComparative	DegreePositive	DegreeSuperlative	Adverb_Un_Hyphen	Adverb_With_Hyphen	DeclensionNominal	Un_Comp_Suf	BiAspectual	MonoAspectual	Paired	FullSynthComparison	NoSynthComparative	NoSynthSuperlative	OnlySuperlative	MOne	MTwo	MThree	NormalClassifyingCapitalization	Future	Past	Present	Noun	ZeroDoubleConjunct	NotCommonChild	Genitive	Partitive	RCDemonstrative	RCAttributive	RCPossessive	RCIndefinite	RCPersonal	RCInterrogative	RCNegative	RCReflexive	RCNoun	NoPlacement	Imperfective	Perfective	NotDefaultFiller	Masculine	NoLeftmostPlacement	Iterat	UnIterat	NoRightmostPlacement	NotLeftConjunct	PersonFirst	PersonSecond	PersonThird	PersonZero	Active	VoiceSya	Passive	VerbIntransitive	VerbIntransitiveSpecial	VerbTransitive	VerbTransitiveSpecial	NotRightConjunct	NoSpecialCaseForm	NoContrast	NormalCapitalization	PO_Prefixoid	Rus_Prefixoid	VPOL_Prefixoid	NE_Prefixoid	Eval_Prefixoid	Intern_Prefixoid	Reduced_Prefixoid	InternHy_Prefixoid	Letter_Prefixoid	BEZ_Prefixoid	BES_Prefixoid	BEZer_Prefixoid	V_Prefixoid	InternModEr_Prefixoid	RusHy_Prefixoid	NAI_Prefixoid	POL_Prefixoid	NI_Prefixoid	KOE_Prefixoid	Intern_ReducedPrefixoid	InternMod_Prefixoid	Chem_Prefixoid	ProperNamePrefixoid	Chemical_Possible	ParticipleFullForm	ParticipleShortForm	Singular	FiveAndMore	Three	Four	Two	SevenEight	AdjectiveFullForm	AdjectiveShortForm	AdjectiveShortFlectional	NounProperGeneral	NounProperSurNameFlective	NounProperTown	NounProperName	AdjectiveProper	NounProperPatronymic	NounProperNameDimin	AbbrProperGeneral	NounProperSurNameForeign	NormalNumberParadigm	FullRealization
59	116	РГМУ	РГМУ	285180	285179	ZeroTypeOfCoordination	NoPlacement	NormalCapitalization	NotDefaultFiller	NoContrast	NoLeftmostPlacement	FullRealization	NoRightmostPlacement	NormalNumberParadigm	NotLeftConjunct	NormalClassifyingCapitalization	ZeroDoubleConjunct	NotCommonChild	NotEllipted	NormalMorphForm	NotControlled	NotRightConjunct
61	0	На	На	285183	285182	Animate	Inanimate	Animate	Reflexive	FullReflexivity	NonReflexive	ImperfectiveReflexivity	Reflexive	FullReflexivity	NonReflexive	ImperfectiveReflexivity	NormalMorphForm	NormalMorphForm	DefectOne	DefectTwo	Byt	DefectThree	DefectFour	DefectOne	DefectTwo	Byt	DefectThree	DefectFour	GTInvariable	GTNoun	NotEllipted	NotEllipted	VocalForm	NForm	VocalForm	NForm	NotControlled	NotControlled	ZeroTypeOfCoordination	ZeroTypeOfCoordination	Composite_ski	Composite_iko	Composite_sko	NoCompositeness	Composite_o	Composite_e	Composite_usek	Composite_null	Composite_Numeral	Composite_cko	Composite_cki	Composite_ComplexNumeral	Composite_NumeralFull	Composite_NumeralShort	NoCompositeness	DegreeComparative	DegreePositive	DegreeSuperlative	DegreeComparative	DegreePositive	DegreeSuperlative	Adverb_Un_Hyphen	Adverb_With_Hyphen	Adverb_Un_Hyphen	Adverb_With_Hyphen	DeclensionAdjectival	DeclensionNominal	DeclensionMixed	Indeclinable	Indeclinable	Comp_Suffixoid	Un_Comp_Suf	Comp_Suffixoid_Num_OJ	Comp_Suffixoid_Num_YJ	Comp_Suffixoid_Num_IJ	Comp_Suffixoid_Num_J	Comp_PunctuatorPost	Comp_PunctuatorPref	Comp_PunctuatorPostSeparable	Comp_PunctuatorPrefSeparable	Comp_Prefixoid	Comp_Suffixoid_Num_PercentYJ	Comp_Noun	Comp_Suffixoid_Chem	Comp_Adj	Comp_SuffixoidAbbr	Un_Comp_Suf	BiAspectual	MonoAspectual	Paired	BiAspectual	MonoAspectual	Paired	FullSynthComparison	NoSynthComparative	NoSynthSuperlative	OnlySuperlative	FullSynthComparison	NoSynthComparative	NoSynthSuperlative	OnlySuperlative	MOne	MTwo	MThree	MOne	MTwo	MThree	NormalClassifyingCapitalization	NormalClassifyingCapitalization	Future	Past	Present	Future	Past	Present	Preposition	Noun	ZeroDoubleConjunct	ZeroDoubleConjunct	NotCommonChild	NotCommonChild	Accusative	Dative	Genitive	Instrumental	Locative	Nominative	Partitive	Prepositional	DativeSpecial	ZeroCase	Vocative	Accusative	Dative	Genitive	Instrumental	Locative	Nominative	Partitive	Prepositional	RCDemonstrative	RCAttributive	RCPossessive	RCIndefinite	RCPersonal	RCInterrogative	RCNegative	RCReflexive	RCNoun	RCDemonstrative	RCAttributive	RCPossessive	RCIndefinite	RCPersonal	RCInterrogative	RCNegative	RCReflexive	RCNoun	NoPlacement	NoPlacement	Imperfective	Perfective	Imperfective	Perfective	NotDefaultFiller	NotDefaultFiller	Feminine	Masculine	Neuter	Common	Masculine	NoLeftmostPlacement	NoLeftmostPlacement	Iterat	UnIterat	Iterat	UnIterat	NoRightmostPlacement	NoRightmostPlacement	NotLeftConjunct	NotLeftConjunct	PersonFirst	PersonSecond	PersonThird	PersonZero	PersonFirst	PersonSecond	PersonThird	PersonZero	Active	VoiceSya	Passive	Active	VoiceSya	Passive	VerbIntransitive	VerbIntransitiveSpecial	VerbTransitive	VerbTransitiveSpecial	VerbIntransitive	VerbIntransitiveSpecial	VerbTransitive	VerbTransitiveSpecial	NotRightConjunct	NotRightConjunct	NoSpecialCaseForm	Locative_u	Genitive_u	Plural_consonant	Genitive_Locative_u	GenitivePlural_Zero	NominativePlural_a	SpecialPlual	SpecialVocative	NoSpecialCaseForm	NoContrast	NoContrast	NormalCapitalization	NormalCapitalization	PO_Prefixoid	Rus_Prefixoid	VPOL_Prefixoid	NE_Prefixoid	Eval_Prefixoid	Intern_Prefixoid	Reduced_Prefixoid	InternHy_Prefixoid	Letter_Prefixoid	BEZ_Prefixoid	BES_Prefixoid	BEZer_Prefixoid	V_Prefixoid	InternModEr_Prefixoid	RusHy_Prefixoid	NAI_Prefixoid	POL_Prefixoid	NI_Prefixoid	KOE_Prefixoid	Intern_ReducedPrefixoid	InternMod_Prefixoid	Chem_Prefixoid	ProperNamePrefixoid	Chemical_Possible	PO_Prefixoid	Rus_Prefixoid	VPOL_Prefixoid	NE_Prefixoid	Eval_Prefixoid	Intern_Prefixoid	Reduced_Prefixoid	InternHy_Prefixoid	Letter_Prefixoid	BEZ_Prefixoid	BES_Prefixoid	BEZer_Prefixoid	V_Prefixoid	InternModEr_Prefixoid	RusHy_Prefixoid	NAI_Prefixoid	POL_Prefixoid	NI_Prefixoid	KOE_Prefixoid	Intern_ReducedPrefixoid	InternMod_Prefixoid	Chem_Prefixoid	ProperNamePrefixoid	Chemical_Possible	ParticipleFullForm	ParticipleShortForm	ParticipleFullForm	ParticipleShortForm	Plural	Singular	Plural	Singular	FiveAndMore	Three	Four	Two	SevenEight	FiveAndMore	Three	Four	Two	SevenEight	AdjectiveFullForm	AdjectiveShortForm	AdjectiveShortFlectional	AdjectiveFullForm	AdjectiveShortForm	AdjectiveShortFlectional	NounProperGeneral	NounProperSurNameFlective	NounProperTown	NounProperName	AdjectiveProper	NounProperPatronymic	NounProperNameDimin	AbbrProperGeneral	NounProperSurNameForeign	NounProperName	NormalNumberParadigm	NormalNumberParadigm	FullRealization	FullRealization
61	3	этом	этом	285184	285182	Animate	Inanimate	Inanimate	Reflexive	FullReflexivity	NonReflexive	ImperfectiveReflexivity	Reflexive	FullReflexivity	NonReflexive	ImperfectiveReflexivity	NormalMorphForm	NormalMorphForm	DefectOne	DefectTwo	Byt	DefectThree	DefectFour	DefectOne	DefectTwo	Byt	DefectThree	DefectFour	GTAdjectiveAttributive	GTNoun	NotEllipted	NotEllipted	VocalForm	NForm	VocalForm	NForm	NotControlled	NotControlled	ZeroTypeOfCoordination	ZeroTypeOfCoordination	Composite_ski	Composite_iko	Composite_sko	NoCompositeness	Composite_o	Composite_e	Composite_usek	Composite_null	Composite_Numeral	Composite_cko	Composite_cki	Composite_ComplexNumeral	Composite_NumeralFull	Composite_NumeralShort	NoCompositeness	DegreeComparative	DegreePositive	DegreeSuperlative	DegreeComparative	DegreePositive	DegreeSuperlative	Adverb_Un_Hyphen	Adverb_With_Hyphen	Adverb_Un_Hyphen	Adverb_With_Hyphen	DeclensionAdjectival	DeclensionNominal	DeclensionMixed	Indeclinable	DeclensionNominal	Comp_Suffixoid	Un_Comp_Suf	Comp_Suffixoid_Num_OJ	Comp_Suffixoid_Num_YJ	Comp_Suffixoid_Num_IJ	Comp_Suffixoid_Num_J	Comp_PunctuatorPost	Comp_PunctuatorPref	Comp_PunctuatorPostSeparable	Comp_PunctuatorPrefSeparable	Comp_Prefixoid	Comp_Suffixoid_Num_PercentYJ	Comp_Noun	Comp_Suffixoid_Chem	Comp_Adj	Comp_SuffixoidAbbr	Un_Comp_Suf	BiAspectual	MonoAspectual	Paired	BiAspectual	MonoAspectual	Paired	FullSynthComparison	NoSynthComparative	NoSynthSuperlative	OnlySuperlative	FullSynthComparison	NoSynthComparative	NoSynthSuperlative	OnlySuperlative	MOne	MTwo	MThree	MOne	MTwo	MThree	NormalClassifyingCapitalization	NormalClassifyingCapitalization	Future	Past	Present	Future	Past	Present	Pronoun	Noun	ZeroDoubleConjunct	ZeroDoubleConjunct	NotCommonChild	NotCommonChild	Locative	Prepositional	Locative	Prepositional	RCDemonstrative	RCDemonstrative	RCAttributive	RCPossessive	RCIndefinite	RCPersonal	RCInterrogative	RCNegative	RCReflexive	RCNoun	NoPlacement	NoPlacement	Imperfective	Perfective	Imperfective	Perfective	NotDefaultFiller	NotDefaultFiller	Masculine	Neuter	Neuter	NoLeftmostPlacement	NoLeftmostPlacement	Iterat	UnIterat	Iterat	UnIterat	NoRightmostPlacement	NoRightmostPlacement	NotLeftConjunct	NotLeftConjunct	PersonFirst	PersonSecond	PersonThird	PersonZero	PersonFirst	PersonSecond	PersonThird	PersonZero	Active	VoiceSya	Passive	Active	VoiceSya	Passive	VerbIntransitive	VerbIntransitiveSpecial	VerbTransitive	VerbTransitiveSpecial	VerbIntransitive	VerbIntransitiveSpecial	VerbTransitive	VerbTransitiveSpecial	NotRightConjunct	NotRightConjunct	NoSpecialCaseForm	Locative_u	Genitive_u	Plural_consonant	Genitive_Locative_u	GenitivePlural_Zero	NominativePlural_a	SpecialPlual	SpecialVocative	NoSpecialCaseForm	NoContrast	NoContrast	NormalCapitalization	NormalCapitalization	PO_Prefixoid	Rus_Prefixoid	VPOL_Prefixoid	NE_Prefixoid	Eval_Prefixoid	Intern_Prefixoid	Reduced_Prefixoid	InternHy_Prefixoid	Letter_Prefixoid	BEZ_Prefixoid	BES_Prefixoid	BEZer_Prefixoid	V_Prefixoid	InternModEr_Prefixoid	RusHy_Prefixoid	NAI_Prefixoid	POL_Prefixoid	NI_Prefixoid	KOE_Prefixoid	Intern_ReducedPrefixoid	InternMod_Prefixoid	Chem_Prefixoid	ProperNamePrefixoid	Chemical_Possible	PO_Prefixoid	Rus_Prefixoid	VPOL_Prefixoid	NE_Prefixoid	Eval_Prefixoid	Intern_Prefixoid	Reduced_Prefixoid	InternHy_Prefixoid	Letter_Prefixoid	BEZ_Prefixoid	BES_Prefixoid	BEZer_Prefixoid	V_Prefixoid	InternModEr_Prefixoid	RusHy_Prefixoid	NAI_Prefixoid	POL_Prefixoid	NI_Prefixoid	KOE_Prefixoid	Intern_ReducedPrefixoid	InternMod_Prefixoid	Chem_Prefixoid	ProperNamePrefixoid	Chemical_Possible	ParticipleFullForm	ParticipleShortForm	ParticipleFullForm	ParticipleShortForm	Singular	Singular	FiveAndMore	Three	Four	Two	SevenEight	FiveAndMore	Three	Four	Two	SevenEight	AdjectiveFullForm	AdjectiveFullForm	AdjectiveShortForm	AdjectiveShortFlectional	NounProperGeneral	NounProperSurNameFlective	NounProperTown	NounProperName	AdjectiveProper	NounProperPatronymic	NounProperNameDimin	AbbrProperGeneral	NounProperSurNameForeign	NounProperGeneral	NounProperSurNameFlective	NounProperTown	NounProperName	AdjectiveProper	NounProperPatronymic	NounProperNameDimin	AbbrProperGeneral	NounProperSurNameForeign	NormalNumberParadigm	SingulariaTantum	FullRealization	FullRealization
61	8	посту	посту	285182	285181	Inanimate	Reflexive	FullReflexivity	NonReflexive	ImperfectiveReflexivity	NormalMorphForm	DefectOne	DefectTwo	Byt	DefectThree	DefectFour	GTNoun	NotEllipted	VocalForm	NForm	NotControlled	ZeroTypeOfCoordination	NoCompositeness	DegreeComparative	DegreePositive	DegreeSuperlative	Adverb_Un_Hyphen	Adverb_With_Hyphen	DeclensionNominal	Un_Comp_Suf	BiAspectual	MonoAspectual	Paired	FullSynthComparison	NoSynthComparative	NoSynthSuperlative	OnlySuperlative	MOne	MTwo	MThree	NormalClassifyingCapitalization	Future	Past	Present	Noun	ZeroDoubleConjunct	NotCommonChild	Dative	Locative	RCDemonstrative	RCAttributive	RCPossessive	RCIndefinite	RCPersonal	RCInterrogative	RCNegative	RCReflexive	RCNoun	NoPlacement	Imperfective	Perfective	NotDefaultFiller	Masculine	NoLeftmostPlacement	Iterat	UnIterat	NoRightmostPlacement	NotLeftConjunct	PersonFirst	PersonSecond	PersonThird	PersonZero	Active	VoiceSya	Passive	VerbIntransitive	VerbIntransitiveSpecial	VerbTransitive	VerbTransitiveSpecial	NotRightConjunct	Locative_u	NoContrast	NormalCapitalization	PO_Prefixoid	Rus_Prefixoid	VPOL_Prefixoid	NE_Prefixoid	Eval_Prefixoid	Intern_Prefixoid	Reduced_Prefixoid	InternHy_Prefixoid	Letter_Prefixoid	BEZ_Prefixoid	BES_Prefixoid	BEZer_Prefixoid	V_Prefixoid	InternModEr_Prefixoid	RusHy_Prefixoid	NAI_Prefixoid	POL_Prefixoid	NI_Prefixoid	KOE_Prefixoid	Intern_ReducedPrefixoid	InternMod_Prefixoid	Chem_Prefixoid	ProperNamePrefixoid	Chemical_Possible	ParticipleFullForm	ParticipleShortForm	Singular	FiveAndMore	Three	Four	Two	SevenEight	AdjectiveFullForm	AdjectiveShortForm	AdjectiveShortFlectional	NounProperGeneral	NounProperSurNameFlective	NounProperTown	NounProperName	AdjectiveProper	NounProperPatronymic	NounProperNameDimin	AbbrProperGeneral	NounProperSurNameForeign	NormalNumberParadigm	FullRealization
61	14	она	она	285185	285181	Animate	Inanimate	Reflexive	FullReflexivity	NonReflexive	ImperfectiveReflexivity	NormalMorphForm	DefectOne	DefectTwo	Byt	DefectThree	DefectFour	GTNoun	NotEllipted	VocalForm	NForm	NotControlled	ZeroTypeOfCoordination	Composite_ski	Composite_iko	Composite_sko	NoCompositeness	Composite_o	Composite_e	Composite_usek	Composite_null	Composite_Numeral	Composite_cko	Composite_cki	Composite_ComplexNumeral	Composite_NumeralFull	Composite_NumeralShort	DegreeComparative	DegreePositive	DegreeSuperlative	Adverb_Un_Hyphen	Adverb_With_Hyphen	DeclensionAdjectival	DeclensionNominal	DeclensionMixed	Indeclinable	Comp_Suffixoid	Un_Comp_Suf	Comp_Suffixoid_Num_OJ	Comp_Suffixoid_Num_YJ	Comp_Suffixoid_Num_IJ	Comp_Suffixoid_Num_J	Comp_PunctuatorPost	Comp_PunctuatorPref	Comp_PunctuatorPostSeparable	Comp_PunctuatorPrefSeparable	Comp_Prefixoid	Comp_Suffixoid_Num_PercentYJ	Comp_Noun	Comp_Suffixoid_Chem	Comp_Adj	Comp_SuffixoidAbbr	BiAspectual	MonoAspectual	Paired	FullSynthComparison	NoSynthComparative	NoSynthSuperlative	OnlySuperlative	MOne	MTwo	MThree	NormalClassifyingCapitalization	Future	Past	Present	Pronoun	ZeroDoubleConjunct	NotCommonChild	Nominative	RCPersonal	NoPlacement	Imperfective	Perfective	NotDefaultFiller	Feminine	NoLeftmostPlacement	Iterat	UnIterat	NoRightmostPlacement	NotLeftConjunct	PersonThird	Active	VoiceSya	Passive	VerbIntransitive	VerbIntransitiveSpecial	VerbTransitive	VerbTransitiveSpecial	NotRightConjunct	NoSpecialCaseForm	Locative_u	Genitive_u	Plural_consonant	Genitive_Locative_u	GenitivePlural_Zero	NominativePlural_a	SpecialPlual	SpecialVocative	NoContrast	NormalCapitalization	PO_Prefixoid	Rus_Prefixoid	VPOL_Prefixoid	NE_Prefixoid	Eval_Prefixoid	Intern_Prefixoid	Reduced_Prefixoid	InternHy_Prefixoid	Letter_Prefixoid	BEZ_Prefixoid	BES_Prefixoid	BEZer_Prefixoid	V_Prefixoid	InternModEr_Prefixoid	RusHy_Prefixoid	NAI_Prefixoid	POL_Prefixoid	NI_Prefixoid	KOE_Prefixoid	Intern_ReducedPrefixoid	InternMod_Prefixoid	Chem_Prefixoid	ProperNamePrefixoid	Chemical_Possible	ParticipleFullForm	ParticipleShortForm	Singular	FiveAndMore	Three	Four	Two	SevenEight	AdjectiveFullForm	AdjectiveShortForm	AdjectiveShortFlectional	NounProperGeneral	NounProperSurNameFlective	NounProperTown	NounProperName	AdjectiveProper	NounProperPatronymic	NounProperNameDimin	AbbrProperGeneral	NounProperSurNameForeign	NormalNumberParadigm	FullRealization
61	19	согласно	согласно	285186	285181	Animate	Inanimate	Animate	Inanimate	Reflexive	FullReflexivity	NonReflexive	ImperfectiveReflexivity	Reflexive	FullReflexivity	NonReflexive	ImperfectiveReflexivity	NormalMorphForm	NormalMorphForm	DefectOne	DefectTwo	Byt	DefectThree	DefectFour	DefectOne	DefectTwo	Byt	DefectThree	DefectFour	GTAdverb	GTAdjective	NotEllipted	NotEllipted	VocalForm	NForm	VocalForm	NForm	NotControlled	NotControlled	ZeroTypeOfCoordination	ZeroTypeOfCoordination	Composite_ski	Composite_iko	Composite_sko	NoCompositeness	Composite_o	Composite_e	Composite_usek	Composite_null	Composite_Numeral	Composite_cko	Composite_cki	Composite_ComplexNumeral	Composite_NumeralFull	Composite_NumeralShort	NoCompositeness	DegreePositive	DegreePositive	Adverb_Un_Hyphen	Adverb_Un_Hyphen	Adverb_With_Hyphen	DeclensionAdjectival	DeclensionNominal	DeclensionMixed	Indeclinable	DeclensionAdjectival	DeclensionNominal	DeclensionMixed	Indeclinable	Comp_Suffixoid	Un_Comp_Suf	Comp_Suffixoid_Num_OJ	Comp_Suffixoid_Num_YJ	Comp_Suffixoid_Num_IJ	Comp_Suffixoid_Num_J	Comp_PunctuatorPost	Comp_PunctuatorPref	Comp_PunctuatorPostSeparable	Comp_PunctuatorPrefSeparable	Comp_Prefixoid	Comp_Suffixoid_Num_PercentYJ	Comp_Noun	Comp_Suffixoid_Chem	Comp_Adj	Comp_SuffixoidAbbr	Un_Comp_Suf	BiAspectual	MonoAspectual	Paired	BiAspectual	MonoAspectual	Paired	NoSynthComparative	FullSynthComparison	MOne	MTwo	MThree	MOne	MTwo	MThree	NormalClassifyingCapitalization	NormalClassifyingCapitalization	Future	Past	Present	Future	Past	Present	Adverb	Adjective	ZeroDoubleConjunct	ZeroDoubleConjunct	NotCommonChild	NotCommonChild	Accusative	Dative	Genitive	Instrumental	Locative	Nominative	Partitive	Prepositional	DativeSpecial	ZeroCase	Vocative	ZeroCase	RCDemonstrative	RCAttributive	RCPossessive	RCIndefinite	RCPersonal	RCInterrogative	RCNegative	RCReflexive	RCNoun	RCDemonstrative	RCAttributive	RCPossessive	RCIndefinite	RCPersonal	RCInterrogative	RCNegative	RCReflexive	RCNoun	NoPlacement	NoPlacement	Imperfective	Perfective	Imperfective	Perfective	NotDefaultFiller	NotDefaultFiller	Feminine	Masculine	Neuter	Common	Neuter	NoLeftmostPlacement	NoLeftmostPlacement	Iterat	UnIterat	Iterat	UnIterat	NoRightmostPlacement	NoRightmostPlacement	NotLeftConjunct	NotLeftConjunct	PersonFirst	PersonSecond	PersonThird	PersonZero	PersonFirst	PersonSecond	PersonThird	PersonZero	Active	VoiceSya	Passive	Active	VoiceSya	Passive	VerbIntransitive	VerbIntransitiveSpecial	VerbTransitive	VerbTransitiveSpecial	VerbIntransitive	VerbIntransitiveSpecial	VerbTransitive	VerbTransitiveSpecial	NotRightConjunct	NotRightConjunct	NoSpecialCaseForm	Locative_u	Genitive_u	Plural_consonant	Genitive_Locative_u	GenitivePlural_Zero	NominativePlural_a	SpecialPlual	SpecialVocative	NoSpecialCaseForm	Locative_u	Genitive_u	Plural_consonant	Genitive_Locative_u	GenitivePlural_Zero	NominativePlural_a	SpecialPlual	SpecialVocative	NoContrast	NoContrast	NormalCapitalization	NormalCapitalization	PO_Prefixoid	Rus_Prefixoid	VPOL_Prefixoid	NE_Prefixoid	Eval_Prefixoid	Intern_Prefixoid	Reduced_Prefixoid	InternHy_Prefixoid	Letter_Prefixoid	BEZ_Prefixoid	BES_Prefixoid	BEZer_Prefixoid	V_Prefixoid	InternModEr_Prefixoid	RusHy_Prefixoid	NAI_Prefixoid	POL_Prefixoid	NI_Prefixoid	KOE_Prefixoid	Intern_ReducedPrefixoid	InternMod_Prefixoid	Chem_Prefixoid	ProperNamePrefixoid	Chemical_Possible	PO_Prefixoid	Rus_Prefixoid	VPOL_Prefixoid	NE_Prefixoid	Eval_Prefixoid	Intern_Prefixoid	Reduced_Prefixoid	InternHy_Prefixoid	Letter_Prefixoid	BEZ_Prefixoid	BES_Prefixoid	BEZer_Prefixoid	V_Prefixoid	InternModEr_Prefixoid	RusHy_Prefixoid	NAI_Prefixoid	POL_Prefixoid	NI_Prefixoid	KOE_Prefixoid	Intern_ReducedPrefixoid	InternMod_Prefixoid	Chem_Prefixoid	ProperNamePrefixoid	Chemical_Possible	ParticipleFullForm	ParticipleShortForm	ParticipleFullForm	ParticipleShortForm	Plural	Singular	Singular	FiveAndMore	Three	Four	Two	SevenEight	FiveAndMore	Three	Four	Two	SevenEight	AdjectiveFullForm	AdjectiveShortForm	AdjectiveShortFlectional	AdjectiveShortForm	NounProperGeneral	NounProperSurNameFlective	NounProperTown	NounProperName	AdjectiveProper	NounProperPatronymic	NounProperNameDimin	AbbrProperGeneral	NounProperSurNameForeign	NounProperGeneral	NounProperSurNameFlective	NounProperTown	NounProperName	AdjectiveProper	NounProperPatronymic	NounProperNameDimin	AbbrProperGeneral	NounProperSurNameForeign	NormalNumberParadigm	NormalNumberParadigm	FullRealization	FullRealization
61	28	данным	данным	285187	285186	Inanimate	Animate	Inanimate	Reflexive	FullReflexivity	NonReflexive	ImperfectiveReflexivity	FullReflexivity	NormalMorphForm	NormalMorphForm	DefectOne	DefectTwo	Byt	DefectThree	DefectFour	DefectOne	DefectTwo	Byt	DefectThree	DefectFour	GTNoun	GTParticiple	NotEllipted	NotEllipted	VocalForm	NForm	VocalForm	NForm	NotControlled	NotControlled	ZeroTypeOfCoordination	ZeroTypeOfCoordination	NoCompositeness	Composite_ski	Composite_iko	Composite_sko	NoCompositeness	Composite_o	Composite_e	Composite_usek	Composite_null	Composite_Numeral	Composite_cko	Composite_cki	Composite_ComplexNumeral	Composite_NumeralFull	Composite_NumeralShort	DegreeComparative	DegreePositive	DegreeSuperlative	DegreeComparative	DegreePositive	DegreeSuperlative	Adverb_Un_Hyphen	Adverb_With_Hyphen	Adverb_Un_Hyphen	Adverb_With_Hyphen	DeclensionAdjectival	DeclensionAdjectival	DeclensionNominal	DeclensionMixed	Indeclinable	Un_Comp_Suf	Comp_Suffixoid	Un_Comp_Suf	Comp_Suffixoid_Num_OJ	Comp_Suffixoid_Num_YJ	Comp_Suffixoid_Num_IJ	Comp_Suffixoid_Num_J	Comp_PunctuatorPost	Comp_PunctuatorPref	Comp_PunctuatorPostSeparable	Comp_PunctuatorPrefSeparable	Comp_Prefixoid	Comp_Suffixoid_Num_PercentYJ	Comp_Noun	Comp_Suffixoid_Chem	Comp_Adj	Comp_SuffixoidAbbr	BiAspectual	MonoAspectual	Paired	Paired	FullSynthComparison	NoSynthComparative	NoSynthSuperlative	OnlySuperlative	FullSynthComparison	NoSynthComparative	NoSynthSuperlative	OnlySuperlative	MOne	MTwo	MThree	MOne	MTwo	MThree	NormalClassifyingCapitalization	NormalClassifyingCapitalization	Future	Past	Present	Past	Noun	Verb	ZeroDoubleConjunct	ZeroDoubleConjunct	NotCommonChild	NotCommonChild	Dative	Dative	Instrumental	RCDemonstrative	RCAttributive	RCPossessive	RCIndefinite	RCPersonal	RCInterrogative	RCNegative	RCReflexive	RCNoun	RCDemonstrative	RCAttributive	RCPossessive	RCIndefinite	RCPersonal	RCInterrogative	RCNegative	RCReflexive	RCNoun	NoPlacement	NoPlacement	Imperfective	Perfective	Perfective	NotDefaultFiller	NotDefaultFiller	Feminine	Masculine	Neuter	Common	Feminine	Masculine	Neuter	Common	NoLeftmostPlacement	NoLeftmostPlacement	Iterat	UnIterat	UnIterat	NoRightmostPlacement	NoRightmostPlacement	NotLeftConjunct	NotLeftConjunct	PersonFirst	PersonSecond	PersonThird	PersonZero	PersonFirst	PersonSecond	PersonThird	PersonZero	Active	VoiceSya	Passive	Passive	VerbIntransitive	VerbIntransitiveSpecial	VerbTransitive	VerbTransitiveSpecial	VerbTransitive	NotRightConjunct	NotRightConjunct	NoSpecialCaseForm	NoSpecialCaseForm	Locative_u	Genitive_u	Plural_consonant	Genitive_Locative_u	GenitivePlural_Zero	NominativePlural_a	SpecialPlual	SpecialVocative	NoContrast	NoContrast	NormalCapitalization	NormalCapitalization	PO_Prefixoid	Rus_Prefixoid	VPOL_Prefixoid	NE_Prefixoid	Eval_Prefixoid	Intern_Prefixoid	Reduced_Prefixoid	InternHy_Prefixoid	Letter_Prefixoid	BEZ_Prefixoid	BES_Prefixoid	BEZer_Prefixoid	V_Prefixoid	InternModEr_Prefixoid	RusHy_Prefixoid	NAI_Prefixoid	POL_Prefixoid	NI_Prefixoid	KOE_Prefixoid	Intern_ReducedPrefixoid	InternMod_Prefixoid	Chem_Prefixoid	ProperNamePrefixoid	Chemical_Possible	PO_Prefixoid	Rus_Prefixoid	VPOL_Prefixoid	NE_Prefixoid	Eval_Prefixoid	Intern_Prefixoid	Reduced_Prefixoid	InternHy_Prefixoid	Letter_Prefixoid	BEZ_Prefixoid	BES_Prefixoid	BEZer_Prefixoid	V_Prefixoid	InternModEr_Prefixoid	RusHy_Prefixoid	NAI_Prefixoid	POL_Prefixoid	NI_Prefixoid	KOE_Prefixoid	Intern_ReducedPrefixoid	InternMod_Prefixoid	Chem_Prefixoid	ProperNamePrefixoid	Chemical_Possible	ParticipleFullForm	ParticipleShortForm	ParticipleFullForm	Plural	Plural	Singular	FiveAndMore	Three	Four	Two	SevenEight	FiveAndMore	Three	Four	Two	SevenEight	AdjectiveFullForm	AdjectiveShortForm	AdjectiveShortFlectional	AdjectiveFullForm	AdjectiveShortForm	AdjectiveShortFlectional	NounProperGeneral	NounProperSurNameFlective	NounProperTown	NounProperName	AdjectiveProper	NounProperPatronymic	NounProperNameDimin	AbbrProperGeneral	NounProperSurNameForeign	NounProperGeneral	NounProperSurNameFlective	NounProperTown	NounProperName	AdjectiveProper	NounProperPatronymic	NounProperNameDimin	AbbrProperGeneral	NounProperSurNameForeign	PluraliaTantum	NormalNumberParadigm	FullRealization	FullRealization
61	35	официальной	официальной	285189	285188	Animate	Inanimate	Reflexive	FullReflexivity	NonReflexive	ImperfectiveReflexivity	NormalMorphForm	DefectOne	DefectTwo	Byt	DefectThree	DefectFour	GTAdjective	NotEllipted	VocalForm	NForm	NotControlled	ZeroTypeOfCoordination	NoCompositeness	DegreePositive	Adverb_Un_Hyphen	Adverb_With_Hyphen	DeclensionAdjectival	DeclensionNominal	DeclensionMixed	Indeclinable	Un_Comp_Suf	BiAspectual	MonoAspectual	Paired	NoSynthComparative	MOne	MTwo	MThree	NormalClassifyingCapitalization	Future	Past	Present	Adjective	ZeroDoubleConjunct	NotCommonChild	Dative	Genitive	Instrumental	Locative	Partitive	Prepositional	RCDemonstrative	RCAttributive	RCPossessive	RCIndefinite	RCPersonal	RCInterrogative	RCNegative	RCReflexive	RCNoun	NoPlacement	Imperfective	Perfective	NotDefaultFiller	Feminine	NoLeftmostPlacement	Iterat	UnIterat	NoRightmostPlacement	NotLeftConjunct	PersonFirst	PersonSecond	PersonThird	PersonZero	Active	VoiceSya	Passive	VerbIntransitive	VerbIntransitiveSpecial	VerbTransitive	VerbTransitiveSpecial	NotRightConjunct	NoSpecialCaseForm	Locative_u	Genitive_u	Plural_consonant	Genitive_Locative_u	GenitivePlural_Zero	NominativePlural_a	SpecialPlual	SpecialVocative	NoContrast	NormalCapitalization	PO_Prefixoid	Rus_Prefixoid	VPOL_Prefixoid	NE_Prefixoid	Eval_Prefixoid	Intern_Prefixoid	Reduced_Prefixoid	InternHy_Prefixoid	Letter_Prefixoid	BEZ_Prefixoid	BES_Prefixoid	BEZer_Prefixoid	V_Prefixoid	InternModEr_Prefixoid	RusHy_Prefixoid	NAI_Prefixoid	POL_Prefixoid	NI_Prefixoid	KOE_Prefixoid	Intern_ReducedPrefixoid	InternMod_Prefixoid	Chem_Prefixoid	ProperNamePrefixoid	Chemical_Possible	ParticipleFullForm	ParticipleShortForm	Singular	FiveAndMore	Three	Four	Two	SevenEight	AdjectiveFullForm	NounProperGeneral	NounProperSurNameFlective	NounProperTown	NounProperName	AdjectiveProper	NounProperPatronymic	NounProperNameDimin	AbbrProperGeneral	NounProperSurNameForeign	NormalNumberParadigm	FullRealization
61	47	биографии	биографии	285188	285187	Inanimate	Reflexive	FullReflexivity	NonReflexive	ImperfectiveReflexivity	NormalMorphForm	DefectOne	DefectTwo	Byt	DefectThree	DefectFour	GTNoun	NotEllipted	VocalForm	NForm	NotControlled	ZeroTypeOfCoordination	NoCompositeness	DegreeComparative	DegreePositive	DegreeSuperlative	Adverb_Un_Hyphen	Adverb_With_Hyphen	DeclensionNominal	Un_Comp_Suf	BiAspectual	MonoAspectual	Paired	FullSynthComparison	NoSynthComparative	NoSynthSuperlative	OnlySuperlative	MOne	MTwo	MThree	NormalClassifyingCapitalization	Future	Past	Present	Noun	ZeroDoubleConjunct	NotCommonChild	Accusative	Dative	Genitive	Locative	Nominative	Partitive	Prepositional	RCDemonstrative	RCAttributive	RCPossessive	RCIndefinite	RCPersonal	RCInterrogative	RCNegative	RCReflexive	RCNoun	NoPlacement	Imperfective	Perfective	NotDefaultFiller	Feminine	NoLeftmostPlacement	Iterat	UnIterat	NoRightmostPlacement	NotLeftConjunct	PersonFirst	PersonSecond	PersonThird	PersonZero	Active	VoiceSya	Passive	VerbIntransitive	VerbIntransitiveSpecial	VerbTransitive	VerbTransitiveSpecial	NotRightConjunct	NoSpecialCaseForm	NoContrast	NormalCapitalization	PO_Prefixoid	Rus_Prefixoid	VPOL_Prefixoid	NE_Prefixoid	Eval_Prefixoid	Intern_Prefixoid	Reduced_Prefixoid	InternHy_Prefixoid	Letter_Prefixoid	BEZ_Prefixoid	BES_Prefixoid	BEZer_Prefixoid	V_Prefixoid	InternModEr_Prefixoid	RusHy_Prefixoid	NAI_Prefixoid	POL_Prefixoid	NI_Prefixoid	KOE_Prefixoid	Intern_ReducedPrefixoid	InternMod_Prefixoid	Chem_Prefixoid	ProperNamePrefixoid	Chemical_Possible	ParticipleFullForm	ParticipleShortForm	Plural	Singular	FiveAndMore	Three	Four	Two	SevenEight	AdjectiveFullForm	AdjectiveShortForm	AdjectiveShortFlectional	NounProperGeneral	NounProperSurNameFlective	NounProperTown	NounProperName	AdjectiveProper	NounProperPatronymic	NounProperNameDimin	AbbrProperGeneral	NounProperSurNameForeign	NormalNumberParadigm	FullRealization
61	58	оставалась	оставалась	285181	-1	Animate	Inanimate	Reflexive	NormalMorphForm	DefectOne	DefectTwo	Byt	DefectThree	DefectFour	GTVerb	NotEllipted	VocalForm	NForm	NotControlled	ZeroTypeOfCoordination	Composite_ski	Composite_iko	Composite_sko	NoCompositeness	Composite_o	Composite_e	Composite_usek	Composite_null	Composite_Numeral	Composite_cko	Composite_cki	Composite_ComplexNumeral	Composite_NumeralFull	Composite_NumeralShort	DegreeComparative	DegreePositive	DegreeSuperlative	Adverb_Un_Hyphen	Adverb_With_Hyphen	DeclensionAdjectival	DeclensionNominal	DeclensionMixed	Indeclinable	Comp_Suffixoid	Un_Comp_Suf	Comp_Suffixoid_Num_OJ	Comp_Suffixoid_Num_YJ	Comp_Suffixoid_Num_IJ	Comp_Suffixoid_Num_J	Comp_PunctuatorPost	Comp_PunctuatorPref	Comp_PunctuatorPostSeparable	Comp_PunctuatorPrefSeparable	Comp_Prefixoid	Comp_Suffixoid_Num_PercentYJ	Comp_Noun	Comp_Suffixoid_Chem	Comp_Adj	Comp_SuffixoidAbbr	Paired	FullSynthComparison	NoSynthComparative	NoSynthSuperlative	OnlySuperlative	MOne	MTwo	MThree	NormalClassifyingCapitalization	Past	Verb	ZeroDoubleConjunct	NotCommonChild	Accusative	Dative	Genitive	Instrumental	Locative	Nominative	Partitive	Prepositional	DativeSpecial	ZeroCase	Vocative	RCDemonstrative	RCAttributive	RCPossessive	RCIndefinite	RCPersonal	RCInterrogative	RCNegative	RCReflexive	RCNoun	NoPlacement	Imperfective	NotDefaultFiller	Feminine	NoLeftmostPlacement	UnIterat	NoRightmostPlacement	NotLeftConjunct	PersonFirst	PersonSecond	PersonThird	PersonZero	VoiceSya	VerbIntransitive	NotRightConjunct	NoSpecialCaseForm	Locative_u	Genitive_u	Plural_consonant	Genitive_Locative_u	GenitivePlural_Zero	NominativePlural_a	SpecialPlual	SpecialVocative	NoContrast	NormalCapitalization	PO_Prefixoid	Rus_Prefixoid	VPOL_Prefixoid	NE_Prefixoid	Eval_Prefixoid	Intern_Prefixoid	Reduced_Prefixoid	InternHy_Prefixoid	Letter_Prefixoid	BEZ_Prefixoid	BES_Prefixoid	BEZer_Prefixoid	V_Prefixoid	InternModEr_Prefixoid	RusHy_Prefixoid	NAI_Prefixoid	POL_Prefixoid	NI_Prefixoid	KOE_Prefixoid	Intern_ReducedPrefixoid	InternMod_Prefixoid	Chem_Prefixoid	ProperNamePrefixoid	Chemical_Possible	ParticipleFullForm	ParticipleShortForm	Singular	FiveAndMore	Three	Four	Two	SevenEight	AdjectiveFullForm	AdjectiveShortForm	AdjectiveShortFlectional	NounProperGeneral	NounProperSurNameFlective	NounProperTown	NounProperName	AdjectiveProper	NounProperPatronymic	NounProperNameDimin	AbbrProperGeneral	NounProperSurNameForeign	NormalNumberParadigm	FullRealization
61	69	до	до	285191	285190	Animate	Inanimate	Inanimate	Reflexive	FullReflexivity	NonReflexive	ImperfectiveReflexivity	Reflexive	FullReflexivity	NonReflexive	ImperfectiveReflexivity	NormalMorphForm	NormalMorphForm	NormalMorphForm	DefectOne	DefectTwo	Byt	DefectThree	DefectFour	DefectOne	DefectTwo	Byt	DefectThree	DefectFour	GTInvariable	GTNoun	NotEllipted	NotEllipted	NotEllipted	VocalForm	NForm	VocalForm	NForm	NotControlled	NotControlled	NotControlled	ZeroTypeOfCoordination	ZeroTypeOfCoordination	ZeroTypeOfCoordination	Composite_ski	Composite_iko	Composite_sko	NoCompositeness	Composite_o	Composite_e	Composite_usek	Composite_null	Composite_Numeral	Composite_cko	Composite_cki	Composite_ComplexNumeral	Composite_NumeralFull	Composite_NumeralShort	NoCompositeness	DegreeComparative	DegreePositive	DegreeSuperlative	DegreeComparative	DegreePositive	DegreeSuperlative	Adverb_Un_Hyphen	Adverb_With_Hyphen	Adverb_Un_Hyphen	Adverb_With_Hyphen	DeclensionAdjectival	DeclensionNominal	DeclensionMixed	Indeclinable	Indeclinable	Comp_Suffixoid	Un_Comp_Suf	Comp_Suffixoid_Num_OJ	Comp_Suffixoid_Num_YJ	Comp_Suffixoid_Num_IJ	Comp_Suffixoid_Num_J	Comp_PunctuatorPost	Comp_PunctuatorPref	Comp_PunctuatorPostSeparable	Comp_PunctuatorPrefSeparable	Comp_Prefixoid	Comp_Suffixoid_Num_PercentYJ	Comp_Noun	Comp_Suffixoid_Chem	Comp_Adj	Comp_SuffixoidAbbr	Un_Comp_Suf	BiAspectual	MonoAspectual	Paired	BiAspectual	MonoAspectual	Paired	FullSynthComparison	NoSynthComparative	NoSynthSuperlative	OnlySuperlative	FullSynthComparison	NoSynthComparative	NoSynthSuperlative	OnlySuperlative	MOne	MTwo	MThree	MOne	MTwo	MThree	NormalClassifyingCapitalization	NormalClassifyingCapitalization	NormalClassifyingCapitalization	Future	Past	Present	Future	Past	Present	Particle	Preposition	Noun	ZeroDoubleConjunct	ZeroDoubleConjunct	ZeroDoubleConjunct	NotCommonChild	NotCommonChild	NotCommonChild	Accusative	Dative	Genitive	Instrumental	Locative	Nominative	Partitive	Prepositional	DativeSpecial	ZeroCase	Vocative	Accusative	Dative	Genitive	Instrumental	Locative	Nominative	Partitive	Prepositional	RCDemonstrative	RCAttributive	RCPossessive	RCIndefinite	RCPersonal	RCInterrogative	RCNegative	RCReflexive	RCNoun	RCDemonstrative	RCAttributive	RCPossessive	RCIndefinite	RCPersonal	RCInterrogative	RCNegative	RCReflexive	RCNoun	NoPlacement	NoPlacement	NoPlacement	Imperfective	Perfective	Imperfective	Perfective	NotDefaultFiller	NotDefaultFiller	NotDefaultFiller	Feminine	Masculine	Neuter	Common	Neuter	NoLeftmostPlacement	NoLeftmostPlacement	NoLeftmostPlacement	Iterat	UnIterat	Iterat	UnIterat	NoRightmostPlacement	NoRightmostPlacement	NoRightmostPlacement	NotLeftConjunct	NotLeftConjunct	NotLeftConjunct	PersonFirst	PersonSecond	PersonThird	PersonZero	PersonFirst	PersonSecond	PersonThird	PersonZero	Active	VoiceSya	Passive	Active	VoiceSya	Passive	VerbIntransitive	VerbIntransitiveSpecial	VerbTransitive	VerbTransitiveSpecial	VerbIntransitive	VerbIntransitiveSpecial	VerbTransitive	VerbTransitiveSpecial	NotRightConjunct	NotRightConjunct	NotRightConjunct	NoSpecialCaseForm	Locative_u	Genitive_u	Plural_consonant	Genitive_Locative_u	GenitivePlural_Zero	NominativePlural_a	SpecialPlual	SpecialVocative	NoSpecialCaseForm	Locative_u	Genitive_u	Plural_consonant	Genitive_Locative_u	GenitivePlural_Zero	NominativePlural_a	SpecialPlual	SpecialVocative	NoContrast	NoContrast	NoContrast	NormalCapitalization	NormalCapitalization	NormalCapitalization	PO_Prefixoid	Rus_Prefixoid	VPOL_Prefixoid	NE_Prefixoid	Eval_Prefixoid	Intern_Prefixoid	Reduced_Prefixoid	InternHy_Prefixoid	Letter_Prefixoid	BEZ_Prefixoid	BES_Prefixoid	BEZer_Prefixoid	V_Prefixoid	InternModEr_Prefixoid	RusHy_Prefixoid	NAI_Prefixoid	POL_Prefixoid	NI_Prefixoid	KOE_Prefixoid	Intern_ReducedPrefixoid	InternMod_Prefixoid	Chem_Prefixoid	ProperNamePrefixoid	Chemical_Possible	PO_Prefixoid	Rus_Prefixoid	VPOL_Prefixoid	NE_Prefixoid	Eval_Prefixoid	Intern_Prefixoid	Reduced_Prefixoid	InternHy_Prefixoid	Letter_Prefixoid	BEZ_Prefixoid	BES_Prefixoid	BEZer_Prefixoid	V_Prefixoid	InternModEr_Prefixoid	RusHy_Prefixoid	NAI_Prefixoid	POL_Prefixoid	NI_Prefixoid	KOE_Prefixoid	Intern_ReducedPrefixoid	InternMod_Prefixoid	Chem_Prefixoid	ProperNamePrefixoid	Chemical_Possible	ParticipleFullForm	ParticipleShortForm	ParticipleFullForm	ParticipleShortForm	Plural	Singular	Plural	Singular	FiveAndMore	Three	Four	Two	SevenEight	FiveAndMore	Three	Four	Two	SevenEight	AdjectiveFullForm	AdjectiveShortForm	AdjectiveShortFlectional	AdjectiveFullForm	AdjectiveShortForm	AdjectiveShortFlectional	NounProperGeneral	NounProperSurNameFlective	NounProperTown	NounProperName	AdjectiveProper	NounProperPatronymic	NounProperNameDimin	AbbrProperGeneral	NounProperSurNameForeign	NounProperGeneral	NounProperSurNameFlective	NounProperTown	NounProperName	AdjectiveProper	NounProperPatronymic	NounProperNameDimin	AbbrProperGeneral	NounProperSurNameForeign	NormalNumberParadigm	NormalNumberParadigm	NormalNumberParadigm	FullRealization	FullRealization	FullRealization
61	72	2008	2008	285192	285190	ZeroTypeOfCoordination	NoPlacement	NormalCapitalization	NotDefaultFiller	NoContrast	NoLeftmostPlacement	FullRealization	NoRightmostPlacement	NormalNumberParadigm	NotLeftConjunct	NormalClassifyingCapitalization	ZeroDoubleConjunct	NotCommonChild	NotEllipted	NormalMorphForm	NotControlled	NotRightConjunct
61	77	года	года	285190	285181	Inanimate	Inanimate	Reflexive	FullReflexivity	NonReflexive	ImperfectiveReflexivity	Reflexive	FullReflexivity	NonReflexive	ImperfectiveReflexivity	NormalMorphForm	NormalMorphForm	DefectOne	DefectTwo	Byt	DefectThree	DefectFour	DefectOne	DefectTwo	Byt	DefectThree	DefectFour	GTNoun	GTNoun	NotEllipted	NotEllipted	VocalForm	NForm	VocalForm	NForm	NotControlled	NotControlled	ZeroTypeOfCoordination	ZeroTypeOfCoordination	NoCompositeness	NoCompositeness	DegreeComparative	DegreePositive	DegreeSuperlative	DegreeComparative	DegreePositive	DegreeSuperlative	Adverb_Un_Hyphen	Adverb_With_Hyphen	Adverb_Un_Hyphen	Adverb_With_Hyphen	DeclensionNominal	DeclensionNominal	Un_Comp_Suf	Un_Comp_Suf	BiAspectual	MonoAspectual	Paired	BiAspectual	MonoAspectual	Paired	FullSynthComparison	NoSynthComparative	NoSynthSuperlative	OnlySuperlative	FullSynthComparison	NoSynthComparative	NoSynthSuperlative	OnlySuperlative	MOne	MTwo	MThree	MOne	MTwo	MThree	NormalClassifyingCapitalization	NormalClassifyingCapitalization	Future	Past	Present	Future	Past	Present	Noun	Noun	ZeroDoubleConjunct	ZeroDoubleConjunct	NotCommonChild	NotCommonChild	Accusative	Nominative	Accusative	Genitive	Nominative	RCDemonstrative	RCAttributive	RCPossessive	RCIndefinite	RCPersonal	RCInterrogative	RCNegative	RCReflexive	RCNoun	RCDemonstrative	RCAttributive	RCPossessive	RCIndefinite	RCPersonal	RCInterrogative	RCNegative	RCReflexive	RCNoun	NoPlacement	NoPlacement	Imperfective	Perfective	Imperfective	Perfective	NotDefaultFiller	NotDefaultFiller	Masculine	Masculine	NoLeftmostPlacement	NoLeftmostPlacement	Iterat	UnIterat	Iterat	UnIterat	NoRightmostPlacement	NoRightmostPlacement	NotLeftConjunct	NotLeftConjunct	PersonFirst	PersonSecond	PersonThird	PersonZero	PersonFirst	PersonSecond	PersonThird	PersonZero	Active	VoiceSya	Passive	Active	VoiceSya	Passive	VerbIntransitive	VerbIntransitiveSpecial	VerbTransitive	VerbTransitiveSpecial	VerbIntransitive	VerbIntransitiveSpecial	VerbTransitive	VerbTransitiveSpecial	NotRightConjunct	NotRightConjunct	NoSpecialCaseForm	NoSpecialCaseForm	NoContrast	NoContrast	NormalCapitalization	NormalCapitalization	PO_Prefixoid	Rus_Prefixoid	VPOL_Prefixoid	NE_Prefixoid	Eval_Prefixoid	Intern_Prefixoid	Reduced_Prefixoid	InternHy_Prefixoid	Letter_Prefixoid	BEZ_Prefixoid	BES_Prefixoid	BEZer_Prefixoid	V_Prefixoid	InternModEr_Prefixoid	RusHy_Prefixoid	NAI_Prefixoid	POL_Prefixoid	NI_Prefixoid	KOE_Prefixoid	Intern_ReducedPrefixoid	InternMod_Prefixoid	Chem_Prefixoid	ProperNamePrefixoid	Chemical_Possible	PO_Prefixoid	Rus_Prefixoid	VPOL_Prefixoid	NE_Prefixoid	Eval_Prefixoid	Intern_Prefixoid	Reduced_Prefixoid	InternHy_Prefixoid	Letter_Prefixoid	BEZ_Prefixoid	BES_Prefixoid	BEZer_Prefixoid	V_Prefixoid	InternModEr_Prefixoid	RusHy_Prefixoid	NAI_Prefixoid	POL_Prefixoid	NI_Prefixoid	KOE_Prefixoid	Intern_ReducedPrefixoid	InternMod_Prefixoid	Chem_Prefixoid	ProperNamePrefixoid	Chemical_Possible	ParticipleFullForm	ParticipleShortForm	ParticipleFullForm	ParticipleShortForm	Plural	Plural	Singular	FiveAndMore	Three	Four	Two	SevenEight	FiveAndMore	Three	Four	Two	SevenEight	AdjectiveFullForm	AdjectiveShortForm	AdjectiveShortFlectional	AdjectiveFullForm	AdjectiveShortForm	AdjectiveShortFlectional	NounProperGeneral	NounProperSurNameFlective	NounProperTown	NounProperName	AdjectiveProper	NounProperPatronymic	NounProperNameDimin	AbbrProperGeneral	NounProperSurNameForeign	NounProperGeneral	NounProperSurNameFlective	NounProperTown	NounProperName	AdjectiveProper	NounProperPatronymic	NounProperNameDimin	AbbrProperGeneral	NounProperSurNameForeign	NonCountForm	NormalNumberParadigm	NonCountForm	FullRealization	FullRealization
67	-1			285240	285235
67	0	В	В	285222	285221	Animate	Inanimate	Inanimate	Inanimate	Reflexive	FullReflexivity	NonReflexive	ImperfectiveReflexivity	Reflexive	FullReflexivity	NonReflexive	ImperfectiveReflexivity	Reflexive	FullReflexivity	NonReflexive	ImperfectiveReflexivity	NormalMorphForm	NormalMorphForm	NormalMorphForm	NormalMorphForm	DefectOne	DefectTwo	Byt	DefectThree	DefectFour	DefectOne	DefectTwo	Byt	DefectThree	DefectFour	DefectOne	DefectTwo	Byt	DefectThree	DefectFour	GTInvariable	GTNoun	GTNoun	NotEllipted	NotEllipted	NotEllipted	NotEllipted	VocalForm	NForm	VocalForm	NForm	VocalForm	NForm	NotControlled	NotControlled	NotControlled	NotControlled	ZeroTypeOfCoordination	ZeroTypeOfCoordination	ZeroTypeOfCoordination	ZeroTypeOfCoordination	Composite_ski	Composite_iko	Composite_sko	NoCompositeness	Composite_o	Composite_e	Composite_usek	Composite_null	Composite_Numeral	Composite_cko	Composite_cki	Composite_ComplexNumeral	Composite_NumeralFull	Composite_NumeralShort	NoCompositeness	NoCompositeness	DegreeComparative	DegreePositive	DegreeSuperlative	DegreeComparative	DegreePositive	DegreeSuperlative	DegreeComparative	DegreePositive	DegreeSuperlative	Adverb_Un_Hyphen	Adverb_With_Hyphen	Adverb_Un_Hyphen	Adverb_With_Hyphen	Adverb_Un_Hyphen	Adverb_With_Hyphen	DeclensionAdjectival	DeclensionNominal	DeclensionMixed	Indeclinable	Indeclinable	Indeclinable	Comp_Suffixoid	Un_Comp_Suf	Comp_Suffixoid_Num_OJ	Comp_Suffixoid_Num_YJ	Comp_Suffixoid_Num_IJ	Comp_Suffixoid_Num_J	Comp_PunctuatorPost	Comp_PunctuatorPref	Comp_PunctuatorPostSeparable	Comp_PunctuatorPrefSeparable	Comp_Prefixoid	Comp_Suffixoid_Num_PercentYJ	Comp_Noun	Comp_Suffixoid_Chem	Comp_Adj	Comp_SuffixoidAbbr	Comp_PunctuatorPostSeparable	Comp_PunctuatorPostSeparable	BiAspectual	MonoAspectual	Paired	BiAspectual	MonoAspectual	Paired	BiAspectual	MonoAspectual	Paired	FullSynthComparison	NoSynthComparative	NoSynthSuperlative	OnlySuperlative	FullSynthComparison	NoSynthComparative	NoSynthSuperlative	OnlySuperlative	FullSynthComparison	NoSynthComparative	NoSynthSuperlative	OnlySuperlative	MOne	MTwo	MThree	MOne	MTwo	MThree	MOne	MTwo	MThree	NormalClassifyingCapitalization	NormalClassifyingCapitalization	NormalClassifyingCapitalization	NormalClassifyingCapitalization	Future	Past	Present	Future	Past	Present	Future	Past	Present	Preposition	Noun	Noun	ZeroDoubleConjunct	ZeroDoubleConjunct	ZeroDoubleConjunct	ZeroDoubleConjunct	NotCommonChild	NotCommonChild	NotCommonChild	NotCommonChild	Accusative	Dative	Genitive	Instrumental	Locative	Nominative	Partitive	Prepositional	DativeSpecial	ZeroCase	Vocative	Accusative	Dative	Genitive	Instrumental	Locative	Nominative	Partitive	Prepositional	Accusative	Dative	Genitive	Instrumental	Locative	Nominative	Partitive	Prepositional	RCDemonstrative	RCAttributive	RCPossessive	RCIndefinite	RCPersonal	RCInterrogative	RCNegative	RCReflexive	RCNoun	RCDemonstrative	RCAttributive	RCPossessive	RCIndefinite	RCPersonal	RCInterrogative	RCNegative	RCReflexive	RCNoun	RCDemonstrative	RCAttributive	RCPossessive	RCIndefinite	RCPersonal	RCInterrogative	RCNegative	RCReflexive	RCNoun	NoPlacement	NoPlacement	NoPlacement	NoPlacement	Imperfective	Perfective	Imperfective	Perfective	Imperfective	Perfective	NotDefaultFiller	NotDefaultFiller	NotDefaultFiller	NotDefaultFiller	Feminine	Masculine	Neuter	Common	Masculine	Feminine	Masculine	Neuter	Common	NoLeftmostPlacement	NoLeftmostPlacement	NoLeftmostPlacement	NoLeftmostPlacement	Iterat	UnIterat	Iterat	UnIterat	Iterat	UnIterat	NoRightmostPlacement	NoRightmostPlacement	NoRightmostPlacement	NoRightmostPlacement	NotLeftConjunct	NotLeftConjunct	NotLeftConjunct	NotLeftConjunct	PersonFirst	PersonSecond	PersonThird	PersonZero	PersonFirst	PersonSecond	PersonThird	PersonZero	PersonFirst	PersonSecond	PersonThird	PersonZero	Active	VoiceSya	Passive	Active	VoiceSya	Passive	Active	VoiceSya	Passive	VerbIntransitive	VerbIntransitiveSpecial	VerbTransitive	VerbTransitiveSpecial	VerbIntransitive	VerbIntransitiveSpecial	VerbTransitive	VerbTransitiveSpecial	VerbIntransitive	VerbIntransitiveSpecial	VerbTransitive	VerbTransitiveSpecial	NotRightConjunct	NotRightConjunct	NotRightConjunct	NotRightConjunct	NoSpecialCaseForm	Locative_u	Genitive_u	Plural_consonant	Genitive_Locative_u	GenitivePlural_Zero	NominativePlural_a	SpecialPlual	SpecialVocative	NoSpecialCaseForm	Locative_u	Genitive_u	Plural_consonant	Genitive_Locative_u	GenitivePlural_Zero	NominativePlural_a	SpecialPlual	SpecialVocative	NoSpecialCaseForm	Locative_u	Genitive_u	Plural_consonant	Genitive_Locative_u	GenitivePlural_Zero	NominativePlural_a	SpecialPlual	SpecialVocative	NoContrast	NoContrast	NoContrast	NoContrast	NormalCapitalization	NormalCapitalization	NormalCapitalization	NormalCapitalization	PO_Prefixoid	Rus_Prefixoid	VPOL_Prefixoid	NE_Prefixoid	Eval_Prefixoid	Intern_Prefixoid	Reduced_Prefixoid	InternHy_Prefixoid	Letter_Prefixoid	BEZ_Prefixoid	BES_Prefixoid	BEZer_Prefixoid	V_Prefixoid	InternModEr_Prefixoid	RusHy_Prefixoid	NAI_Prefixoid	POL_Prefixoid	NI_Prefixoid	KOE_Prefixoid	Intern_ReducedPrefixoid	InternMod_Prefixoid	Chem_Prefixoid	ProperNamePrefixoid	Chemical_Possible	PO_Prefixoid	Rus_Prefixoid	VPOL_Prefixoid	NE_Prefixoid	Eval_Prefixoid	Intern_Prefixoid	Reduced_Prefixoid	InternHy_Prefixoid	Letter_Prefixoid	BEZ_Prefixoid	BES_Prefixoid	BEZer_Prefixoid	V_Prefixoid	InternModEr_Prefixoid	RusHy_Prefixoid	NAI_Prefixoid	POL_Prefixoid	NI_Prefixoid	KOE_Prefixoid	Intern_ReducedPrefixoid	InternMod_Prefixoid	Chem_Prefixoid	ProperNamePrefixoid	Chemical_Possible	PO_Prefixoid	Rus_Prefixoid	VPOL_Prefixoid	NE_Prefixoid	Eval_Prefixoid	Intern_Prefixoid	Reduced_Prefixoid	InternHy_Prefixoid	Letter_Prefixoid	BEZ_Prefixoid	BES_Prefixoid	BEZer_Prefixoid	V_Prefixoid	InternModEr_Prefixoid	RusHy_Prefixoid	NAI_Prefixoid	POL_Prefixoid	NI_Prefixoid	KOE_Prefixoid	Intern_ReducedPrefixoid	InternMod_Prefixoid	Chem_Prefixoid	ProperNamePrefixoid	Chemical_Possible	ParticipleFullForm	ParticipleShortForm	ParticipleFullForm	ParticipleShortForm	ParticipleFullForm	ParticipleShortForm	Plural	Singular	Plural	Singular	Plural	Singular	FiveAndMore	Three	Four	Two	SevenEight	FiveAndMore	Three	Four	Two	SevenEight	FiveAndMore	Three	Four	Two	SevenEight	AdjectiveFullForm	AdjectiveShortForm	AdjectiveShortFlectional	AdjectiveFullForm	AdjectiveShortForm	AdjectiveShortFlectional	AdjectiveFullForm	AdjectiveShortForm	AdjectiveShortFlectional	NounProperGeneral	NounProperSurNameFlective	NounProperTown	NounProperName	AdjectiveProper	NounProperPatronymic	NounProperNameDimin	AbbrProperGeneral	NounProperSurNameForeign	NounProperGeneral	NounProperSurNameFlective	NounProperTown	NounProperName	AdjectiveProper	NounProperPatronymic	NounProperNameDimin	AbbrProperGeneral	NounProperSurNameForeign	NounProperGeneral	NounProperSurNameFlective	NounProperTown	NounProperName	AdjectiveProper	NounProperPatronymic	NounProperNameDimin	AbbrProperGeneral	NounProperSurNameForeign	NormalNumberParadigm	NormalNumberParadigm	NormalNumberParadigm	NormalNumberParadigm	FullRealization	FullRealization	FullRealization	FullRealization
67	2	июле	июле	285221	285220	Inanimate	Reflexive	FullReflexivity	NonReflexive	ImperfectiveReflexivity	NormalMorphForm	DefectOne	DefectTwo	Byt	DefectThree	DefectFour	GTNoun	NotEllipted	VocalForm	NForm	NotControlled	ZeroTypeOfCoordination	NoCompositeness	DegreeComparative	DegreePositive	DegreeSuperlative	Adverb_Un_Hyphen	Adverb_With_Hyphen	DeclensionNominal	Un_Comp_Suf	BiAspectual	MonoAspectual	Paired	FullSynthComparison	NoSynthComparative	NoSynthSuperlative	OnlySuperlative	MOne	MTwo	MThree	NormalClassifyingCapitalization	Future	Past	Present	Noun	ZeroDoubleConjunct	NotCommonChild	Locative	Prepositional	RCDemonstrative	RCAttributive	RCPossessive	RCIndefinite	RCPersonal	RCInterrogative	RCNegative	RCReflexive	RCNoun	NoPlacement	Imperfective	Perfective	NotDefaultFiller	Masculine	NoLeftmostPlacement	Iterat	UnIterat	NoRightmostPlacement	NotLeftConjunct	PersonFirst	PersonSecond	PersonThird	PersonZero	Active	VoiceSya	Passive	VerbIntransitive	VerbIntransitiveSpecial	VerbTransitive	VerbTransitiveSpecial	NotRightConjunct	NoSpecialCaseForm	NoContrast	NormalCapitalization	PO_Prefixoid	Rus_Prefixoid	VPOL_Prefixoid	NE_Prefixoid	Eval_Prefixoid	Intern_Prefixoid	Reduced_Prefixoid	InternHy_Prefixoid	Letter_Prefixoid	BEZ_Prefixoid	BES_Prefixoid	BEZer_Prefixoid	V_Prefixoid	InternModEr_Prefixoid	RusHy_Prefixoid	NAI_Prefixoid	POL_Prefixoid	NI_Prefixoid	KOE_Prefixoid	Intern_ReducedPrefixoid	InternMod_Prefixoid	Chem_Prefixoid	ProperNamePrefixoid	Chemical_Possible	ParticipleFullForm	ParticipleShortForm	Singular	FiveAndMore	Three	Four	Two	SevenEight	AdjectiveFullForm	AdjectiveShortForm	AdjectiveShortFlectional	NounProperGeneral	NounProperSurNameFlective	NounProperTown	NounProperName	AdjectiveProper	NounProperPatronymic	NounProperNameDimin	AbbrProperGeneral	NounProperSurNameForeign	NormalNumberParadigm	FullRealization
67	7	2008	2008	285224	285223	ZeroTypeOfCoordination	NoPlacement	NormalCapitalization	NotDefaultFiller	NoContrast	NoLeftmostPlacement	FullRealization	NoRightmostPlacement	NormalNumberParadigm	NotLeftConjunct	NormalClassifyingCapitalization	ZeroDoubleConjunct	NotCommonChild	NotEllipted	NormalMorphForm	NotControlled	NotRightConjunct
67	12	года	года	285223	285221	Inanimate	Inanimate	Reflexive	FullReflexivity	NonReflexive	ImperfectiveReflexivity	Reflexive	FullReflexivity	NonReflexive	ImperfectiveReflexivity	NormalMorphForm	NormalMorphForm	DefectOne	DefectTwo	Byt	DefectThree	DefectFour	DefectOne	DefectTwo	Byt	DefectThree	DefectFour	GTNoun	GTNoun	NotEllipted	NotEllipted	VocalForm	NForm	VocalForm	NForm	NotControlled	NotControlled	ZeroTypeOfCoordination	ZeroTypeOfCoordination	NoCompositeness	NoCompositeness	DegreeComparative	DegreePositive	DegreeSuperlative	DegreeComparative	DegreePositive	DegreeSuperlative	Adverb_Un_Hyphen	Adverb_With_Hyphen	Adverb_Un_Hyphen	Adverb_With_Hyphen	DeclensionNominal	DeclensionNominal	Un_Comp_Suf	Un_Comp_Suf	BiAspectual	MonoAspectual	Paired	BiAspectual	MonoAspectual	Paired	FullSynthComparison	NoSynthComparative	NoSynthSuperlative	OnlySuperlative	FullSynthComparison	NoSynthComparative	NoSynthSuperlative	OnlySuperlative	MOne	MTwo	MThree	MOne	MTwo	MThree	NormalClassifyingCapitalization	NormalClassifyingCapitalization	Future	Past	Present	Future	Past	Present	Noun	Noun	ZeroDoubleConjunct	ZeroDoubleConjunct	NotCommonChild	NotCommonChild	Accusative	Nominative	Accusative	Genitive	Nominative	RCDemonstrative	RCAttributive	RCPossessive	RCIndefinite	RCPersonal	RCInterrogative	RCNegative	RCReflexive	RCNoun	RCDemonstrative	RCAttributive	RCPossessive	RCIndefinite	RCPersonal	RCInterrogative	RCNegative	RCReflexive	RCNoun	NoPlacement	NoPlacement	Imperfective	Perfective	Imperfective	Perfective	NotDefaultFiller	NotDefaultFiller	Masculine	Masculine	NoLeftmostPlacement	NoLeftmostPlacement	Iterat	UnIterat	Iterat	UnIterat	NoRightmostPlacement	NoRightmostPlacement	NotLeftConjunct	NotLeftConjunct	PersonFirst	PersonSecond	PersonThird	PersonZero	PersonFirst	PersonSecond	PersonThird	PersonZero	Active	VoiceSya	Passive	Active	VoiceSya	Passive	VerbIntransitive	VerbIntransitiveSpecial	VerbTransitive	VerbTransitiveSpecial	VerbIntransitive	VerbIntransitiveSpecial	VerbTransitive	VerbTransitiveSpecial	NotRightConjunct	NotRightConjunct	NoSpecialCaseForm	NoSpecialCaseForm	NoContrast	NoContrast	NormalCapitalization	NormalCapitalization	PO_Prefixoid	Rus_Prefixoid	VPOL_Prefixoid	NE_Prefixoid	Eval_Prefixoid	Intern_Prefixoid	Reduced_Prefixoid	InternHy_Prefixoid	Letter_Prefixoid	BEZ_Prefixoid	BES_Prefixoid	BEZer_Prefixoid	V_Prefixoid	InternModEr_Prefixoid	RusHy_Prefixoid	NAI_Prefixoid	POL_Prefixoid	NI_Prefixoid	KOE_Prefixoid	Intern_ReducedPrefixoid	InternMod_Prefixoid	Chem_Prefixoid	ProperNamePrefixoid	Chemical_Possible	PO_Prefixoid	Rus_Prefixoid	VPOL_Prefixoid	NE_Prefixoid	Eval_Prefixoid	Intern_Prefixoid	Reduced_Prefixoid	InternHy_Prefixoid	Letter_Prefixoid	BEZ_Prefixoid	BES_Prefixoid	BEZer_Prefixoid	V_Prefixoid	InternModEr_Prefixoid	RusHy_Prefixoid	NAI_Prefixoid	POL_Prefixoid	NI_Prefixoid	KOE_Prefixoid	Intern_ReducedPrefixoid	InternMod_Prefixoid	Chem_Prefixoid	ProperNamePrefixoid	Chemical_Possible	ParticipleFullForm	ParticipleShortForm	ParticipleFullForm	ParticipleShortForm	Plural	Plural	Singular	FiveAndMore	Three	Four	Two	SevenEight	FiveAndMore	Three	Four	Two	SevenEight	AdjectiveFullForm	AdjectiveShortForm	AdjectiveShortFlectional	AdjectiveFullForm	AdjectiveShortForm	AdjectiveShortFlectional	NounProperGeneral	NounProperSurNameFlective	NounProperTown	NounProperName	AdjectiveProper	NounProperPatronymic	NounProperNameDimin	AbbrProperGeneral	NounProperSurNameForeign	NounProperGeneral	NounProperSurNameFlective	NounProperTown	NounProperName	AdjectiveProper	NounProperPatronymic	NounProperNameDimin	AbbrProperGeneral	NounProperSurNameForeign	NonCountForm	NormalNumberParadigm	NonCountForm	FullRealization	FullRealization
67	17	Скворцова	Скворцова	285225	285220	Animate	Reflexive	FullReflexivity	NonReflexive	ImperfectiveReflexivity	NormalMorphForm	DefectOne	DefectTwo	Byt	DefectThree	DefectFour	GTNoun	NotEllipted	VocalForm	NForm	NotControlled	ZeroTypeOfCoordination	NoCompositeness	DegreeComparative	DegreePositive	DegreeSuperlative	Adverb_Un_Hyphen	Adverb_With_Hyphen	DeclensionNominal	Un_Comp_Suf	BiAspectual	MonoAspectual	Paired	FullSynthComparison	NoSynthComparative	NoSynthSuperlative	OnlySuperlative	MOne	MTwo	MThree	NormalClassifyingCapitalization	Future	Past	Present	Noun	ZeroDoubleConjunct	NotCommonChild	Accusative	Genitive	Nominative	Partitive	RCDemonstrative	RCAttributive	RCPossessive	RCIndefinite	RCPersonal	RCInterrogative	RCNegative	RCReflexive	RCNoun	NoPlacement	Imperfective	Perfective	NotDefaultFiller	Feminine	Masculine	NoLeftmostPlacement	Iterat	UnIterat	NoRightmostPlacement	NotLeftConjunct	PersonFirst	PersonSecond	PersonThird	PersonZero	Active	VoiceSya	Passive	VerbIntransitive	VerbIntransitiveSpecial	VerbTransitive	VerbTransitiveSpecial	NotRightConjunct	NoSpecialCaseForm	NoContrast	NormalCapitalization	PO_Prefixoid	Rus_Prefixoid	VPOL_Prefixoid	NE_Prefixoid	Eval_Prefixoid	Intern_Prefixoid	Reduced_Prefixoid	InternHy_Prefixoid	Letter_Prefixoid	BEZ_Prefixoid	BES_Prefixoid	BEZer_Prefixoid	V_Prefixoid	InternModEr_Prefixoid	RusHy_Prefixoid	NAI_Prefixoid	POL_Prefixoid	NI_Prefixoid	KOE_Prefixoid	Intern_ReducedPrefixoid	InternMod_Prefixoid	Chem_Prefixoid	ProperNamePrefixoid	Chemical_Possible	ParticipleFullForm	ParticipleShortForm	Singular	FiveAndMore	Three	Four	Two	SevenEight	AdjectiveFullForm	AdjectiveShortForm	AdjectiveShortFlectional	NounProperSurNameFlective	NormalNumberParadigm	FullRealization
67	27	перешла	перешла	285220	-1	Animate	Inanimate	ImperfectiveReflexivity	NormalMorphForm	DefectOne	DefectTwo	Byt	DefectThree	DefectFour	GTVerb	NotEllipted	VocalForm	NForm	NotControlled	ZeroTypeOfCoordination	Composite_ski	Composite_iko	Composite_sko	NoCompositeness	Composite_o	Composite_e	Composite_usek	Composite_null	Composite_Numeral	Composite_cko	Composite_cki	Composite_ComplexNumeral	Composite_NumeralFull	Composite_NumeralShort	DegreeComparative	DegreePositive	DegreeSuperlative	Adverb_Un_Hyphen	Adverb_With_Hyphen	DeclensionAdjectival	DeclensionNominal	DeclensionMixed	Indeclinable	Comp_Suffixoid	Un_Comp_Suf	Comp_Suffixoid_Num_OJ	Comp_Suffixoid_Num_YJ	Comp_Suffixoid_Num_IJ	Comp_Suffixoid_Num_J	Comp_PunctuatorPost	Comp_PunctuatorPref	Comp_PunctuatorPostSeparable	Comp_PunctuatorPrefSeparable	Comp_Prefixoid	Comp_Suffixoid_Num_PercentYJ	Comp_Noun	Comp_Suffixoid_Chem	Comp_Adj	Comp_SuffixoidAbbr	Paired	FullSynthComparison	NoSynthComparative	NoSynthSuperlative	OnlySuperlative	MOne	MTwo	MThree	NormalClassifyingCapitalization	Past	Verb	ZeroDoubleConjunct	NotCommonChild	Accusative	Dative	Genitive	Instrumental	Locative	Nominative	Partitive	Prepositional	DativeSpecial	ZeroCase	Vocative	RCDemonstrative	RCAttributive	RCPossessive	RCIndefinite	RCPersonal	RCInterrogative	RCNegative	RCReflexive	RCNoun	NoPlacement	Perfective	NotDefaultFiller	Feminine	NoLeftmostPlacement	UnIterat	NoRightmostPlacement	NotLeftConjunct	PersonFirst	PersonSecond	PersonThird	PersonZero	Active	VerbTransitive	NotRightConjunct	NoSpecialCaseForm	Locative_u	Genitive_u	Plural_consonant	Genitive_Locative_u	GenitivePlural_Zero	NominativePlural_a	SpecialPlual	SpecialVocative	NoContrast	NormalCapitalization	PO_Prefixoid	Rus_Prefixoid	VPOL_Prefixoid	NE_Prefixoid	Eval_Prefixoid	Intern_Prefixoid	Reduced_Prefixoid	InternHy_Prefixoid	Letter_Prefixoid	BEZ_Prefixoid	BES_Prefixoid	BEZer_Prefixoid	V_Prefixoid	InternModEr_Prefixoid	RusHy_Prefixoid	NAI_Prefixoid	POL_Prefixoid	NI_Prefixoid	KOE_Prefixoid	Intern_ReducedPrefixoid	InternMod_Prefixoid	Chem_Prefixoid	ProperNamePrefixoid	Chemical_Possible	ParticipleFullForm	ParticipleShortForm	Singular	FiveAndMore	Three	Four	Two	SevenEight	AdjectiveFullForm	AdjectiveShortForm	AdjectiveShortFlectional	NounProperGeneral	NounProperSurNameFlective	NounProperTown	NounProperName	AdjectiveProper	NounProperPatronymic	NounProperNameDimin	AbbrProperGeneral	NounProperSurNameForeign	NormalNumberParadigm	FullRealization
67	35	на	на	285227	285226	Animate	Inanimate	Reflexive	FullReflexivity	NonReflexive	ImperfectiveReflexivity	NormalMorphForm	DefectOne	DefectTwo	Byt	DefectThree	DefectFour	GTInvariable	NotEllipted	VocalForm	NForm	NotControlled	ZeroTypeOfCoordination	Composite_ski	Composite_iko	Composite_sko	NoCompositeness	Composite_o	Composite_e	Composite_usek	Composite_null	Composite_Numeral	Composite_cko	Composite_cki	Composite_ComplexNumeral	Composite_NumeralFull	Composite_NumeralShort	DegreeComparative	DegreePositive	DegreeSuperlative	Adverb_Un_Hyphen	Adverb_With_Hyphen	DeclensionAdjectival	DeclensionNominal	DeclensionMixed	Indeclinable	Comp_Suffixoid	Un_Comp_Suf	Comp_Suffixoid_Num_OJ	Comp_Suffixoid_Num_YJ	Comp_Suffixoid_Num_IJ	Comp_Suffixoid_Num_J	Comp_PunctuatorPost	Comp_PunctuatorPref	Comp_PunctuatorPostSeparable	Comp_PunctuatorPrefSeparable	Comp_Prefixoid	Comp_Suffixoid_Num_PercentYJ	Comp_Noun	Comp_Suffixoid_Chem	Comp_Adj	Comp_SuffixoidAbbr	BiAspectual	MonoAspectual	Paired	FullSynthComparison	NoSynthComparative	NoSynthSuperlative	OnlySuperlative	MOne	MTwo	MThree	NormalClassifyingCapitalization	Future	Past	Present	Preposition	ZeroDoubleConjunct	NotCommonChild	Accusative	Dative	Genitive	Instrumental	Locative	Nominative	Partitive	Prepositional	DativeSpecial	ZeroCase	Vocative	RCDemonstrative	RCAttributive	RCPossessive	RCIndefinite	RCPersonal	RCInterrogative	RCNegative	RCReflexive	RCNoun	NoPlacement	Imperfective	Perfective	NotDefaultFiller	Feminine	Masculine	Neuter	Common	NoLeftmostPlacement	Iterat	UnIterat	NoRightmostPlacement	NotLeftConjunct	PersonFirst	PersonSecond	PersonThird	PersonZero	Active	VoiceSya	Passive	VerbIntransitive	VerbIntransitiveSpecial	VerbTransitive	VerbTransitiveSpecial	NotRightConjunct	NoSpecialCaseForm	Locative_u	Genitive_u	Plural_consonant	Genitive_Locative_u	GenitivePlural_Zero	NominativePlural_a	SpecialPlual	SpecialVocative	NoContrast	NormalCapitalization	PO_Prefixoid	Rus_Prefixoid	VPOL_Prefixoid	NE_Prefixoid	Eval_Prefixoid	Intern_Prefixoid	Reduced_Prefixoid	InternHy_Prefixoid	Letter_Prefixoid	BEZ_Prefixoid	BES_Prefixoid	BEZer_Prefixoid	V_Prefixoid	InternModEr_Prefixoid	RusHy_Prefixoid	NAI_Prefixoid	POL_Prefixoid	NI_Prefixoid	KOE_Prefixoid	Intern_ReducedPrefixoid	InternMod_Prefixoid	Chem_Prefixoid	ProperNamePrefixoid	Chemical_Possible	ParticipleFullForm	ParticipleShortForm	Plural	Singular	FiveAndMore	Three	Four	Two	SevenEight	AdjectiveFullForm	AdjectiveShortForm	AdjectiveShortFlectional	NounProperGeneral	NounProperSurNameFlective	NounProperTown	NounProperName	AdjectiveProper	NounProperPatronymic	NounProperNameDimin	AbbrProperGeneral	NounProperSurNameForeign	NormalNumberParadigm	FullRealization
67	38	работу	работу	285226	285220	Inanimate	Reflexive	FullReflexivity	NonReflexive	ImperfectiveReflexivity	NormalMorphForm	DefectOne	DefectTwo	Byt	DefectThree	DefectFour	GTNoun	NotEllipted	VocalForm	NForm	NotControlled	ZeroTypeOfCoordination	NoCompositeness	DegreeComparative	DegreePositive	DegreeSuperlative	Adverb_Un_Hyphen	Adverb_With_Hyphen	DeclensionNominal	Un_Comp_Suf	BiAspectual	MonoAspectual	Paired	FullSynthComparison	NoSynthComparative	NoSynthSuperlative	OnlySuperlative	MOne	MTwo	MThree	NormalClassifyingCapitalization	Future	Past	Present	Noun	ZeroDoubleConjunct	NotCommonChild	Accusative	RCDemonstrative	RCAttributive	RCPossessive	RCIndefinite	RCPersonal	RCInterrogative	RCNegative	RCReflexive	RCNoun	NoPlacement	Imperfective	Perfective	NotDefaultFiller	Feminine	NoLeftmostPlacement	Iterat	UnIterat	NoRightmostPlacement	NotLeftConjunct	PersonFirst	PersonSecond	PersonThird	PersonZero	Active	VoiceSya	Passive	VerbIntransitive	VerbIntransitiveSpecial	VerbTransitive	VerbTransitiveSpecial	NotRightConjunct	NoSpecialCaseForm	NoContrast	NormalCapitalization	PO_Prefixoid	Rus_Prefixoid	VPOL_Prefixoid	NE_Prefixoid	Eval_Prefixoid	Intern_Prefixoid	Reduced_Prefixoid	InternHy_Prefixoid	Letter_Prefixoid	BEZ_Prefixoid	BES_Prefixoid	BEZer_Prefixoid	V_Prefixoid	InternModEr_Prefixoid	RusHy_Prefixoid	NAI_Prefixoid	POL_Prefixoid	NI_Prefixoid	KOE_Prefixoid	Intern_ReducedPrefixoid	InternMod_Prefixoid	Chem_Prefixoid	ProperNamePrefixoid	Chemical_Possible	ParticipleFullForm	ParticipleShortForm	Singular	FiveAndMore	Three	Four	Two	SevenEight	AdjectiveFullForm	AdjectiveShortForm	AdjectiveShortFlectional	NounProperGeneral	NounProperSurNameFlective	NounProperTown	NounProperName	AdjectiveProper	NounProperPatronymic	NounProperNameDimin	AbbrProperGeneral	NounProperSurNameForeign	NormalNumberParadigm	FullRealization
67	45	в	в	285229	285228	Animate	Inanimate	Inanimate	Reflexive	FullReflexivity	NonReflexive	ImperfectiveReflexivity	Reflexive	FullReflexivity	NonReflexive	ImperfectiveReflexivity	NormalMorphForm	NormalMorphForm	DefectOne	DefectTwo	Byt	DefectThree	DefectFour	DefectOne	DefectTwo	Byt	DefectThree	DefectFour	GTInvariable	GTNoun	NotEllipted	NotEllipted	VocalForm	NForm	VocalForm	NForm	NotControlled	NotControlled	ZeroTypeOfCoordination	ZeroTypeOfCoordination	Composite_ski	Composite_iko	Composite_sko	NoCompositeness	Composite_o	Composite_e	Composite_usek	Composite_null	Composite_Numeral	Composite_cko	Composite_cki	Composite_ComplexNumeral	Composite_NumeralFull	Composite_NumeralShort	NoCompositeness	DegreeComparative	DegreePositive	DegreeSuperlative	DegreeComparative	DegreePositive	DegreeSuperlative	Adverb_Un_Hyphen	Adverb_With_Hyphen	Adverb_Un_Hyphen	Adverb_With_Hyphen	DeclensionAdjectival	DeclensionNominal	DeclensionMixed	Indeclinable	Indeclinable	Comp_Suffixoid	Un_Comp_Suf	Comp_Suffixoid_Num_OJ	Comp_Suffixoid_Num_YJ	Comp_Suffixoid_Num_IJ	Comp_Suffixoid_Num_J	Comp_PunctuatorPost	Comp_PunctuatorPref	Comp_PunctuatorPostSeparable	Comp_PunctuatorPrefSeparable	Comp_Prefixoid	Comp_Suffixoid_Num_PercentYJ	Comp_Noun	Comp_Suffixoid_Chem	Comp_Adj	Comp_SuffixoidAbbr	Comp_PunctuatorPostSeparable	BiAspectual	MonoAspectual	Paired	BiAspectual	MonoAspectual	Paired	FullSynthComparison	NoSynthComparative	NoSynthSuperlative	OnlySuperlative	FullSynthComparison	NoSynthComparative	NoSynthSuperlative	OnlySuperlative	MOne	MTwo	MThree	MOne	MTwo	MThree	NormalClassifyingCapitalization	NormalClassifyingCapitalization	Future	Past	Present	Future	Past	Present	Preposition	Noun	ZeroDoubleConjunct	ZeroDoubleConjunct	NotCommonChild	NotCommonChild	Accusative	Dative	Genitive	Instrumental	Locative	Nominative	Partitive	Prepositional	DativeSpecial	ZeroCase	Vocative	Accusative	Dative	Genitive	Instrumental	Locative	Nominative	Partitive	Prepositional	RCDemonstrative	RCAttributive	RCPossessive	RCIndefinite	RCPersonal	RCInterrogative	RCNegative	RCReflexive	RCNoun	RCDemonstrative	RCAttributive	RCPossessive	RCIndefinite	RCPersonal	RCInterrogative	RCNegative	RCReflexive	RCNoun	NoPlacement	NoPlacement	Imperfective	Perfective	Imperfective	Perfective	NotDefaultFiller	NotDefaultFiller	Feminine	Masculine	Neuter	Common	Masculine	NoLeftmostPlacement	NoLeftmostPlacement	Iterat	UnIterat	Iterat	UnIterat	NoRightmostPlacement	NoRightmostPlacement	NotLeftConjunct	NotLeftConjunct	PersonFirst	PersonSecond	PersonThird	PersonZero	PersonFirst	PersonSecond	PersonThird	PersonZero	Active	VoiceSya	Passive	Active	VoiceSya	Passive	VerbIntransitive	VerbIntransitiveSpecial	VerbTransitive	VerbTransitiveSpecial	VerbIntransitive	VerbIntransitiveSpecial	VerbTransitive	VerbTransitiveSpecial	NotRightConjunct	NotRightConjunct	NoSpecialCaseForm	Locative_u	Genitive_u	Plural_consonant	Genitive_Locative_u	GenitivePlural_Zero	NominativePlural_a	SpecialPlual	SpecialVocative	NoSpecialCaseForm	Locative_u	Genitive_u	Plural_consonant	Genitive_Locative_u	GenitivePlural_Zero	NominativePlural_a	SpecialPlual	SpecialVocative	NoContrast	NoContrast	NormalCapitalization	NormalCapitalization	PO_Prefixoid	Rus_Prefixoid	VPOL_Prefixoid	NE_Prefixoid	Eval_Prefixoid	Intern_Prefixoid	Reduced_Prefixoid	InternHy_Prefixoid	Letter_Prefixoid	BEZ_Prefixoid	BES_Prefixoid	BEZer_Prefixoid	V_Prefixoid	InternModEr_Prefixoid	RusHy_Prefixoid	NAI_Prefixoid	POL_Prefixoid	NI_Prefixoid	KOE_Prefixoid	Intern_ReducedPrefixoid	InternMod_Prefixoid	Chem_Prefixoid	ProperNamePrefixoid	Chemical_Possible	PO_Prefixoid	Rus_Prefixoid	VPOL_Prefixoid	NE_Prefixoid	Eval_Prefixoid	Intern_Prefixoid	Reduced_Prefixoid	InternHy_Prefixoid	Letter_Prefixoid	BEZ_Prefixoid	BES_Prefixoid	BEZer_Prefixoid	V_Prefixoid	InternModEr_Prefixoid	RusHy_Prefixoid	NAI_Prefixoid	POL_Prefixoid	NI_Prefixoid	KOE_Prefixoid	Intern_ReducedPrefixoid	InternMod_Prefixoid	Chem_Prefixoid	ProperNamePrefixoid	Chemical_Possible	ParticipleFullForm	ParticipleShortForm	ParticipleFullForm	ParticipleShortForm	Plural	Singular	Plural	Singular	FiveAndMore	Three	Four	Two	SevenEight	FiveAndMore	Three	Four	Two	SevenEight	AdjectiveFullForm	AdjectiveShortForm	AdjectiveShortFlectional	AdjectiveFullForm	AdjectiveShortForm	AdjectiveShortFlectional	NounProperGeneral	NounProperSurNameFlective	NounProperTown	NounProperName	AdjectiveProper	NounProperPatronymic	NounProperNameDimin	AbbrProperGeneral	NounProperSurNameForeign	NounProperGeneral	NounProperSurNameFlective	NounProperTown	NounProperName	AdjectiveProper	NounProperPatronymic	NounProperNameDimin	AbbrProperGeneral	NounProperSurNameForeign	NormalNumberParadigm	NormalNumberParadigm	FullRealization	FullRealization
67	47	министерство	министерство	285228	285220	Inanimate	Reflexive	FullReflexivity	NonReflexive	ImperfectiveReflexivity	NormalMorphForm	DefectOne	DefectTwo	Byt	DefectThree	DefectFour	GTNoun	NotEllipted	VocalForm	NForm	NotControlled	ZeroTypeOfCoordination	NoCompositeness	DegreeComparative	DegreePositive	DegreeSuperlative	Adverb_Un_Hyphen	Adverb_With_Hyphen	DeclensionNominal	Un_Comp_Suf	BiAspectual	MonoAspectual	Paired	FullSynthComparison	NoSynthComparative	NoSynthSuperlative	OnlySuperlative	MOne	MTwo	MThree	NormalClassifyingCapitalization	Future	Past	Present	Noun	ZeroDoubleConjunct	NotCommonChild	Accusative	Nominative	RCDemonstrative	RCAttributive	RCPossessive	RCIndefinite	RCPersonal	RCInterrogative	RCNegative	RCReflexive	RCNoun	NoPlacement	Imperfective	Perfective	NotDefaultFiller	Neuter	NoLeftmostPlacement	Iterat	UnIterat	NoRightmostPlacement	NotLeftConjunct	PersonFirst	PersonSecond	PersonThird	PersonZero	Active	VoiceSya	Passive	VerbIntransitive	VerbIntransitiveSpecial	VerbTransitive	VerbTransitiveSpecial	NotRightConjunct	NominativePlural_a	NoContrast	NormalCapitalization	PO_Prefixoid	Rus_Prefixoid	VPOL_Prefixoid	NE_Prefixoid	Eval_Prefixoid	Intern_Prefixoid	Reduced_Prefixoid	InternHy_Prefixoid	Letter_Prefixoid	BEZ_Prefixoid	BES_Prefixoid	BEZer_Prefixoid	V_Prefixoid	InternModEr_Prefixoid	RusHy_Prefixoid	NAI_Prefixoid	POL_Prefixoid	NI_Prefixoid	KOE_Prefixoid	Intern_ReducedPrefixoid	InternMod_Prefixoid	Chem_Prefixoid	ProperNamePrefixoid	Chemical_Possible	ParticipleFullForm	ParticipleShortForm	Singular	FiveAndMore	Three	Four	Two	SevenEight	AdjectiveFullForm	AdjectiveShortForm	AdjectiveShortFlectional	NounProperGeneral	NounProperSurNameFlective	NounProperTown	NounProperName	AdjectiveProper	NounProperPatronymic	NounProperNameDimin	AbbrProperGeneral	NounProperSurNameForeign	NormalNumberParadigm	FullRealization
67	60	здравоохранения	здравоохранения	285230	285228	Inanimate	Reflexive	FullReflexivity	NonReflexive	ImperfectiveReflexivity	NormalMorphForm	DefectOne	DefectTwo	Byt	DefectThree	DefectFour	GTNoun	NotEllipted	VocalForm	NForm	NotControlled	ZeroTypeOfCoordination	NoCompositeness	DegreeComparative	DegreePositive	DegreeSuperlative	Adverb_Un_Hyphen	Adverb_With_Hyphen	DeclensionNominal	Un_Comp_Suf	BiAspectual	MonoAspectual	Paired	FullSynthComparison	NoSynthComparative	NoSynthSuperlative	OnlySuperlative	MOne	MTwo	MThree	NormalClassifyingCapitalization	Future	Past	Present	Noun	ZeroDoubleConjunct	NotCommonChild	Genitive	Partitive	RCDemonstrative	RCAttributive	RCPossessive	RCIndefinite	RCPersonal	RCInterrogative	RCNegative	RCReflexive	RCNoun	NoPlacement	Imperfective	Perfective	NotDefaultFiller	Neuter	NoLeftmostPlacement	Iterat	UnIterat	NoRightmostPlacement	NotLeftConjunct	PersonFirst	PersonSecond	PersonThird	PersonZero	Active	VoiceSya	Passive	VerbIntransitive	VerbIntransitiveSpecial	VerbTransitive	VerbTransitiveSpecial	NotRightConjunct	NoSpecialCaseForm	NoContrast	NormalCapitalization	PO_Prefixoid	Rus_Prefixoid	VPOL_Prefixoid	NE_Prefixoid	Eval_Prefixoid	Intern_Prefixoid	Reduced_Prefixoid	InternHy_Prefixoid	Letter_Prefixoid	BEZ_Prefixoid	BES_Prefixoid	BEZer_Prefixoid	V_Prefixoid	InternModEr_Prefixoid	RusHy_Prefixoid	NAI_Prefixoid	POL_Prefixoid	NI_Prefixoid	KOE_Prefixoid	Intern_ReducedPrefixoid	InternMod_Prefixoid	Chem_Prefixoid	ProperNamePrefixoid	Chemical_Possible	ParticipleFullForm	ParticipleShortForm	Singular	FiveAndMore	Three	Four	Two	SevenEight	AdjectiveFullForm	AdjectiveShortForm	AdjectiveShortFlectional	NounProperGeneral	NounProperSurNameFlective	NounProperTown	NounProperName	AdjectiveProper	NounProperPatronymic	NounProperNameDimin	AbbrProperGeneral	NounProperSurNameForeign	SingulariaTantum	FullRealization
67	76	и	и	285232	285231	Animate	Inanimate	Reflexive	FullReflexivity	NonReflexive	ImperfectiveReflexivity	NormalMorphForm	DefectOne	DefectTwo	Byt	DefectThree	DefectFour	GTInvariable	NotEllipted	VocalForm	NForm	NotControlled	ZeroTypeOfCoordination	Composite_ski	Composite_iko	Composite_sko	NoCompositeness	Composite_o	Composite_e	Composite_usek	Composite_null	Composite_Numeral	Composite_cko	Composite_cki	Composite_ComplexNumeral	Composite_NumeralFull	Composite_NumeralShort	DegreeComparative	DegreePositive	DegreeSuperlative	Adverb_Un_Hyphen	Adverb_With_Hyphen	DeclensionAdjectival	DeclensionNominal	DeclensionMixed	Indeclinable	Comp_Suffixoid	Un_Comp_Suf	Comp_Suffixoid_Num_OJ	Comp_Suffixoid_Num_YJ	Comp_Suffixoid_Num_IJ	Comp_Suffixoid_Num_J	Comp_PunctuatorPost	Comp_PunctuatorPref	Comp_PunctuatorPostSeparable	Comp_PunctuatorPrefSeparable	Comp_Prefixoid	Comp_Suffixoid_Num_PercentYJ	Comp_Noun	Comp_Suffixoid_Chem	Comp_Adj	Comp_SuffixoidAbbr	BiAspectual	MonoAspectual	Paired	FullSynthComparison	NoSynthComparative	NoSynthSuperlative	OnlySuperlative	MOne	MTwo	MThree	NormalClassifyingCapitalization	Future	Past	Present	Conjunction	Particle	ZeroDoubleConjunct	NotCommonChild	Accusative	Dative	Genitive	Instrumental	Locative	Nominative	Partitive	Prepositional	DativeSpecial	ZeroCase	Vocative	RCDemonstrative	RCAttributive	RCPossessive	RCIndefinite	RCPersonal	RCInterrogative	RCNegative	RCReflexive	RCNoun	NoPlacement	Imperfective	Perfective	NotDefaultFiller	Feminine	Masculine	Neuter	Common	NoLeftmostPlacement	Iterat	UnIterat	NoRightmostPlacement	NotLeftConjunct	PersonFirst	PersonSecond	PersonThird	PersonZero	Active	VoiceSya	Passive	VerbIntransitive	VerbIntransitiveSpecial	VerbTransitive	VerbTransitiveSpecial	NotRightConjunct	NoSpecialCaseForm	Locative_u	Genitive_u	Plural_consonant	Genitive_Locative_u	GenitivePlural_Zero	NominativePlural_a	SpecialPlual	SpecialVocative	NoContrast	NormalCapitalization	PO_Prefixoid	Rus_Prefixoid	VPOL_Prefixoid	NE_Prefixoid	Eval_Prefixoid	Intern_Prefixoid	Reduced_Prefixoid	InternHy_Prefixoid	Letter_Prefixoid	BEZ_Prefixoid	BES_Prefixoid	BEZer_Prefixoid	V_Prefixoid	InternModEr_Prefixoid	RusHy_Prefixoid	NAI_Prefixoid	POL_Prefixoid	NI_Prefixoid	KOE_Prefixoid	Intern_ReducedPrefixoid	InternMod_Prefixoid	Chem_Prefixoid	ProperNamePrefixoid	Chemical_Possible	ParticipleFullForm	ParticipleShortForm	Plural	Singular	FiveAndMore	Three	Four	Two	SevenEight	AdjectiveFullForm	AdjectiveShortForm	AdjectiveShortFlectional	NounProperGeneral	NounProperSurNameFlective	NounProperTown	NounProperName	AdjectiveProper	NounProperPatronymic	NounProperNameDimin	AbbrProperGeneral	NounProperSurNameForeign	NormalNumberParadigm	FullRealization
67	78	социального	социального	285233	285231	Animate	Inanimate	Reflexive	FullReflexivity	NonReflexive	ImperfectiveReflexivity	NormalMorphForm	DefectOne	DefectTwo	Byt	DefectThree	DefectFour	GTAdjective	NotEllipted	VocalForm	NForm	NotControlled	ZeroTypeOfCoordination	NoCompositeness	DegreePositive	Adverb_Un_Hyphen	Adverb_With_Hyphen	DeclensionAdjectival	DeclensionNominal	DeclensionMixed	Indeclinable	Un_Comp_Suf	BiAspectual	MonoAspectual	Paired	NoSynthComparative	MOne	MTwo	MThree	NormalClassifyingCapitalization	Future	Past	Present	Adjective	ZeroDoubleConjunct	NotCommonChild	Accusative	Genitive	Partitive	RCDemonstrative	RCAttributive	RCPossessive	RCIndefinite	RCPersonal	RCInterrogative	RCNegative	RCReflexive	RCNoun	NoPlacement	Imperfective	Perfective	NotDefaultFiller	Masculine	Neuter	NoLeftmostPlacement	Iterat	UnIterat	NoRightmostPlacement	NotLeftConjunct	PersonFirst	PersonSecond	PersonThird	PersonZero	Active	VoiceSya	Passive	VerbIntransitive	VerbIntransitiveSpecial	VerbTransitive	VerbTransitiveSpecial	NotRightConjunct	NoSpecialCaseForm	Locative_u	Genitive_u	Plural_consonant	Genitive_Locative_u	GenitivePlural_Zero	NominativePlural_a	SpecialPlual	SpecialVocative	NoContrast	NormalCapitalization	PO_Prefixoid	Rus_Prefixoid	VPOL_Prefixoid	NE_Prefixoid	Eval_Prefixoid	Intern_Prefixoid	Reduced_Prefixoid	InternHy_Prefixoid	Letter_Prefixoid	BEZ_Prefixoid	BES_Prefixoid	BEZer_Prefixoid	V_Prefixoid	InternModEr_Prefixoid	RusHy_Prefixoid	NAI_Prefixoid	POL_Prefixoid	NI_Prefixoid	KOE_Prefixoid	Intern_ReducedPrefixoid	InternMod_Prefixoid	Chem_Prefixoid	ProperNamePrefixoid	Chemical_Possible	ParticipleFullForm	ParticipleShortForm	Singular	FiveAndMore	Three	Four	Two	SevenEight	AdjectiveFullForm	NounProperGeneral	NounProperSurNameFlective	NounProperTown	NounProperName	AdjectiveProper	NounProperPatronymic	NounProperNameDimin	AbbrProperGeneral	NounProperSurNameForeign	NormalNumberParadigm	FullRealization
67	90	развития	развития	285231	285228	Inanimate	Reflexive	FullReflexivity	NonReflexive	ImperfectiveReflexivity	NormalMorphForm	DefectOne	DefectTwo	Byt	DefectThree	DefectFour	GTNoun	NotEllipted	VocalForm	NForm	NotControlled	ZeroTypeOfCoordination	NoCompositeness	DegreeComparative	DegreePositive	DegreeSuperlative	Adverb_Un_Hyphen	Adverb_With_Hyphen	DeclensionNominal	Un_Comp_Suf	BiAspectual	MonoAspectual	Paired	FullSynthComparison	NoSynthComparative	NoSynthSuperlative	OnlySuperlative	MOne	MTwo	MThree	NormalClassifyingCapitalization	Future	Past	Present	Noun	ZeroDoubleConjunct	NotCommonChild	Accusative	Genitive	Nominative	Partitive	RCDemonstrative	RCAttributive	RCPossessive	RCIndefinite	RCPersonal	RCInterrogative	RCNegative	RCReflexive	RCNoun	NoPlacement	Imperfective	Perfective	NotDefaultFiller	Neuter	NoLeftmostPlacement	Iterat	UnIterat	NoRightmostPlacement	NotLeftConjunct	PersonFirst	PersonSecond	PersonThird	PersonZero	Active	VoiceSya	Passive	VerbIntransitive	VerbIntransitiveSpecial	VerbTransitive	VerbTransitiveSpecial	NotRightConjunct	NoSpecialCaseForm	NoContrast	NormalCapitalization	PO_Prefixoid	Rus_Prefixoid	VPOL_Prefixoid	NE_Prefixoid	Eval_Prefixoid	Intern_Prefixoid	Reduced_Prefixoid	InternHy_Prefixoid	Letter_Prefixoid	BEZ_Prefixoid	BES_Prefixoid	BEZer_Prefixoid	V_Prefixoid	InternModEr_Prefixoid	RusHy_Prefixoid	NAI_Prefixoid	POL_Prefixoid	NI_Prefixoid	KOE_Prefixoid	Intern_ReducedPrefixoid	InternMod_Prefixoid	Chem_Prefixoid	ProperNamePrefixoid	Chemical_Possible	ParticipleFullForm	ParticipleShortForm	Plural	Singular	FiveAndMore	Three	Four	Two	SevenEight	AdjectiveFullForm	AdjectiveShortForm	AdjectiveShortFlectional	NounProperGeneral	NounProperSurNameFlective	NounProperTown	NounProperName	AdjectiveProper	NounProperPatronymic	NounProperNameDimin	AbbrProperGeneral	NounProperSurNameForeign	NormalNumberParadigm	FullRealization
67	99	РФ	РФ	285234	285228	Inanimate	Reflexive	FullReflexivity	NonReflexive	ImperfectiveReflexivity	NormalMorphForm	DefectOne	DefectTwo	Byt	DefectThree	DefectFour	GTNoun	NotEllipted	VocalForm	NForm	NotControlled	ZeroTypeOfCoordination	NoCompositeness	DegreeComparative	DegreePositive	DegreeSuperlative	Adverb_Un_Hyphen	Adverb_With_Hyphen	Indeclinable	Un_Comp_Suf	BiAspectual	MonoAspectual	Paired	FullSynthComparison	NoSynthComparative	NoSynthSuperlative	OnlySuperlative	MOne	MTwo	MThree	NormalClassifyingCapitalization	Future	Past	Present	Noun	ZeroDoubleConjunct	NotCommonChild	Accusative	Dative	Genitive	Instrumental	Locative	Nominative	Partitive	Prepositional	RCDemonstrative	RCAttributive	RCPossessive	RCIndefinite	RCPersonal	RCInterrogative	RCNegative	RCReflexive	RCNoun	NoPlacement	Imperfective	Perfective	NotDefaultFiller	Feminine	NoLeftmostPlacement	Iterat	UnIterat	NoRightmostPlacement	NotLeftConjunct	PersonFirst	PersonSecond	PersonThird	PersonZero	Active	VoiceSya	Passive	VerbIntransitive	VerbIntransitiveSpecial	VerbTransitive	VerbTransitiveSpecial	NotRightConjunct	NoSpecialCaseForm	Locative_u	Genitive_u	Plural_consonant	Genitive_Locative_u	GenitivePlural_Zero	NominativePlural_a	SpecialPlual	SpecialVocative	NoContrast	NormalCapitalization	PO_Prefixoid	Rus_Prefixoid	VPOL_Prefixoid	NE_Prefixoid	Eval_Prefixoid	Intern_Prefixoid	Reduced_Prefixoid	InternHy_Prefixoid	Letter_Prefixoid	BEZ_Prefixoid	BES_Prefixoid	BEZer_Prefixoid	V_Prefixoid	InternModEr_Prefixoid	RusHy_Prefixoid	NAI_Prefixoid	POL_Prefixoid	NI_Prefixoid	KOE_Prefixoid	Intern_ReducedPrefixoid	InternMod_Prefixoid	Chem_Prefixoid	ProperNamePrefixoid	Chemical_Possible	ParticipleFullForm	ParticipleShortForm	Singular	FiveAndMore	Three	Four	Two	SevenEight	AdjectiveFullForm	AdjectiveShortForm	AdjectiveShortFlectional	NounProperGeneral	SingulariaTantum	FullRealization
67	103	став	став	285235	285220	Animate	Inanimate	FullReflexivity	ImperfectiveReflexivity	NormalMorphForm	DefectOne	DefectTwo	Byt	DefectThree	DefectFour	GTAdverb	NotEllipted	VocalForm	NForm	NotControlled	ZeroTypeOfCoordination	Composite_ski	Composite_iko	Composite_sko	NoCompositeness	Composite_o	Composite_e	Composite_usek	Composite_null	Composite_Numeral	Composite_cko	Composite_cki	Composite_ComplexNumeral	Composite_NumeralFull	Composite_NumeralShort	DegreeComparative	DegreePositive	DegreeSuperlative	Adverb_Un_Hyphen	Adverb_With_Hyphen	DeclensionAdjectival	DeclensionNominal	DeclensionMixed	Indeclinable	Comp_Suffixoid	Un_Comp_Suf	Comp_Suffixoid_Num_OJ	Comp_Suffixoid_Num_YJ	Comp_Suffixoid_Num_IJ	Comp_Suffixoid_Num_J	Comp_PunctuatorPost	Comp_PunctuatorPref	Comp_PunctuatorPostSeparable	Comp_PunctuatorPrefSeparable	Comp_Prefixoid	Comp_Suffixoid_Num_PercentYJ	Comp_Noun	Comp_Suffixoid_Chem	Comp_Adj	Comp_SuffixoidAbbr	MonoAspectual	Paired	FullSynthComparison	NoSynthComparative	NoSynthSuperlative	OnlySuperlative	MOne	MTwo	MThree	NormalClassifyingCapitalization	Past	Verb	ZeroDoubleConjunct	NotCommonChild	Accusative	Dative	Genitive	Instrumental	Locative	Nominative	Partitive	Prepositional	DativeSpecial	ZeroCase	Vocative	RCDemonstrative	RCAttributive	RCPossessive	RCIndefinite	RCPersonal	RCInterrogative	RCNegative	RCReflexive	RCNoun	NoPlacement	Perfective	NotDefaultFiller	Feminine	Masculine	Neuter	Common	NoLeftmostPlacement	UnIterat	NoRightmostPlacement	NotLeftConjunct	PersonFirst	PersonSecond	PersonThird	PersonZero	Active	VerbIntransitive	NotRightConjunct	NoSpecialCaseForm	Locative_u	Genitive_u	Plural_consonant	Genitive_Locative_u	GenitivePlural_Zero	NominativePlural_a	SpecialPlual	SpecialVocative	NoContrast	NormalCapitalization	PO_Prefixoid	Rus_Prefixoid	VPOL_Prefixoid	NE_Prefixoid	Eval_Prefixoid	Intern_Prefixoid	Reduced_Prefixoid	InternHy_Prefixoid	Letter_Prefixoid	BEZ_Prefixoid	BES_Prefixoid	BEZer_Prefixoid	V_Prefixoid	InternModEr_Prefixoid	RusHy_Prefixoid	NAI_Prefixoid	POL_Prefixoid	NI_Prefixoid	KOE_Prefixoid	Intern_ReducedPrefixoid	InternMod_Prefixoid	Chem_Prefixoid	ProperNamePrefixoid	Chemical_Possible	ParticipleFullForm	ParticipleShortForm	Plural	Singular	FiveAndMore	Three	Four	Two	SevenEight	AdjectiveFullForm	AdjectiveShortForm	AdjectiveShortFlectional	NounProperGeneral	NounProperSurNameFlective	NounProperTown	NounProperName	AdjectiveProper	NounProperPatronymic	NounProperNameDimin	AbbrProperGeneral	NounProperSurNameForeign	NormalNumberParadigm	FullRealization
67	108	заместителем	заместителем	285236	285235	Animate	Inanimate	Reflexive	FullReflexivity	NonReflexive	ImperfectiveReflexivity	NormalMorphForm	DefectOne	DefectTwo	Byt	DefectThree	DefectFour	GTNoun	NotEllipted	VocalForm	NForm	NotControlled	ZeroTypeOfCoordination	NoCompositeness	DegreeComparative	DegreePositive	DegreeSuperlative	Adverb_Un_Hyphen	Adverb_With_Hyphen	DeclensionNominal	Un_Comp_Suf	Comp_Noun	BiAspectual	MonoAspectual	Paired	FullSynthComparison	NoSynthComparative	NoSynthSuperlative	OnlySuperlative	MOne	MTwo	MThree	NormalClassifyingCapitalization	Future	Past	Present	Noun	ZeroDoubleConjunct	NotCommonChild	Instrumental	RCDemonstrative	RCAttributive	RCPossessive	RCIndefinite	RCPersonal	RCInterrogative	RCNegative	RCReflexive	RCNoun	NoPlacement	Imperfective	Perfective	NotDefaultFiller	Masculine	NoLeftmostPlacement	Iterat	UnIterat	NoRightmostPlacement	NotLeftConjunct	PersonFirst	PersonSecond	PersonThird	PersonZero	Active	VoiceSya	Passive	VerbIntransitive	VerbIntransitiveSpecial	VerbTransitive	VerbTransitiveSpecial	NotRightConjunct	NoSpecialCaseForm	NoContrast	NormalCapitalization	PO_Prefixoid	Rus_Prefixoid	VPOL_Prefixoid	NE_Prefixoid	Eval_Prefixoid	Intern_Prefixoid	Reduced_Prefixoid	InternHy_Prefixoid	Letter_Prefixoid	BEZ_Prefixoid	BES_Prefixoid	BEZer_Prefixoid	V_Prefixoid	InternModEr_Prefixoid	RusHy_Prefixoid	NAI_Prefixoid	POL_Prefixoid	NI_Prefixoid	KOE_Prefixoid	Intern_ReducedPrefixoid	InternMod_Prefixoid	Chem_Prefixoid	ProperNamePrefixoid	Chemical_Possible	ParticipleFullForm	ParticipleShortForm	Singular	FiveAndMore	Three	Four	Two	SevenEight	AdjectiveFullForm	AdjectiveShortForm	AdjectiveShortFlectional	NounProperGeneral	NounProperSurNameFlective	NounProperTown	NounProperName	AdjectiveProper	NounProperPatronymic	NounProperNameDimin	AbbrProperGeneral	NounProperSurNameForeign	NormalNumberParadigm	FullRealization
67	121	министра	министра	285237	285236	Animate	Reflexive	FullReflexivity	NonReflexive	ImperfectiveReflexivity	NormalMorphForm	DefectOne	DefectTwo	Byt	DefectThree	DefectFour	GTNoun	NotEllipted	VocalForm	NForm	NotControlled	ZeroTypeOfCoordination	NoCompositeness	DegreeComparative	DegreePositive	DegreeSuperlative	Adverb_Un_Hyphen	Adverb_With_Hyphen	DeclensionNominal	Un_Comp_Suf	BiAspectual	MonoAspectual	Paired	FullSynthComparison	NoSynthComparative	NoSynthSuperlative	OnlySuperlative	MOne	MTwo	MThree	NormalClassifyingCapitalization	Future	Past	Present	Noun	ZeroDoubleConjunct	NotCommonChild	Accusative	Genitive	Partitive	RCDemonstrative	RCAttributive	RCPossessive	RCIndefinite	RCPersonal	RCInterrogative	RCNegative	RCReflexive	RCNoun	NoPlacement	Imperfective	Perfective	NotDefaultFiller	Masculine	NoLeftmostPlacement	Iterat	UnIterat	NoRightmostPlacement	NotLeftConjunct	PersonFirst	PersonSecond	PersonThird	PersonZero	Active	VoiceSya	Passive	VerbIntransitive	VerbIntransitiveSpecial	VerbTransitive	VerbTransitiveSpecial	NotRightConjunct	NoSpecialCaseForm	NoContrast	NormalCapitalization	PO_Prefixoid	Rus_Prefixoid	VPOL_Prefixoid	NE_Prefixoid	Eval_Prefixoid	Intern_Prefixoid	Reduced_Prefixoid	InternHy_Prefixoid	Letter_Prefixoid	BEZ_Prefixoid	BES_Prefixoid	BEZer_Prefixoid	V_Prefixoid	InternModEr_Prefixoid	RusHy_Prefixoid	NAI_Prefixoid	POL_Prefixoid	NI_Prefixoid	KOE_Prefixoid	Intern_ReducedPrefixoid	InternMod_Prefixoid	Chem_Prefixoid	ProperNamePrefixoid	Chemical_Possible	ParticipleFullForm	ParticipleShortForm	Singular	FiveAndMore	Three	Four	Two	SevenEight	AdjectiveFullForm	AdjectiveShortForm	AdjectiveShortFlectional	NounProperGeneral	NounProperSurNameFlective	NounProperTown	NounProperName	AdjectiveProper	NounProperPatronymic	NounProperNameDimin	AbbrProperGeneral	NounProperSurNameForeign	NormalNumberParadigm	FullRealization
67	130	Татьяны	Татьяны	285238	285237	Animate	Reflexive	FullReflexivity	NonReflexive	ImperfectiveReflexivity	NormalMorphForm	NormalMorphForm	DefectOne	DefectTwo	Byt	DefectThree	DefectFour	GTNoun	NotEllipted	NotEllipted	VocalForm	NForm	NotControlled	NotControlled	ZeroTypeOfCoordination	ZeroTypeOfCoordination	NoCompositeness	DegreeComparative	DegreePositive	DegreeSuperlative	Adverb_Un_Hyphen	Adverb_With_Hyphen	DeclensionNominal	Un_Comp_Suf	BiAspectual	MonoAspectual	Paired	FullSynthComparison	NoSynthComparative	NoSynthSuperlative	OnlySuperlative	MOne	MTwo	MThree	NormalClassifyingCapitalization	NormalClassifyingCapitalization	Future	Past	Present	Noun	ZeroDoubleConjunct	ZeroDoubleConjunct	NotCommonChild	NotCommonChild	Genitive	Nominative	Partitive	RCDemonstrative	RCAttributive	RCPossessive	RCIndefinite	RCPersonal	RCInterrogative	RCNegative	RCReflexive	RCNoun	NoPlacement	NoPlacement	Imperfective	Perfective	NotDefaultFiller	NotDefaultFiller	Feminine	NoLeftmostPlacement	NoLeftmostPlacement	Iterat	UnIterat	NoRightmostPlacement	NoRightmostPlacement	NotLeftConjunct	NotLeftConjunct	PersonFirst	PersonSecond	PersonThird	PersonZero	Active	VoiceSya	Passive	VerbIntransitive	VerbIntransitiveSpecial	VerbTransitive	VerbTransitiveSpecial	NotRightConjunct	NotRightConjunct	SpecialVocative	NoContrast	NoContrast	NormalCapitalization	NormalCapitalization	PO_Prefixoid	Rus_Prefixoid	VPOL_Prefixoid	NE_Prefixoid	Eval_Prefixoid	Intern_Prefixoid	Reduced_Prefixoid	InternHy_Prefixoid	Letter_Prefixoid	BEZ_Prefixoid	BES_Prefixoid	BEZer_Prefixoid	V_Prefixoid	InternModEr_Prefixoid	RusHy_Prefixoid	NAI_Prefixoid	POL_Prefixoid	NI_Prefixoid	KOE_Prefixoid	Intern_ReducedPrefixoid	InternMod_Prefixoid	Chem_Prefixoid	ProperNamePrefixoid	Chemical_Possible	ParticipleFullForm	ParticipleShortForm	Plural	Singular	FiveAndMore	Three	Four	Two	SevenEight	AdjectiveFullForm	AdjectiveShortForm	AdjectiveShortFlectional	NounProperName	NormalNumberParadigm	NormalNumberParadigm	FullRealization	FullRealization
67	138	Голиковой	Голиковой	285239	285238	Animate	Reflexive	FullReflexivity	NonReflexive	ImperfectiveReflexivity	NormalMorphForm	DefectOne	DefectTwo	Byt	DefectThree	DefectFour	GTNoun	NotEllipted	VocalForm	NForm	NotControlled	ZeroTypeOfCoordination	NoCompositeness	DegreeComparative	DegreePositive	DegreeSuperlative	Adverb_Un_Hyphen	Adverb_With_Hyphen	DeclensionNominal	Un_Comp_Suf	BiAspectual	MonoAspectual	Paired	FullSynthComparison	NoSynthComparative	NoSynthSuperlative	OnlySuperlative	MOne	MTwo	MThree	NormalClassifyingCapitalization	Future	Past	Present	Noun	ZeroDoubleConjunct	NotCommonChild	Dative	Genitive	Instrumental	Locative	Partitive	Prepositional	RCDemonstrative	RCAttributive	RCPossessive	RCIndefinite	RCPersonal	RCInterrogative	RCNegative	RCReflexive	RCNoun	NoPlacement	Imperfective	Perfective	NotDefaultFiller	Feminine	NoLeftmostPlacement	Iterat	UnIterat	NoRightmostPlacement	NotLeftConjunct	PersonFirst	PersonSecond	PersonThird	PersonZero	Active	VoiceSya	Passive	VerbIntransitive	VerbIntransitiveSpecial	VerbTransitive	VerbTransitiveSpecial	NotRightConjunct	NoSpecialCaseForm	NoContrast	NormalCapitalization	PO_Prefixoid	Rus_Prefixoid	VPOL_Prefixoid	NE_Prefixoid	Eval_Prefixoid	Intern_Prefixoid	Reduced_Prefixoid	InternHy_Prefixoid	Letter_Prefixoid	BEZ_Prefixoid	BES_Prefixoid	BEZer_Prefixoid	V_Prefixoid	InternModEr_Prefixoid	RusHy_Prefixoid	NAI_Prefixoid	POL_Prefixoid	NI_Prefixoid	KOE_Prefixoid	Intern_ReducedPrefixoid	InternMod_Prefixoid	Chem_Prefixoid	ProperNamePrefixoid	Chemical_Possible	ParticipleFullForm	ParticipleShortForm	Singular	FiveAndMore	Three	Four	Two	SevenEight	AdjectiveFullForm	AdjectiveShortForm	AdjectiveShortFlectional	NounProperSurNameFlective	NormalNumberParadigm	FullRealization
69	-1			285250	285248
69	-1			285260	285251
69	-1			285261	285241
69	0	Сообщалось	Сообщалось	285241	-1	Animate	Inanimate	FullReflexivity	NormalMorphForm	DefectOne	DefectTwo	Byt	DefectThree	DefectFour	GTVerb	NotEllipted	VocalForm	NForm	NotControlled	ZeroTypeOfCoordination	Composite_ski	Composite_iko	Composite_sko	NoCompositeness	Composite_o	Composite_e	Composite_usek	Composite_null	Composite_Numeral	Composite_cko	Composite_cki	Composite_ComplexNumeral	Composite_NumeralFull	Composite_NumeralShort	DegreeComparative	DegreePositive	DegreeSuperlative	Adverb_Un_Hyphen	Adverb_With_Hyphen	DeclensionAdjectival	DeclensionNominal	DeclensionMixed	Indeclinable	Comp_Suffixoid	Un_Comp_Suf	Comp_Suffixoid_Num_OJ	Comp_Suffixoid_Num_YJ	Comp_Suffixoid_Num_IJ	Comp_Suffixoid_Num_J	Comp_PunctuatorPost	Comp_PunctuatorPref	Comp_PunctuatorPostSeparable	Comp_PunctuatorPrefSeparable	Comp_Prefixoid	Comp_Suffixoid_Num_PercentYJ	Comp_Noun	Comp_Suffixoid_Chem	Comp_Adj	Comp_SuffixoidAbbr	Paired	FullSynthComparison	NoSynthComparative	NoSynthSuperlative	OnlySuperlative	MOne	MTwo	MThree	NormalClassifyingCapitalization	Past	Verb	ZeroDoubleConjunct	NotCommonChild	Accusative	Dative	Genitive	Instrumental	Locative	Nominative	Partitive	Prepositional	DativeSpecial	ZeroCase	Vocative	RCDemonstrative	RCAttributive	RCPossessive	RCIndefinite	RCPersonal	RCInterrogative	RCNegative	RCReflexive	RCNoun	NoPlacement	Imperfective	NotDefaultFiller	Neuter	NoLeftmostPlacement	UnIterat	NoRightmostPlacement	NotLeftConjunct	PersonFirst	PersonSecond	PersonThird	PersonZero	VoiceSya	VerbTransitive	NotRightConjunct	NoSpecialCaseForm	Locative_u	Genitive_u	Plural_consonant	Genitive_Locative_u	GenitivePlural_Zero	NominativePlural_a	SpecialPlual	SpecialVocative	NoContrast	NormalCapitalization	PO_Prefixoid	Rus_Prefixoid	VPOL_Prefixoid	NE_Prefixoid	Eval_Prefixoid	Intern_Prefixoid	Reduced_Prefixoid	InternHy_Prefixoid	Letter_Prefixoid	BEZ_Prefixoid	BES_Prefixoid	BEZer_Prefixoid	V_Prefixoid	InternModEr_Prefixoid	RusHy_Prefixoid	NAI_Prefixoid	POL_Prefixoid	NI_Prefixoid	KOE_Prefixoid	Intern_ReducedPrefixoid	InternMod_Prefixoid	Chem_Prefixoid	ProperNamePrefixoid	Chemical_Possible	ParticipleFullForm	ParticipleShortForm	Singular	FiveAndMore	Three	Four	Two	SevenEight	AdjectiveFullForm	AdjectiveShortForm	AdjectiveShortFlectional	NounProperGeneral	NounProperSurNameFlective	NounProperTown	NounProperName	AdjectiveProper	NounProperPatronymic	NounProperNameDimin	AbbrProperGeneral	NounProperSurNameForeign	NormalNumberParadigm	FullRealization
69	12	что	что	285243	285242	Animate	Inanimate	Inanimate	Reflexive	FullReflexivity	NonReflexive	ImperfectiveReflexivity	Reflexive	FullReflexivity	NonReflexive	ImperfectiveReflexivity	NormalMorphForm	NormalMorphForm	NormalMorphForm	NormalMorphForm	DefectOne	DefectTwo	Byt	DefectThree	DefectFour	DefectOne	DefectTwo	Byt	DefectThree	DefectFour	GTInvariable	GTNoun	NotEllipted	NotEllipted	NotEllipted	NotEllipted	VocalForm	NForm	VocalForm	NForm	NotControlled	NotControlled	NotControlled	NotControlled	ZeroTypeOfCoordination	ZeroTypeOfCoordination	ZeroTypeOfCoordination	ZeroTypeOfCoordination	Composite_ski	Composite_iko	Composite_sko	NoCompositeness	Composite_o	Composite_e	Composite_usek	Composite_null	Composite_Numeral	Composite_cko	Composite_cki	Composite_ComplexNumeral	Composite_NumeralFull	Composite_NumeralShort	Composite_ski	Composite_iko	Composite_sko	NoCompositeness	Composite_o	Composite_e	Composite_usek	Composite_null	Composite_Numeral	Composite_cko	Composite_cki	Composite_ComplexNumeral	Composite_NumeralFull	Composite_NumeralShort	DegreeComparative	DegreePositive	DegreeSuperlative	DegreeComparative	DegreePositive	DegreeSuperlative	Adverb_Un_Hyphen	Adverb_With_Hyphen	Adverb_Un_Hyphen	Adverb_With_Hyphen	DeclensionAdjectival	DeclensionNominal	DeclensionMixed	Indeclinable	DeclensionAdjectival	DeclensionNominal	DeclensionMixed	Indeclinable	Comp_Suffixoid	Un_Comp_Suf	Comp_Suffixoid_Num_OJ	Comp_Suffixoid_Num_YJ	Comp_Suffixoid_Num_IJ	Comp_Suffixoid_Num_J	Comp_PunctuatorPost	Comp_PunctuatorPref	Comp_PunctuatorPostSeparable	Comp_PunctuatorPrefSeparable	Comp_Prefixoid	Comp_Suffixoid_Num_PercentYJ	Comp_Noun	Comp_Suffixoid_Chem	Comp_Adj	Comp_SuffixoidAbbr	Comp_Suffixoid	Un_Comp_Suf	Comp_Suffixoid_Num_OJ	Comp_Suffixoid_Num_YJ	Comp_Suffixoid_Num_IJ	Comp_Suffixoid_Num_J	Comp_PunctuatorPost	Comp_PunctuatorPref	Comp_PunctuatorPostSeparable	Comp_PunctuatorPrefSeparable	Comp_Prefixoid	Comp_Suffixoid_Num_PercentYJ	Comp_Noun	Comp_Suffixoid_Chem	Comp_Adj	Comp_SuffixoidAbbr	BiAspectual	MonoAspectual	Paired	BiAspectual	MonoAspectual	Paired	FullSynthComparison	NoSynthComparative	NoSynthSuperlative	OnlySuperlative	FullSynthComparison	NoSynthComparative	NoSynthSuperlative	OnlySuperlative	MOne	MTwo	MThree	MOne	MTwo	MThree	NormalClassifyingCapitalization	NormalClassifyingCapitalization	NormalClassifyingCapitalization	NormalClassifyingCapitalization	Future	Past	Present	Future	Past	Present	Conjunction	Pronoun	ZeroDoubleConjunct	ZeroDoubleConjunct	ZeroDoubleConjunct	ZeroDoubleConjunct	NotCommonChild	NotCommonChild	NotCommonChild	NotCommonChild	Accusative	Dative	Genitive	Instrumental	Locative	Nominative	Partitive	Prepositional	DativeSpecial	ZeroCase	Vocative	Accusative	Nominative	RCDemonstrative	RCAttributive	RCPossessive	RCIndefinite	RCPersonal	RCInterrogative	RCNegative	RCReflexive	RCNoun	RCInterrogative	NoPlacement	NoPlacement	NoPlacement	NoPlacement	Imperfective	Perfective	Imperfective	Perfective	NotDefaultFiller	NotDefaultFiller	NotDefaultFiller	NotDefaultFiller	Feminine	Masculine	Neuter	Common	Neuter	NoLeftmostPlacement	NoLeftmostPlacement	NoLeftmostPlacement	NoLeftmostPlacement	Iterat	UnIterat	Iterat	UnIterat	NoRightmostPlacement	NoRightmostPlacement	NoRightmostPlacement	NoRightmostPlacement	NotLeftConjunct	NotLeftConjunct	NotLeftConjunct	NotLeftConjunct	PersonFirst	PersonSecond	PersonThird	PersonZero	PersonFirst	PersonSecond	PersonThird	PersonZero	Active	VoiceSya	Passive	Active	VoiceSya	Passive	VerbIntransitive	VerbIntransitiveSpecial	VerbTransitive	VerbTransitiveSpecial	VerbIntransitive	VerbIntransitiveSpecial	VerbTransitive	VerbTransitiveSpecial	NotRightConjunct	NotRightConjunct	NotRightConjunct	NotRightConjunct	NoSpecialCaseForm	Locative_u	Genitive_u	Plural_consonant	Genitive_Locative_u	GenitivePlural_Zero	NominativePlural_a	SpecialPlual	SpecialVocative	NoSpecialCaseForm	Locative_u	Genitive_u	Plural_consonant	Genitive_Locative_u	GenitivePlural_Zero	NominativePlural_a	SpecialPlual	SpecialVocative	NoContrast	NoContrast	NoContrast	NoContrast	NormalCapitalization	NormalCapitalization	NormalCapitalization	NormalCapitalization	PO_Prefixoid	Rus_Prefixoid	VPOL_Prefixoid	NE_Prefixoid	Eval_Prefixoid	Intern_Prefixoid	Reduced_Prefixoid	InternHy_Prefixoid	Letter_Prefixoid	BEZ_Prefixoid	BES_Prefixoid	BEZer_Prefixoid	V_Prefixoid	InternModEr_Prefixoid	RusHy_Prefixoid	NAI_Prefixoid	POL_Prefixoid	NI_Prefixoid	KOE_Prefixoid	Intern_ReducedPrefixoid	InternMod_Prefixoid	Chem_Prefixoid	ProperNamePrefixoid	Chemical_Possible	PO_Prefixoid	Rus_Prefixoid	VPOL_Prefixoid	NE_Prefixoid	Eval_Prefixoid	Intern_Prefixoid	Reduced_Prefixoid	InternHy_Prefixoid	Letter_Prefixoid	BEZ_Prefixoid	BES_Prefixoid	BEZer_Prefixoid	V_Prefixoid	InternModEr_Prefixoid	RusHy_Prefixoid	NAI_Prefixoid	POL_Prefixoid	NI_Prefixoid	KOE_Prefixoid	Intern_ReducedPrefixoid	InternMod_Prefixoid	Chem_Prefixoid	ProperNamePrefixoid	Chemical_Possible	ParticipleFullForm	ParticipleShortForm	ParticipleFullForm	ParticipleShortForm	Plural	Singular	Singular	FiveAndMore	Three	Four	Two	SevenEight	FiveAndMore	Three	Four	Two	SevenEight	AdjectiveFullForm	AdjectiveShortForm	AdjectiveShortFlectional	AdjectiveFullForm	AdjectiveShortForm	AdjectiveShortFlectional	NounProperGeneral	NounProperSurNameFlective	NounProperTown	NounProperName	AdjectiveProper	NounProperPatronymic	NounProperNameDimin	AbbrProperGeneral	NounProperSurNameForeign	NounProperGeneral	NounProperSurNameFlective	NounProperTown	NounProperName	AdjectiveProper	NounProperPatronymic	NounProperNameDimin	AbbrProperGeneral	NounProperSurNameForeign	NormalNumberParadigm	NormalNumberParadigm	NormalNumberParadigm	NormalNumberParadigm	FullRealization	FullRealization	FullRealization	FullRealization
69	16	замминистра	замминистра	285244	285242	Animate	Reflexive	FullReflexivity	NonReflexive	ImperfectiveReflexivity	NormalMorphForm	DefectOne	DefectTwo	Byt	DefectThree	DefectFour	GTNoun	NotEllipted	VocalForm	NForm	NotControlled	ZeroTypeOfCoordination	NoCompositeness	DegreeComparative	DegreePositive	DegreeSuperlative	Adverb_Un_Hyphen	Adverb_With_Hyphen	DeclensionAdjectival	DeclensionNominal	DeclensionMixed	Indeclinable	Un_Comp_Suf	BiAspectual	MonoAspectual	Paired	FullSynthComparison	NoSynthComparative	NoSynthSuperlative	OnlySuperlative	MOne	MTwo	MThree	NormalClassifyingCapitalization	Future	Past	Present	Noun	ZeroDoubleConjunct	NotCommonChild	Accusative	Dative	Genitive	Instrumental	Locative	Nominative	Partitive	Prepositional	RCDemonstrative	RCAttributive	RCPossessive	RCIndefinite	RCPersonal	RCInterrogative	RCNegative	RCReflexive	RCNoun	NoPlacement	Imperfective	Perfective	NotDefaultFiller	Common	NoLeftmostPlacement	Iterat	UnIterat	NoRightmostPlacement	NotLeftConjunct	PersonFirst	PersonSecond	PersonThird	PersonZero	Active	VoiceSya	Passive	VerbIntransitive	VerbIntransitiveSpecial	VerbTransitive	VerbTransitiveSpecial	NotRightConjunct	NoSpecialCaseForm	NoContrast	NormalCapitalization	PO_Prefixoid	Rus_Prefixoid	VPOL_Prefixoid	NE_Prefixoid	Eval_Prefixoid	Intern_Prefixoid	Reduced_Prefixoid	InternHy_Prefixoid	Letter_Prefixoid	BEZ_Prefixoid	BES_Prefixoid	BEZer_Prefixoid	V_Prefixoid	InternModEr_Prefixoid	RusHy_Prefixoid	NAI_Prefixoid	POL_Prefixoid	NI_Prefixoid	KOE_Prefixoid	Intern_ReducedPrefixoid	InternMod_Prefixoid	Chem_Prefixoid	ProperNamePrefixoid	Chemical_Possible	ParticipleFullForm	ParticipleShortForm	Singular	FiveAndMore	Three	Four	Two	SevenEight	AdjectiveFullForm	AdjectiveShortForm	AdjectiveShortFlectional	NounProperGeneral	NounProperSurNameFlective	NounProperTown	NounProperName	AdjectiveProper	NounProperPatronymic	NounProperNameDimin	AbbrProperGeneral	NounProperSurNameForeign	NormalNumberParadigm	FullRealization
69	28	публично	публично	285245	285242	Animate	Inanimate	Animate	Inanimate	Reflexive	FullReflexivity	NonReflexive	ImperfectiveReflexivity	Reflexive	FullReflexivity	NonReflexive	ImperfectiveReflexivity	NormalMorphForm	NormalMorphForm	DefectOne	DefectTwo	Byt	DefectThree	DefectFour	DefectOne	DefectTwo	Byt	DefectThree	DefectFour	GTAdverb	GTAdjective	NotEllipted	NotEllipted	VocalForm	NForm	VocalForm	NForm	NotControlled	NotControlled	ZeroTypeOfCoordination	ZeroTypeOfCoordination	Composite_ski	Composite_iko	Composite_sko	NoCompositeness	Composite_o	Composite_e	Composite_usek	Composite_null	Composite_Numeral	Composite_cko	Composite_cki	Composite_ComplexNumeral	Composite_NumeralFull	Composite_NumeralShort	NoCompositeness	DegreePositive	DegreePositive	Adverb_Un_Hyphen	Adverb_Un_Hyphen	Adverb_With_Hyphen	DeclensionAdjectival	DeclensionNominal	DeclensionMixed	Indeclinable	DeclensionAdjectival	DeclensionNominal	DeclensionMixed	Indeclinable	Comp_Suffixoid	Un_Comp_Suf	Comp_Suffixoid_Num_OJ	Comp_Suffixoid_Num_YJ	Comp_Suffixoid_Num_IJ	Comp_Suffixoid_Num_J	Comp_PunctuatorPost	Comp_PunctuatorPref	Comp_PunctuatorPostSeparable	Comp_PunctuatorPrefSeparable	Comp_Prefixoid	Comp_Suffixoid_Num_PercentYJ	Comp_Noun	Comp_Suffixoid_Chem	Comp_Adj	Comp_SuffixoidAbbr	Un_Comp_Suf	BiAspectual	MonoAspectual	Paired	BiAspectual	MonoAspectual	Paired	NoSynthComparative	FullSynthComparison	MOne	MTwo	MThree	MOne	MTwo	MThree	NormalClassifyingCapitalization	NormalClassifyingCapitalization	Future	Past	Present	Future	Past	Present	Adverb	Adjective	ZeroDoubleConjunct	ZeroDoubleConjunct	NotCommonChild	NotCommonChild	Accusative	Dative	Genitive	Instrumental	Locative	Nominative	Partitive	Prepositional	DativeSpecial	ZeroCase	Vocative	ZeroCase	RCDemonstrative	RCAttributive	RCPossessive	RCIndefinite	RCPersonal	RCInterrogative	RCNegative	RCReflexive	RCNoun	RCDemonstrative	RCAttributive	RCPossessive	RCIndefinite	RCPersonal	RCInterrogative	RCNegative	RCReflexive	RCNoun	NoPlacement	NoPlacement	Imperfective	Perfective	Imperfective	Perfective	NotDefaultFiller	NotDefaultFiller	Feminine	Masculine	Neuter	Common	Neuter	NoLeftmostPlacement	NoLeftmostPlacement	Iterat	UnIterat	Iterat	UnIterat	NoRightmostPlacement	NoRightmostPlacement	NotLeftConjunct	NotLeftConjunct	PersonFirst	PersonSecond	PersonThird	PersonZero	PersonFirst	PersonSecond	PersonThird	PersonZero	Active	VoiceSya	Passive	Active	VoiceSya	Passive	VerbIntransitive	VerbIntransitiveSpecial	VerbTransitive	VerbTransitiveSpecial	VerbIntransitive	VerbIntransitiveSpecial	VerbTransitive	VerbTransitiveSpecial	NotRightConjunct	NotRightConjunct	NoSpecialCaseForm	Locative_u	Genitive_u	Plural_consonant	Genitive_Locative_u	GenitivePlural_Zero	NominativePlural_a	SpecialPlual	SpecialVocative	NoSpecialCaseForm	Locative_u	Genitive_u	Plural_consonant	Genitive_Locative_u	GenitivePlural_Zero	NominativePlural_a	SpecialPlual	SpecialVocative	NoContrast	NoContrast	NormalCapitalization	NormalCapitalization	PO_Prefixoid	Rus_Prefixoid	VPOL_Prefixoid	NE_Prefixoid	Eval_Prefixoid	Intern_Prefixoid	Reduced_Prefixoid	InternHy_Prefixoid	Letter_Prefixoid	BEZ_Prefixoid	BES_Prefixoid	BEZer_Prefixoid	V_Prefixoid	InternModEr_Prefixoid	RusHy_Prefixoid	NAI_Prefixoid	POL_Prefixoid	NI_Prefixoid	KOE_Prefixoid	Intern_ReducedPrefixoid	InternMod_Prefixoid	Chem_Prefixoid	ProperNamePrefixoid	Chemical_Possible	PO_Prefixoid	Rus_Prefixoid	VPOL_Prefixoid	NE_Prefixoid	Eval_Prefixoid	Intern_Prefixoid	Reduced_Prefixoid	InternHy_Prefixoid	Letter_Prefixoid	BEZ_Prefixoid	BES_Prefixoid	BEZer_Prefixoid	V_Prefixoid	InternModEr_Prefixoid	RusHy_Prefixoid	NAI_Prefixoid	POL_Prefixoid	NI_Prefixoid	KOE_Prefixoid	Intern_ReducedPrefixoid	InternMod_Prefixoid	Chem_Prefixoid	ProperNamePrefixoid	Chemical_Possible	ParticipleFullForm	ParticipleShortForm	ParticipleFullForm	ParticipleShortForm	Plural	Singular	Singular	FiveAndMore	Three	Four	Two	SevenEight	FiveAndMore	Three	Four	Two	SevenEight	AdjectiveFullForm	AdjectiveShortForm	AdjectiveShortFlectional	AdjectiveShortForm	NounProperGeneral	NounProperSurNameFlective	NounProperTown	NounProperName	AdjectiveProper	NounProperPatronymic	NounProperNameDimin	AbbrProperGeneral	NounProperSurNameForeign	NounProperGeneral	NounProperSurNameFlective	NounProperTown	NounProperName	AdjectiveProper	NounProperPatronymic	NounProperNameDimin	AbbrProperGeneral	NounProperSurNameForeign	NormalNumberParadigm	NormalNumberParadigm	FullRealization	FullRealization
69	37	защищала	защищала	285242	285241	Animate	Inanimate	FullReflexivity	NormalMorphForm	DefectOne	DefectTwo	Byt	DefectThree	DefectFour	GTVerb	NotEllipted	VocalForm	NForm	NotControlled	ZeroTypeOfCoordination	Composite_ski	Composite_iko	Composite_sko	NoCompositeness	Composite_o	Composite_e	Composite_usek	Composite_null	Composite_Numeral	Composite_cko	Composite_cki	Composite_ComplexNumeral	Composite_NumeralFull	Composite_NumeralShort	DegreeComparative	DegreePositive	DegreeSuperlative	Adverb_Un_Hyphen	Adverb_With_Hyphen	DeclensionAdjectival	DeclensionNominal	DeclensionMixed	Indeclinable	Comp_Suffixoid	Un_Comp_Suf	Comp_Suffixoid_Num_OJ	Comp_Suffixoid_Num_YJ	Comp_Suffixoid_Num_IJ	Comp_Suffixoid_Num_J	Comp_PunctuatorPost	Comp_PunctuatorPref	Comp_PunctuatorPostSeparable	Comp_PunctuatorPrefSeparable	Comp_Prefixoid	Comp_Suffixoid_Num_PercentYJ	Comp_Noun	Comp_Suffixoid_Chem	Comp_Adj	Comp_SuffixoidAbbr	Paired	FullSynthComparison	NoSynthComparative	NoSynthSuperlative	OnlySuperlative	MOne	MTwo	MThree	NormalClassifyingCapitalization	Past	Verb	ZeroDoubleConjunct	NotCommonChild	Accusative	Dative	Genitive	Instrumental	Locative	Nominative	Partitive	Prepositional	DativeSpecial	ZeroCase	Vocative	RCDemonstrative	RCAttributive	RCPossessive	RCIndefinite	RCPersonal	RCInterrogative	RCNegative	RCReflexive	RCNoun	NoPlacement	Imperfective	NotDefaultFiller	Feminine	NoLeftmostPlacement	UnIterat	NoRightmostPlacement	NotLeftConjunct	PersonFirst	PersonSecond	PersonThird	PersonZero	Active	VerbTransitive	NotRightConjunct	NoSpecialCaseForm	Locative_u	Genitive_u	Plural_consonant	Genitive_Locative_u	GenitivePlural_Zero	NominativePlural_a	SpecialPlual	SpecialVocative	NoContrast	NormalCapitalization	PO_Prefixoid	Rus_Prefixoid	VPOL_Prefixoid	NE_Prefixoid	Eval_Prefixoid	Intern_Prefixoid	Reduced_Prefixoid	InternHy_Prefixoid	Letter_Prefixoid	BEZ_Prefixoid	BES_Prefixoid	BEZer_Prefixoid	V_Prefixoid	InternModEr_Prefixoid	RusHy_Prefixoid	NAI_Prefixoid	POL_Prefixoid	NI_Prefixoid	KOE_Prefixoid	Intern_ReducedPrefixoid	InternMod_Prefixoid	Chem_Prefixoid	ProperNamePrefixoid	Chemical_Possible	ParticipleFullForm	ParticipleShortForm	Singular	FiveAndMore	Three	Four	Two	SevenEight	AdjectiveFullForm	AdjectiveShortForm	AdjectiveShortFlectional	NounProperGeneral	NounProperSurNameFlective	NounProperTown	NounProperName	AdjectiveProper	NounProperPatronymic	NounProperNameDimin	AbbrProperGeneral	NounProperSurNameForeign	NormalNumberParadigm	FullRealization
69	46	реформы	реформы	285246	285242	Inanimate	Reflexive	FullReflexivity	NonReflexive	ImperfectiveReflexivity	NormalMorphForm	DefectOne	DefectTwo	Byt	DefectThree	DefectFour	GTNoun	NotEllipted	VocalForm	NForm	NotControlled	ZeroTypeOfCoordination	NoCompositeness	DegreeComparative	DegreePositive	DegreeSuperlative	Adverb_Un_Hyphen	Adverb_With_Hyphen	DeclensionNominal	Un_Comp_Suf	BiAspectual	MonoAspectual	Paired	FullSynthComparison	NoSynthComparative	NoSynthSuperlative	OnlySuperlative	MOne	MTwo	MThree	NormalClassifyingCapitalization	Future	Past	Present	Noun	ZeroDoubleConjunct	NotCommonChild	Accusative	Genitive	Nominative	Partitive	RCDemonstrative	RCAttributive	RCPossessive	RCIndefinite	RCPersonal	RCInterrogative	RCNegative	RCReflexive	RCNoun	NoPlacement	Imperfective	Perfective	NotDefaultFiller	Feminine	NoLeftmostPlacement	Iterat	UnIterat	NoRightmostPlacement	NotLeftConjunct	PersonFirst	PersonSecond	PersonThird	PersonZero	Active	VoiceSya	Passive	VerbIntransitive	VerbIntransitiveSpecial	VerbTransitive	VerbTransitiveSpecial	NotRightConjunct	NoSpecialCaseForm	NoContrast	NormalCapitalization	PO_Prefixoid	Rus_Prefixoid	VPOL_Prefixoid	NE_Prefixoid	Eval_Prefixoid	Intern_Prefixoid	Reduced_Prefixoid	InternHy_Prefixoid	Letter_Prefixoid	BEZ_Prefixoid	BES_Prefixoid	BEZer_Prefixoid	V_Prefixoid	InternModEr_Prefixoid	RusHy_Prefixoid	NAI_Prefixoid	POL_Prefixoid	NI_Prefixoid	KOE_Prefixoid	Intern_ReducedPrefixoid	InternMod_Prefixoid	Chem_Prefixoid	ProperNamePrefixoid	Chemical_Possible	ParticipleFullForm	ParticipleShortForm	Plural	Singular	FiveAndMore	Three	Four	Two	SevenEight	AdjectiveFullForm	AdjectiveShortForm	AdjectiveShortFlectional	NounProperGeneral	NounProperSurNameFlective	NounProperTown	NounProperName	AdjectiveProper	NounProperPatronymic	NounProperNameDimin	AbbrProperGeneral	NounProperSurNameForeign	NormalNumberParadigm	FullRealization
69	54	здравоохранения	здравоохранения	285247	285246	Inanimate	Reflexive	FullReflexivity	NonReflexive	ImperfectiveReflexivity	NormalMorphForm	DefectOne	DefectTwo	Byt	DefectThree	DefectFour	GTNoun	NotEllipted	VocalForm	NForm	NotControlled	ZeroTypeOfCoordination	NoCompositeness	DegreeComparative	DegreePositive	DegreeSuperlative	Adverb_Un_Hyphen	Adverb_With_Hyphen	DeclensionNominal	Un_Comp_Suf	BiAspectual	MonoAspectual	Paired	FullSynthComparison	NoSynthComparative	NoSynthSuperlative	OnlySuperlative	MOne	MTwo	MThree	NormalClassifyingCapitalization	Future	Past	Present	Noun	ZeroDoubleConjunct	NotCommonChild	Genitive	Partitive	RCDemonstrative	RCAttributive	RCPossessive	RCIndefinite	RCPersonal	RCInterrogative	RCNegative	RCReflexive	RCNoun	NoPlacement	Imperfective	Perfective	NotDefaultFiller	Neuter	NoLeftmostPlacement	Iterat	UnIterat	NoRightmostPlacement	NotLeftConjunct	PersonFirst	PersonSecond	PersonThird	PersonZero	Active	VoiceSya	Passive	VerbIntransitive	VerbIntransitiveSpecial	VerbTransitive	VerbTransitiveSpecial	NotRightConjunct	NoSpecialCaseForm	NoContrast	NormalCapitalization	PO_Prefixoid	Rus_Prefixoid	VPOL_Prefixoid	NE_Prefixoid	Eval_Prefixoid	Intern_Prefixoid	Reduced_Prefixoid	InternHy_Prefixoid	Letter_Prefixoid	BEZ_Prefixoid	BES_Prefixoid	BEZer_Prefixoid	V_Prefixoid	InternModEr_Prefixoid	RusHy_Prefixoid	NAI_Prefixoid	POL_Prefixoid	NI_Prefixoid	KOE_Prefixoid	Intern_ReducedPrefixoid	InternMod_Prefixoid	Chem_Prefixoid	ProperNamePrefixoid	Chemical_Possible	ParticipleFullForm	ParticipleShortForm	Singular	FiveAndMore	Three	Four	Two	SevenEight	AdjectiveFullForm	AdjectiveShortForm	AdjectiveShortFlectional	NounProperGeneral	NounProperSurNameFlective	NounProperTown	NounProperName	AdjectiveProper	NounProperPatronymic	NounProperNameDimin	AbbrProperGeneral	NounProperSurNameForeign	SingulariaTantum	FullRealization
69	71	проводимые	проводимые	285248	285246	Animate	Inanimate	FullReflexivity	NormalMorphForm	DefectOne	DefectTwo	Byt	DefectThree	DefectFour	GTParticiple	NotEllipted	VocalForm	NForm	NotControlled	ZeroTypeOfCoordination	Composite_ski	Composite_iko	Composite_sko	NoCompositeness	Composite_o	Composite_e	Composite_usek	Composite_null	Composite_Numeral	Composite_cko	Composite_cki	Composite_ComplexNumeral	Composite_NumeralFull	Composite_NumeralShort	DegreeComparative	DegreePositive	DegreeSuperlative	Adverb_Un_Hyphen	Adverb_With_Hyphen	DeclensionAdjectival	DeclensionNominal	DeclensionMixed	Indeclinable	Comp_Suffixoid	Un_Comp_Suf	Comp_Suffixoid_Num_OJ	Comp_Suffixoid_Num_YJ	Comp_Suffixoid_Num_IJ	Comp_Suffixoid_Num_J	Comp_PunctuatorPost	Comp_PunctuatorPref	Comp_PunctuatorPostSeparable	Comp_PunctuatorPrefSeparable	Comp_Prefixoid	Comp_Suffixoid_Num_PercentYJ	Comp_Noun	Comp_Suffixoid_Chem	Comp_Adj	Comp_SuffixoidAbbr	Paired	FullSynthComparison	NoSynthComparative	NoSynthSuperlative	OnlySuperlative	MOne	MTwo	MThree	NormalClassifyingCapitalization	Present	Verb	ZeroDoubleConjunct	NotCommonChild	Accusative	Nominative	RCDemonstrative	RCAttributive	RCPossessive	RCIndefinite	RCPersonal	RCInterrogative	RCNegative	RCReflexive	RCNoun	NoPlacement	Imperfective	NotDefaultFiller	Feminine	Masculine	Neuter	Common	NoLeftmostPlacement	UnIterat	NoRightmostPlacement	NotLeftConjunct	PersonFirst	PersonSecond	PersonThird	PersonZero	Passive	VerbTransitive	NotRightConjunct	NoSpecialCaseForm	Locative_u	Genitive_u	Plural_consonant	Genitive_Locative_u	GenitivePlural_Zero	NominativePlural_a	SpecialPlual	SpecialVocative	NoContrast	NormalCapitalization	PO_Prefixoid	Rus_Prefixoid	VPOL_Prefixoid	NE_Prefixoid	Eval_Prefixoid	Intern_Prefixoid	Reduced_Prefixoid	InternHy_Prefixoid	Letter_Prefixoid	BEZ_Prefixoid	BES_Prefixoid	BEZer_Prefixoid	V_Prefixoid	InternModEr_Prefixoid	RusHy_Prefixoid	NAI_Prefixoid	POL_Prefixoid	NI_Prefixoid	KOE_Prefixoid	Intern_ReducedPrefixoid	InternMod_Prefixoid	Chem_Prefixoid	ProperNamePrefixoid	Chemical_Possible	ParticipleFullForm	Plural	FiveAndMore	Three	Four	Two	SevenEight	AdjectiveFullForm	AdjectiveShortForm	AdjectiveShortFlectional	NounProperGeneral	NounProperSurNameFlective	NounProperTown	NounProperName	AdjectiveProper	NounProperPatronymic	NounProperNameDimin	AbbrProperGeneral	NounProperSurNameForeign	NormalNumberParadigm	FullRealization
69	82	Голиковой	Голиковой	285249	285248	Animate	Reflexive	FullReflexivity	NonReflexive	ImperfectiveReflexivity	NormalMorphForm	DefectOne	DefectTwo	Byt	DefectThree	DefectFour	GTNoun	NotEllipted	VocalForm	NForm	NotControlled	ZeroTypeOfCoordination	NoCompositeness	DegreeComparative	DegreePositive	DegreeSuperlative	Adverb_Un_Hyphen	Adverb_With_Hyphen	DeclensionNominal	Un_Comp_Suf	BiAspectual	MonoAspectual	Paired	FullSynthComparison	NoSynthComparative	NoSynthSuperlative	OnlySuperlative	MOne	MTwo	MThree	NormalClassifyingCapitalization	Future	Past	Present	Noun	ZeroDoubleConjunct	NotCommonChild	Dative	Genitive	Instrumental	Locative	Partitive	Prepositional	RCDemonstrative	RCAttributive	RCPossessive	RCIndefinite	RCPersonal	RCInterrogative	RCNegative	RCReflexive	RCNoun	NoPlacement	Imperfective	Perfective	NotDefaultFiller	Feminine	NoLeftmostPlacement	Iterat	UnIterat	NoRightmostPlacement	NotLeftConjunct	PersonFirst	PersonSecond	PersonThird	PersonZero	Active	VoiceSya	Passive	VerbIntransitive	VerbIntransitiveSpecial	VerbTransitive	VerbTransitiveSpecial	NotRightConjunct	NoSpecialCaseForm	NoContrast	NormalCapitalization	PO_Prefixoid	Rus_Prefixoid	VPOL_Prefixoid	NE_Prefixoid	Eval_Prefixoid	Intern_Prefixoid	Reduced_Prefixoid	InternHy_Prefixoid	Letter_Prefixoid	BEZ_Prefixoid	BES_Prefixoid	BEZer_Prefixoid	V_Prefixoid	InternModEr_Prefixoid	RusHy_Prefixoid	NAI_Prefixoid	POL_Prefixoid	NI_Prefixoid	KOE_Prefixoid	Intern_ReducedPrefixoid	InternMod_Prefixoid	Chem_Prefixoid	ProperNamePrefixoid	Chemical_Possible	ParticipleFullForm	ParticipleShortForm	Singular	FiveAndMore	Three	Four	Two	SevenEight	AdjectiveFullForm	AdjectiveShortForm	AdjectiveShortFlectional	NounProperSurNameFlective	NormalNumberParadigm	FullRealization
69	93	однако	однако	285252	285251	Animate	Inanimate	Reflexive	FullReflexivity	NonReflexive	ImperfectiveReflexivity	NormalMorphForm	NormalMorphForm	DefectOne	DefectTwo	Byt	DefectThree	DefectFour	GTInvariable	NotEllipted	NotEllipted	VocalForm	NForm	NotControlled	NotControlled	ZeroTypeOfCoordination	ZeroTypeOfCoordination	Composite_ski	Composite_iko	Composite_sko	NoCompositeness	Composite_o	Composite_e	Composite_usek	Composite_null	Composite_Numeral	Composite_cko	Composite_cki	Composite_ComplexNumeral	Composite_NumeralFull	Composite_NumeralShort	DegreeComparative	DegreePositive	DegreeSuperlative	Adverb_Un_Hyphen	Adverb_With_Hyphen	DeclensionAdjectival	DeclensionNominal	DeclensionMixed	Indeclinable	Comp_Suffixoid	Un_Comp_Suf	Comp_Suffixoid_Num_OJ	Comp_Suffixoid_Num_YJ	Comp_Suffixoid_Num_IJ	Comp_Suffixoid_Num_J	Comp_PunctuatorPost	Comp_PunctuatorPref	Comp_PunctuatorPostSeparable	Comp_PunctuatorPrefSeparable	Comp_Prefixoid	Comp_Suffixoid_Num_PercentYJ	Comp_Noun	Comp_Suffixoid_Chem	Comp_Adj	Comp_SuffixoidAbbr	BiAspectual	MonoAspectual	Paired	FullSynthComparison	NoSynthComparative	NoSynthSuperlative	OnlySuperlative	MOne	MTwo	MThree	NormalClassifyingCapitalization	NormalClassifyingCapitalization	Future	Past	Present	Conjunction	ZeroDoubleConjunct	ZeroDoubleConjunct	NotCommonChild	NotCommonChild	Accusative	Dative	Genitive	Instrumental	Locative	Nominative	Partitive	Prepositional	DativeSpecial	ZeroCase	Vocative	RCDemonstrative	RCAttributive	RCPossessive	RCIndefinite	RCPersonal	RCInterrogative	RCNegative	RCReflexive	RCNoun	NoPlacement	NoPlacement	Imperfective	Perfective	NotDefaultFiller	NotDefaultFiller	Feminine	Masculine	Neuter	Common	NoLeftmostPlacement	NoLeftmostPlacement	Iterat	UnIterat	NoRightmostPlacement	NoRightmostPlacement	NotLeftConjunct	NotLeftConjunct	PersonFirst	PersonSecond	PersonThird	PersonZero	Active	VoiceSya	Passive	VerbIntransitive	VerbIntransitiveSpecial	VerbTransitive	VerbTransitiveSpecial	NotRightConjunct	NotRightConjunct	NoSpecialCaseForm	Locative_u	Genitive_u	Plural_consonant	Genitive_Locative_u	GenitivePlural_Zero	NominativePlural_a	SpecialPlual	SpecialVocative	NoContrast	NoContrast	NormalCapitalization	NormalCapitalization	PO_Prefixoid	Rus_Prefixoid	VPOL_Prefixoid	NE_Prefixoid	Eval_Prefixoid	Intern_Prefixoid	Reduced_Prefixoid	InternHy_Prefixoid	Letter_Prefixoid	BEZ_Prefixoid	BES_Prefixoid	BEZer_Prefixoid	V_Prefixoid	InternModEr_Prefixoid	RusHy_Prefixoid	NAI_Prefixoid	POL_Prefixoid	NI_Prefixoid	KOE_Prefixoid	Intern_ReducedPrefixoid	InternMod_Prefixoid	Chem_Prefixoid	ProperNamePrefixoid	Chemical_Possible	ParticipleFullForm	ParticipleShortForm	Plural	Singular	FiveAndMore	Three	Four	Two	SevenEight	AdjectiveFullForm	AdjectiveShortForm	AdjectiveShortFlectional	NounProperGeneral	NounProperSurNameFlective	NounProperTown	NounProperName	AdjectiveProper	NounProperPatronymic	NounProperNameDimin	AbbrProperGeneral	NounProperSurNameForeign	NormalNumberParadigm	NormalNumberParadigm	FullRealization	FullRealization
69	101	прямого	прямого	285254	285253	Animate	Inanimate	Reflexive	FullReflexivity	NonReflexive	ImperfectiveReflexivity	NormalMorphForm	DefectOne	DefectTwo	Byt	DefectThree	DefectFour	GTAdjective	NotEllipted	VocalForm	NForm	NotControlled	ZeroTypeOfCoordination	NoCompositeness	DegreePositive	Adverb_Un_Hyphen	Adverb_With_Hyphen	DeclensionAdjectival	DeclensionNominal	DeclensionMixed	Indeclinable	Un_Comp_Suf	BiAspectual	MonoAspectual	Paired	FullSynthComparison	MOne	MTwo	MThree	NormalClassifyingCapitalization	Future	Past	Present	Adjective	ZeroDoubleConjunct	NotCommonChild	Accusative	Genitive	Partitive	RCDemonstrative	RCAttributive	RCPossessive	RCIndefinite	RCPersonal	RCInterrogative	RCNegative	RCReflexive	RCNoun	NoPlacement	Imperfective	Perfective	NotDefaultFiller	Masculine	Neuter	NoLeftmostPlacement	Iterat	UnIterat	NoRightmostPlacement	NotLeftConjunct	PersonFirst	PersonSecond	PersonThird	PersonZero	Active	VoiceSya	Passive	VerbIntransitive	VerbIntransitiveSpecial	VerbTransitive	VerbTransitiveSpecial	NotRightConjunct	NoSpecialCaseForm	Locative_u	Genitive_u	Plural_consonant	Genitive_Locative_u	GenitivePlural_Zero	NominativePlural_a	SpecialPlual	SpecialVocative	NoContrast	NormalCapitalization	PO_Prefixoid	Rus_Prefixoid	VPOL_Prefixoid	NE_Prefixoid	Eval_Prefixoid	Intern_Prefixoid	Reduced_Prefixoid	InternHy_Prefixoid	Letter_Prefixoid	BEZ_Prefixoid	BES_Prefixoid	BEZer_Prefixoid	V_Prefixoid	InternModEr_Prefixoid	RusHy_Prefixoid	NAI_Prefixoid	POL_Prefixoid	NI_Prefixoid	KOE_Prefixoid	Intern_ReducedPrefixoid	InternMod_Prefixoid	Chem_Prefixoid	ProperNamePrefixoid	Chemical_Possible	ParticipleFullForm	ParticipleShortForm	Singular	FiveAndMore	Three	Four	Two	SevenEight	AdjectiveFullForm	NounProperGeneral	NounProperSurNameFlective	NounProperTown	NounProperName	AdjectiveProper	NounProperPatronymic	NounProperNameDimin	AbbrProperGeneral	NounProperSurNameForeign	NormalNumberParadigm	FullRealization
69	109	отношения	отношения	285253	285251	Inanimate	Reflexive	FullReflexivity	NonReflexive	ImperfectiveReflexivity	NormalMorphForm	DefectOne	DefectTwo	Byt	DefectThree	DefectFour	GTNoun	NotEllipted	VocalForm	NForm	NotControlled	ZeroTypeOfCoordination	NoCompositeness	DegreeComparative	DegreePositive	DegreeSuperlative	Adverb_Un_Hyphen	Adverb_With_Hyphen	DeclensionNominal	Un_Comp_Suf	BiAspectual	MonoAspectual	Paired	FullSynthComparison	NoSynthComparative	NoSynthSuperlative	OnlySuperlative	MOne	MTwo	MThree	NormalClassifyingCapitalization	Future	Past	Present	Noun	ZeroDoubleConjunct	NotCommonChild	Accusative	Genitive	Nominative	Partitive	RCDemonstrative	RCAttributive	RCPossessive	RCIndefinite	RCPersonal	RCInterrogative	RCNegative	RCReflexive	RCNoun	NoPlacement	Imperfective	Perfective	NotDefaultFiller	Neuter	NoLeftmostPlacement	Iterat	UnIterat	NoRightmostPlacement	NotLeftConjunct	PersonFirst	PersonSecond	PersonThird	PersonZero	Active	VoiceSya	Passive	VerbIntransitive	VerbIntransitiveSpecial	VerbTransitive	VerbTransitiveSpecial	NotRightConjunct	NoSpecialCaseForm	NoContrast	NormalCapitalization	PO_Prefixoid	Rus_Prefixoid	VPOL_Prefixoid	NE_Prefixoid	Eval_Prefixoid	Intern_Prefixoid	Reduced_Prefixoid	InternHy_Prefixoid	Letter_Prefixoid	BEZ_Prefixoid	BES_Prefixoid	BEZer_Prefixoid	V_Prefixoid	InternModEr_Prefixoid	RusHy_Prefixoid	NAI_Prefixoid	POL_Prefixoid	NI_Prefixoid	KOE_Prefixoid	Intern_ReducedPrefixoid	InternMod_Prefixoid	Chem_Prefixoid	ProperNamePrefixoid	Chemical_Possible	ParticipleFullForm	ParticipleShortForm	Plural	Singular	FiveAndMore	Three	Four	Two	SevenEight	AdjectiveFullForm	AdjectiveShortForm	AdjectiveShortFlectional	NounProperGeneral	NounProperSurNameFlective	NounProperTown	NounProperName	AdjectiveProper	NounProperPatronymic	NounProperNameDimin	AbbrProperGeneral	NounProperSurNameForeign	NormalNumberParadigm	FullRealization
69	119	к	к	285256	285255	Animate	Inanimate	Inanimate	Reflexive	FullReflexivity	NonReflexive	ImperfectiveReflexivity	Reflexive	FullReflexivity	NonReflexive	ImperfectiveReflexivity	NormalMorphForm	NormalMorphForm	DefectOne	DefectTwo	Byt	DefectThree	DefectFour	DefectOne	DefectTwo	Byt	DefectThree	DefectFour	GTInvariable	GTNoun	NotEllipted	NotEllipted	VocalForm	NForm	VocalForm	NForm	NotControlled	NotControlled	ZeroTypeOfCoordination	ZeroTypeOfCoordination	Composite_ski	Composite_iko	Composite_sko	NoCompositeness	Composite_o	Composite_e	Composite_usek	Composite_null	Composite_Numeral	Composite_cko	Composite_cki	Composite_ComplexNumeral	Composite_NumeralFull	Composite_NumeralShort	NoCompositeness	DegreeComparative	DegreePositive	DegreeSuperlative	DegreeComparative	DegreePositive	DegreeSuperlative	Adverb_Un_Hyphen	Adverb_With_Hyphen	Adverb_Un_Hyphen	Adverb_With_Hyphen	DeclensionAdjectival	DeclensionNominal	DeclensionMixed	Indeclinable	Indeclinable	Comp_Suffixoid	Un_Comp_Suf	Comp_Suffixoid_Num_OJ	Comp_Suffixoid_Num_YJ	Comp_Suffixoid_Num_IJ	Comp_Suffixoid_Num_J	Comp_PunctuatorPost	Comp_PunctuatorPref	Comp_PunctuatorPostSeparable	Comp_PunctuatorPrefSeparable	Comp_Prefixoid	Comp_Suffixoid_Num_PercentYJ	Comp_Noun	Comp_Suffixoid_Chem	Comp_Adj	Comp_SuffixoidAbbr	Comp_PunctuatorPrefSeparable	BiAspectual	MonoAspectual	Paired	BiAspectual	MonoAspectual	Paired	FullSynthComparison	NoSynthComparative	NoSynthSuperlative	OnlySuperlative	FullSynthComparison	NoSynthComparative	NoSynthSuperlative	OnlySuperlative	MOne	MTwo	MThree	MOne	MTwo	MThree	NormalClassifyingCapitalization	NormalClassifyingCapitalization	Future	Past	Present	Future	Past	Present	Preposition	Noun	ZeroDoubleConjunct	ZeroDoubleConjunct	NotCommonChild	NotCommonChild	Accusative	Dative	Genitive	Instrumental	Locative	Nominative	Partitive	Prepositional	DativeSpecial	ZeroCase	Vocative	Accusative	Dative	Genitive	Instrumental	Locative	Nominative	Partitive	Prepositional	RCDemonstrative	RCAttributive	RCPossessive	RCIndefinite	RCPersonal	RCInterrogative	RCNegative	RCReflexive	RCNoun	RCDemonstrative	RCAttributive	RCPossessive	RCIndefinite	RCPersonal	RCInterrogative	RCNegative	RCReflexive	RCNoun	NoPlacement	NoPlacement	Imperfective	Perfective	Imperfective	Perfective	NotDefaultFiller	NotDefaultFiller	Feminine	Masculine	Neuter	Common	Masculine	NoLeftmostPlacement	NoLeftmostPlacement	Iterat	UnIterat	Iterat	UnIterat	NoRightmostPlacement	NoRightmostPlacement	NotLeftConjunct	NotLeftConjunct	PersonFirst	PersonSecond	PersonThird	PersonZero	PersonFirst	PersonSecond	PersonThird	PersonZero	Active	VoiceSya	Passive	Active	VoiceSya	Passive	VerbIntransitive	VerbIntransitiveSpecial	VerbTransitive	VerbTransitiveSpecial	VerbIntransitive	VerbIntransitiveSpecial	VerbTransitive	VerbTransitiveSpecial	NotRightConjunct	NotRightConjunct	NoSpecialCaseForm	Locative_u	Genitive_u	Plural_consonant	Genitive_Locative_u	GenitivePlural_Zero	NominativePlural_a	SpecialPlual	SpecialVocative	NoSpecialCaseForm	Locative_u	Genitive_u	Plural_consonant	Genitive_Locative_u	GenitivePlural_Zero	NominativePlural_a	SpecialPlual	SpecialVocative	NoContrast	NoContrast	NormalCapitalization	NormalCapitalization	PO_Prefixoid	Rus_Prefixoid	VPOL_Prefixoid	NE_Prefixoid	Eval_Prefixoid	Intern_Prefixoid	Reduced_Prefixoid	InternHy_Prefixoid	Letter_Prefixoid	BEZ_Prefixoid	BES_Prefixoid	BEZer_Prefixoid	V_Prefixoid	InternModEr_Prefixoid	RusHy_Prefixoid	NAI_Prefixoid	POL_Prefixoid	NI_Prefixoid	KOE_Prefixoid	Intern_ReducedPrefixoid	InternMod_Prefixoid	Chem_Prefixoid	ProperNamePrefixoid	Chemical_Possible	PO_Prefixoid	Rus_Prefixoid	VPOL_Prefixoid	NE_Prefixoid	Eval_Prefixoid	Intern_Prefixoid	Reduced_Prefixoid	InternHy_Prefixoid	Letter_Prefixoid	BEZ_Prefixoid	BES_Prefixoid	BEZer_Prefixoid	V_Prefixoid	InternModEr_Prefixoid	RusHy_Prefixoid	NAI_Prefixoid	POL_Prefixoid	NI_Prefixoid	KOE_Prefixoid	Intern_ReducedPrefixoid	InternMod_Prefixoid	Chem_Prefixoid	ProperNamePrefixoid	Chemical_Possible	ParticipleFullForm	ParticipleShortForm	ParticipleFullForm	ParticipleShortForm	Plural	Singular	Singular	FiveAndMore	Three	Four	Two	SevenEight	FiveAndMore	Three	Four	Two	SevenEight	AdjectiveFullForm	AdjectiveShortForm	AdjectiveShortFlectional	AdjectiveFullForm	AdjectiveShortForm	AdjectiveShortFlectional	NounProperGeneral	NounProperSurNameFlective	NounProperTown	NounProperName	AdjectiveProper	NounProperPatronymic	NounProperNameDimin	AbbrProperGeneral	NounProperSurNameForeign	AbbrProperGeneral	NormalNumberParadigm	SingulariaTantum	FullRealization	FullRealization
69	121	их	их	285257	285255	Animate	Inanimate	Animate	Inanimate	Reflexive	FullReflexivity	NonReflexive	ImperfectiveReflexivity	Reflexive	FullReflexivity	NonReflexive	ImperfectiveReflexivity	NormalMorphForm	NormalMorphForm	DefectOne	DefectTwo	Byt	DefectThree	DefectFour	DefectOne	DefectTwo	Byt	DefectThree	DefectFour	GTAdjectiveAttributive	GTNoun	NotEllipted	NotEllipted	VocalForm	NForm	VocalForm	NotControlled	NotControlled	ZeroTypeOfCoordination	ZeroTypeOfCoordination	Composite_ski	Composite_iko	Composite_sko	NoCompositeness	Composite_o	Composite_e	Composite_usek	Composite_null	Composite_Numeral	Composite_cko	Composite_cki	Composite_ComplexNumeral	Composite_NumeralFull	Composite_NumeralShort	Composite_ski	Composite_iko	Composite_sko	NoCompositeness	Composite_o	Composite_e	Composite_usek	Composite_null	Composite_Numeral	Composite_cko	Composite_cki	Composite_ComplexNumeral	Composite_NumeralFull	Composite_NumeralShort	DegreeComparative	DegreePositive	DegreeSuperlative	DegreeComparative	DegreePositive	DegreeSuperlative	Adverb_Un_Hyphen	Adverb_With_Hyphen	Adverb_Un_Hyphen	Adverb_With_Hyphen	DeclensionAdjectival	DeclensionNominal	DeclensionMixed	Indeclinable	DeclensionAdjectival	DeclensionNominal	DeclensionMixed	Indeclinable	Comp_Suffixoid	Un_Comp_Suf	Comp_Suffixoid_Num_OJ	Comp_Suffixoid_Num_YJ	Comp_Suffixoid_Num_IJ	Comp_Suffixoid_Num_J	Comp_PunctuatorPost	Comp_PunctuatorPref	Comp_PunctuatorPostSeparable	Comp_PunctuatorPrefSeparable	Comp_Prefixoid	Comp_Suffixoid_Num_PercentYJ	Comp_Noun	Comp_Suffixoid_Chem	Comp_Adj	Comp_SuffixoidAbbr	Comp_Suffixoid	Un_Comp_Suf	Comp_Suffixoid_Num_OJ	Comp_Suffixoid_Num_YJ	Comp_Suffixoid_Num_IJ	Comp_Suffixoid_Num_J	Comp_PunctuatorPost	Comp_PunctuatorPref	Comp_PunctuatorPostSeparable	Comp_PunctuatorPrefSeparable	Comp_Prefixoid	Comp_Suffixoid_Num_PercentYJ	Comp_Noun	Comp_Suffixoid_Chem	Comp_Adj	Comp_SuffixoidAbbr	BiAspectual	MonoAspectual	Paired	BiAspectual	MonoAspectual	Paired	FullSynthComparison	NoSynthComparative	NoSynthSuperlative	OnlySuperlative	FullSynthComparison	NoSynthComparative	NoSynthSuperlative	OnlySuperlative	MOne	MTwo	MThree	MOne	MTwo	MThree	NormalClassifyingCapitalization	NormalClassifyingCapitalization	Future	Past	Present	Future	Past	Present	Pronoun	Pronoun	ZeroDoubleConjunct	ZeroDoubleConjunct	NotCommonChild	NotCommonChild	Accusative	Dative	Genitive	Instrumental	Locative	Nominative	Partitive	Prepositional	Accusative	Genitive	RCPossessive	RCPersonal	NoPlacement	NoPlacement	Imperfective	Perfective	Imperfective	Perfective	NotDefaultFiller	NotDefaultFiller	Feminine	Masculine	Neuter	Common	Feminine	Masculine	Neuter	Common	NoLeftmostPlacement	NoLeftmostPlacement	Iterat	UnIterat	Iterat	UnIterat	NoRightmostPlacement	NoRightmostPlacement	NotLeftConjunct	NotLeftConjunct	PersonThird	PersonThird	Active	VoiceSya	Passive	Active	VoiceSya	Passive	VerbIntransitive	VerbIntransitiveSpecial	VerbTransitive	VerbTransitiveSpecial	VerbIntransitive	VerbIntransitiveSpecial	VerbTransitive	VerbTransitiveSpecial	NotRightConjunct	NotRightConjunct	NoSpecialCaseForm	Locative_u	Genitive_u	Plural_consonant	Genitive_Locative_u	GenitivePlural_Zero	NominativePlural_a	SpecialPlual	SpecialVocative	NoSpecialCaseForm	Locative_u	Genitive_u	Plural_consonant	Genitive_Locative_u	GenitivePlural_Zero	NominativePlural_a	SpecialPlual	SpecialVocative	NoContrast	NoContrast	NormalCapitalization	NormalCapitalization	PO_Prefixoid	Rus_Prefixoid	VPOL_Prefixoid	NE_Prefixoid	Eval_Prefixoid	Intern_Prefixoid	Reduced_Prefixoid	InternHy_Prefixoid	Letter_Prefixoid	BEZ_Prefixoid	BES_Prefixoid	BEZer_Prefixoid	V_Prefixoid	InternModEr_Prefixoid	RusHy_Prefixoid	NAI_Prefixoid	POL_Prefixoid	NI_Prefixoid	KOE_Prefixoid	Intern_ReducedPrefixoid	InternMod_Prefixoid	Chem_Prefixoid	ProperNamePrefixoid	Chemical_Possible	PO_Prefixoid	Rus_Prefixoid	VPOL_Prefixoid	NE_Prefixoid	Eval_Prefixoid	Intern_Prefixoid	Reduced_Prefixoid	InternHy_Prefixoid	Letter_Prefixoid	BEZ_Prefixoid	BES_Prefixoid	BEZer_Prefixoid	V_Prefixoid	InternModEr_Prefixoid	RusHy_Prefixoid	NAI_Prefixoid	POL_Prefixoid	NI_Prefixoid	KOE_Prefixoid	Intern_ReducedPrefixoid	InternMod_Prefixoid	Chem_Prefixoid	ProperNamePrefixoid	Chemical_Possible	ParticipleFullForm	ParticipleShortForm	ParticipleFullForm	ParticipleShortForm	Plural	Singular	Plural	FiveAndMore	Three	Four	Two	SevenEight	FiveAndMore	Three	Four	Two	SevenEight	AdjectiveFullForm	AdjectiveFullForm	AdjectiveShortForm	AdjectiveShortFlectional	NounProperGeneral	NounProperSurNameFlective	NounProperTown	NounProperName	AdjectiveProper	NounProperPatronymic	NounProperNameDimin	AbbrProperGeneral	NounProperSurNameForeign	NounProperGeneral	NounProperSurNameFlective	NounProperTown	NounProperName	AdjectiveProper	NounProperPatronymic	NounProperNameDimin	AbbrProperGeneral	NounProperSurNameForeign	NormalNumberParadigm	NormalNumberParadigm	FullRealization	FullRealization
69	124	разработке	разработке	285255	285253	Inanimate	Reflexive	FullReflexivity	NonReflexive	ImperfectiveReflexivity	NormalMorphForm	DefectOne	DefectTwo	Byt	DefectThree	DefectFour	GTNoun	NotEllipted	VocalForm	NForm	NotControlled	ZeroTypeOfCoordination	NoCompositeness	DegreeComparative	DegreePositive	DegreeSuperlative	Adverb_Un_Hyphen	Adverb_With_Hyphen	DeclensionNominal	Un_Comp_Suf	BiAspectual	MonoAspectual	Paired	FullSynthComparison	NoSynthComparative	NoSynthSuperlative	OnlySuperlative	MOne	MTwo	MThree	NormalClassifyingCapitalization	Future	Past	Present	Noun	ZeroDoubleConjunct	NotCommonChild	Dative	Locative	Prepositional	RCDemonstrative	RCAttributive	RCPossessive	RCIndefinite	RCPersonal	RCInterrogative	RCNegative	RCReflexive	RCNoun	NoPlacement	Imperfective	Perfective	NotDefaultFiller	Feminine	NoLeftmostPlacement	Iterat	UnIterat	NoRightmostPlacement	NotLeftConjunct	PersonFirst	PersonSecond	PersonThird	PersonZero	Active	VoiceSya	Passive	VerbIntransitive	VerbIntransitiveSpecial	VerbTransitive	VerbTransitiveSpecial	NotRightConjunct	NoSpecialCaseForm	NoContrast	NormalCapitalization	PO_Prefixoid	Rus_Prefixoid	VPOL_Prefixoid	NE_Prefixoid	Eval_Prefixoid	Intern_Prefixoid	Reduced_Prefixoid	InternHy_Prefixoid	Letter_Prefixoid	BEZ_Prefixoid	BES_Prefixoid	BEZer_Prefixoid	V_Prefixoid	InternModEr_Prefixoid	RusHy_Prefixoid	NAI_Prefixoid	POL_Prefixoid	NI_Prefixoid	KOE_Prefixoid	Intern_ReducedPrefixoid	InternMod_Prefixoid	Chem_Prefixoid	ProperNamePrefixoid	Chemical_Possible	ParticipleFullForm	ParticipleShortForm	Singular	FiveAndMore	Three	Four	Two	SevenEight	AdjectiveFullForm	AdjectiveShortForm	AdjectiveShortFlectional	NounProperGeneral	NounProperSurNameFlective	NounProperTown	NounProperName	AdjectiveProper	NounProperPatronymic	NounProperNameDimin	AbbrProperGeneral	NounProperSurNameForeign	NormalNumberParadigm	FullRealization
69	135	она	она	285258	285251	Animate	Inanimate	Reflexive	FullReflexivity	NonReflexive	ImperfectiveReflexivity	NormalMorphForm	DefectOne	DefectTwo	Byt	DefectThree	DefectFour	GTNoun	NotEllipted	VocalForm	NForm	NotControlled	ZeroTypeOfCoordination	Composite_ski	Composite_iko	Composite_sko	NoCompositeness	Composite_o	Composite_e	Composite_usek	Composite_null	Composite_Numeral	Composite_cko	Composite_cki	Composite_ComplexNumeral	Composite_NumeralFull	Composite_NumeralShort	DegreeComparative	DegreePositive	DegreeSuperlative	Adverb_Un_Hyphen	Adverb_With_Hyphen	DeclensionAdjectival	DeclensionNominal	DeclensionMixed	Indeclinable	Comp_Suffixoid	Un_Comp_Suf	Comp_Suffixoid_Num_OJ	Comp_Suffixoid_Num_YJ	Comp_Suffixoid_Num_IJ	Comp_Suffixoid_Num_J	Comp_PunctuatorPost	Comp_PunctuatorPref	Comp_PunctuatorPostSeparable	Comp_PunctuatorPrefSeparable	Comp_Prefixoid	Comp_Suffixoid_Num_PercentYJ	Comp_Noun	Comp_Suffixoid_Chem	Comp_Adj	Comp_SuffixoidAbbr	BiAspectual	MonoAspectual	Paired	FullSynthComparison	NoSynthComparative	NoSynthSuperlative	OnlySuperlative	MOne	MTwo	MThree	NormalClassifyingCapitalization	Future	Past	Present	Pronoun	ZeroDoubleConjunct	NotCommonChild	Nominative	RCPersonal	NoPlacement	Imperfective	Perfective	NotDefaultFiller	Feminine	NoLeftmostPlacement	Iterat	UnIterat	NoRightmostPlacement	NotLeftConjunct	PersonThird	Active	VoiceSya	Passive	VerbIntransitive	VerbIntransitiveSpecial	VerbTransitive	VerbTransitiveSpecial	NotRightConjunct	NoSpecialCaseForm	Locative_u	Genitive_u	Plural_consonant	Genitive_Locative_u	GenitivePlural_Zero	NominativePlural_a	SpecialPlual	SpecialVocative	NoContrast	NormalCapitalization	PO_Prefixoid	Rus_Prefixoid	VPOL_Prefixoid	NE_Prefixoid	Eval_Prefixoid	Intern_Prefixoid	Reduced_Prefixoid	InternHy_Prefixoid	Letter_Prefixoid	BEZ_Prefixoid	BES_Prefixoid	BEZer_Prefixoid	V_Prefixoid	InternModEr_Prefixoid	RusHy_Prefixoid	NAI_Prefixoid	POL_Prefixoid	NI_Prefixoid	KOE_Prefixoid	Intern_ReducedPrefixoid	InternMod_Prefixoid	Chem_Prefixoid	ProperNamePrefixoid	Chemical_Possible	ParticipleFullForm	ParticipleShortForm	Singular	FiveAndMore	Three	Four	Two	SevenEight	AdjectiveFullForm	AdjectiveShortForm	AdjectiveShortFlectional	NounProperGeneral	NounProperSurNameFlective	NounProperTown	NounProperName	AdjectiveProper	NounProperPatronymic	NounProperNameDimin	AbbrProperGeneral	NounProperSurNameForeign	NormalNumberParadigm	FullRealization
69	139	не	не	285259	285251	Animate	Inanimate	Reflexive	FullReflexivity	NonReflexive	ImperfectiveReflexivity	NormalMorphForm	DefectOne	DefectTwo	Byt	DefectThree	DefectFour	GTInvariable	NotEllipted	VocalForm	NForm	NotControlled	ZeroTypeOfCoordination	Composite_ski	Composite_iko	Composite_sko	NoCompositeness	Composite_o	Composite_e	Composite_usek	Composite_null	Composite_Numeral	Composite_cko	Composite_cki	Composite_ComplexNumeral	Composite_NumeralFull	Composite_NumeralShort	DegreeComparative	DegreePositive	DegreeSuperlative	Adverb_Un_Hyphen	Adverb_With_Hyphen	DeclensionAdjectival	DeclensionNominal	DeclensionMixed	Indeclinable	Comp_Suffixoid	Un_Comp_Suf	Comp_Suffixoid_Num_OJ	Comp_Suffixoid_Num_YJ	Comp_Suffixoid_Num_IJ	Comp_Suffixoid_Num_J	Comp_PunctuatorPost	Comp_PunctuatorPref	Comp_PunctuatorPostSeparable	Comp_PunctuatorPrefSeparable	Comp_Prefixoid	Comp_Suffixoid_Num_PercentYJ	Comp_Noun	Comp_Suffixoid_Chem	Comp_Adj	Comp_SuffixoidAbbr	BiAspectual	MonoAspectual	Paired	FullSynthComparison	NoSynthComparative	NoSynthSuperlative	OnlySuperlative	MOne	MTwo	MThree	NormalClassifyingCapitalization	Future	Past	Present	Particle	ZeroDoubleConjunct	NotCommonChild	Accusative	Dative	Genitive	Instrumental	Locative	Nominative	Partitive	Prepositional	DativeSpecial	ZeroCase	Vocative	RCDemonstrative	RCAttributive	RCPossessive	RCIndefinite	RCPersonal	RCInterrogative	RCNegative	RCReflexive	RCNoun	NoPlacement	Imperfective	Perfective	NotDefaultFiller	Feminine	Masculine	Neuter	Common	NoLeftmostPlacement	Iterat	UnIterat	NoRightmostPlacement	NotLeftConjunct	PersonFirst	PersonSecond	PersonThird	PersonZero	Active	VoiceSya	Passive	VerbIntransitive	VerbIntransitiveSpecial	VerbTransitive	VerbTransitiveSpecial	NotRightConjunct	NoSpecialCaseForm	Locative_u	Genitive_u	Plural_consonant	Genitive_Locative_u	GenitivePlural_Zero	NominativePlural_a	SpecialPlual	SpecialVocative	NoContrast	NormalCapitalization	PO_Prefixoid	Rus_Prefixoid	VPOL_Prefixoid	NE_Prefixoid	Eval_Prefixoid	Intern_Prefixoid	Reduced_Prefixoid	InternHy_Prefixoid	Letter_Prefixoid	BEZ_Prefixoid	BES_Prefixoid	BEZer_Prefixoid	V_Prefixoid	InternModEr_Prefixoid	RusHy_Prefixoid	NAI_Prefixoid	POL_Prefixoid	NI_Prefixoid	KOE_Prefixoid	Intern_ReducedPrefixoid	InternMod_Prefixoid	Chem_Prefixoid	ProperNamePrefixoid	Chemical_Possible	ParticipleFullForm	ParticipleShortForm	Plural	Singular	FiveAndMore	Three	Four	Two	SevenEight	AdjectiveFullForm	AdjectiveShortForm	AdjectiveShortFlectional	NounProperGeneral	NounProperSurNameFlective	NounProperTown	NounProperName	AdjectiveProper	NounProperPatronymic	NounProperNameDimin	AbbrProperGeneral	NounProperSurNameForeign	NormalNumberParadigm	FullRealization
69	142	имела	имела	285251	285241	Animate	Inanimate	FullReflexivity	NormalMorphForm	DefectOne	DefectTwo	Byt	DefectThree	DefectFour	GTVerb	NotEllipted	VocalForm	NForm	NotControlled	ZeroTypeOfCoordination	Composite_ski	Composite_iko	Composite_sko	NoCompositeness	Composite_o	Composite_e	Composite_usek	Composite_null	Composite_Numeral	Composite_cko	Composite_cki	Composite_ComplexNumeral	Composite_NumeralFull	Composite_NumeralShort	DegreeComparative	DegreePositive	DegreeSuperlative	Adverb_Un_Hyphen	Adverb_With_Hyphen	DeclensionAdjectival	DeclensionNominal	DeclensionMixed	Indeclinable	Comp_Suffixoid	Un_Comp_Suf	Comp_Suffixoid_Num_OJ	Comp_Suffixoid_Num_YJ	Comp_Suffixoid_Num_IJ	Comp_Suffixoid_Num_J	Comp_PunctuatorPost	Comp_PunctuatorPref	Comp_PunctuatorPostSeparable	Comp_PunctuatorPrefSeparable	Comp_Prefixoid	Comp_Suffixoid_Num_PercentYJ	Comp_Noun	Comp_Suffixoid_Chem	Comp_Adj	Comp_SuffixoidAbbr	MonoAspectual	FullSynthComparison	NoSynthComparative	NoSynthSuperlative	OnlySuperlative	MOne	MTwo	MThree	NormalClassifyingCapitalization	Past	Verb	ZeroDoubleConjunct	NotCommonChild	Accusative	Dative	Genitive	Instrumental	Locative	Nominative	Partitive	Prepositional	DativeSpecial	ZeroCase	Vocative	RCDemonstrative	RCAttributive	RCPossessive	RCIndefinite	RCPersonal	RCInterrogative	RCNegative	RCReflexive	RCNoun	NoPlacement	Imperfective	NotDefaultFiller	Feminine	NoLeftmostPlacement	UnIterat	NoRightmostPlacement	NotLeftConjunct	PersonFirst	PersonSecond	PersonThird	PersonZero	Active	VerbTransitiveSpecial	NotRightConjunct	NoSpecialCaseForm	Locative_u	Genitive_u	Plural_consonant	Genitive_Locative_u	GenitivePlural_Zero	NominativePlural_a	SpecialPlual	SpecialVocative	NoContrast	NormalCapitalization	PO_Prefixoid	Rus_Prefixoid	VPOL_Prefixoid	NE_Prefixoid	Eval_Prefixoid	Intern_Prefixoid	Reduced_Prefixoid	InternHy_Prefixoid	Letter_Prefixoid	BEZ_Prefixoid	BES_Prefixoid	BEZer_Prefixoid	V_Prefixoid	InternModEr_Prefixoid	RusHy_Prefixoid	NAI_Prefixoid	POL_Prefixoid	NI_Prefixoid	KOE_Prefixoid	Intern_ReducedPrefixoid	InternMod_Prefixoid	Chem_Prefixoid	ProperNamePrefixoid	Chemical_Possible	ParticipleFullForm	ParticipleShortForm	Singular	FiveAndMore	Three	Four	Two	SevenEight	AdjectiveFullForm	AdjectiveShortForm	AdjectiveShortFlectional	NounProperGeneral	NounProperSurNameFlective	NounProperTown	NounProperName	AdjectiveProper	NounProperPatronymic	NounProperNameDimin	AbbrProperGeneral	NounProperSurNameForeign	NormalNumberParadigm	FullRealization
79	-1			285321	285310
79	-1			285329	285324
79	-1			285354	285351
79	-1			285355	285349
79	-1			285356	285349
79	-1			285357	285322
79	-1			285358	285322
79	0	Еще	Еще	285313	285312	Animate	Inanimate	Reflexive	FullReflexivity	NonReflexive	ImperfectiveReflexivity	NormalMorphForm	DefectOne	DefectTwo	Byt	DefectThree	DefectFour	GTAdverb	NotEllipted	VocalForm	NForm	NotControlled	ZeroTypeOfCoordination	Composite_ski	Composite_iko	Composite_sko	NoCompositeness	Composite_o	Composite_e	Composite_usek	Composite_null	Composite_Numeral	Composite_cko	Composite_cki	Composite_ComplexNumeral	Composite_NumeralFull	Composite_NumeralShort	DegreePositive	Adverb_Un_Hyphen	DeclensionAdjectival	DeclensionNominal	DeclensionMixed	Indeclinable	Comp_Suffixoid	Un_Comp_Suf	Comp_Suffixoid_Num_OJ	Comp_Suffixoid_Num_YJ	Comp_Suffixoid_Num_IJ	Comp_Suffixoid_Num_J	Comp_PunctuatorPost	Comp_PunctuatorPref	Comp_PunctuatorPostSeparable	Comp_PunctuatorPrefSeparable	Comp_Prefixoid	Comp_Suffixoid_Num_PercentYJ	Comp_Noun	Comp_Suffixoid_Chem	Comp_Adj	Comp_SuffixoidAbbr	BiAspectual	MonoAspectual	Paired	NoSynthComparative	MOne	MTwo	MThree	NormalClassifyingCapitalization	Future	Past	Present	Adverb	ZeroDoubleConjunct	NotCommonChild	Accusative	Dative	Genitive	Instrumental	Locative	Nominative	Partitive	Prepositional	DativeSpecial	ZeroCase	Vocative	RCDemonstrative	RCAttributive	RCPossessive	RCIndefinite	RCPersonal	RCInterrogative	RCNegative	RCReflexive	RCNoun	NoPlacement	Imperfective	Perfective	NotDefaultFiller	Feminine	Masculine	Neuter	Common	NoLeftmostPlacement	Iterat	UnIterat	NoRightmostPlacement	NotLeftConjunct	PersonFirst	PersonSecond	PersonThird	PersonZero	Active	VoiceSya	Passive	VerbIntransitive	VerbIntransitiveSpecial	VerbTransitive	VerbTransitiveSpecial	NotRightConjunct	NoSpecialCaseForm	Locative_u	Genitive_u	Plural_consonant	Genitive_Locative_u	GenitivePlural_Zero	NominativePlural_a	SpecialPlual	SpecialVocative	NoContrast	NormalCapitalization	PO_Prefixoid	Rus_Prefixoid	VPOL_Prefixoid	NE_Prefixoid	Eval_Prefixoid	Intern_Prefixoid	Reduced_Prefixoid	InternHy_Prefixoid	Letter_Prefixoid	BEZ_Prefixoid	BES_Prefixoid	BEZer_Prefixoid	V_Prefixoid	InternModEr_Prefixoid	RusHy_Prefixoid	NAI_Prefixoid	POL_Prefixoid	NI_Prefixoid	KOE_Prefixoid	Intern_ReducedPrefixoid	InternMod_Prefixoid	Chem_Prefixoid	ProperNamePrefixoid	Chemical_Possible	ParticipleFullForm	ParticipleShortForm	Plural	Singular	FiveAndMore	Three	Four	Two	SevenEight	AdjectiveFullForm	AdjectiveShortForm	AdjectiveShortFlectional	NounProperGeneral	NounProperSurNameFlective	NounProperTown	NounProperName	AdjectiveProper	NounProperPatronymic	NounProperNameDimin	AbbrProperGeneral	NounProperSurNameForeign	NormalNumberParadigm	FullRealization
79	4	одним	одним	285312	285311	Animate	Inanimate	Reflexive	FullReflexivity	NonReflexive	ImperfectiveReflexivity	NormalMorphForm	DefectOne	DefectTwo	Byt	DefectThree	DefectFour	GTAdjectiveAttributive	GTNumeral	NotEllipted	VocalForm	NForm	NotControlled	ZeroTypeOfCoordination	Composite_ski	Composite_iko	Composite_sko	NoCompositeness	Composite_o	Composite_e	Composite_usek	Composite_null	Composite_Numeral	Composite_cko	Composite_cki	Composite_ComplexNumeral	Composite_NumeralFull	Composite_NumeralShort	DegreeComparative	DegreePositive	DegreeSuperlative	Adverb_Un_Hyphen	Adverb_With_Hyphen	DeclensionAdjectival	DeclensionNominal	DeclensionMixed	Indeclinable	Comp_Suffixoid	Un_Comp_Suf	Comp_Suffixoid_Num_OJ	Comp_Suffixoid_Num_YJ	Comp_Suffixoid_Num_IJ	Comp_Suffixoid_Num_J	Comp_PunctuatorPost	Comp_PunctuatorPref	Comp_PunctuatorPostSeparable	Comp_PunctuatorPrefSeparable	Comp_Prefixoid	Comp_Suffixoid_Num_PercentYJ	Comp_Noun	Comp_Suffixoid_Chem	Comp_Adj	Comp_SuffixoidAbbr	BiAspectual	MonoAspectual	Paired	FullSynthComparison	NoSynthComparative	NoSynthSuperlative	OnlySuperlative	MOne	MTwo	MThree	NormalClassifyingCapitalization	Future	Past	Present	Numeral	Pronoun	ZeroDoubleConjunct	NotCommonChild	Dative	Instrumental	RCDemonstrative	RCAttributive	RCPossessive	RCIndefinite	RCPersonal	RCInterrogative	RCNegative	RCReflexive	RCNoun	NoPlacement	Imperfective	Perfective	NotDefaultFiller	Feminine	Masculine	Neuter	Common	NoLeftmostPlacement	Iterat	UnIterat	NoRightmostPlacement	NotLeftConjunct	PersonFirst	PersonSecond	PersonThird	PersonZero	Active	VoiceSya	Passive	VerbIntransitive	VerbIntransitiveSpecial	VerbTransitive	VerbTransitiveSpecial	NotRightConjunct	NoSpecialCaseForm	Locative_u	Genitive_u	Plural_consonant	Genitive_Locative_u	GenitivePlural_Zero	NominativePlural_a	SpecialPlual	SpecialVocative	NoContrast	NormalCapitalization	PO_Prefixoid	Rus_Prefixoid	VPOL_Prefixoid	NE_Prefixoid	Eval_Prefixoid	Intern_Prefixoid	Reduced_Prefixoid	InternHy_Prefixoid	Letter_Prefixoid	BEZ_Prefixoid	BES_Prefixoid	BEZer_Prefixoid	V_Prefixoid	InternModEr_Prefixoid	RusHy_Prefixoid	NAI_Prefixoid	POL_Prefixoid	NI_Prefixoid	KOE_Prefixoid	Intern_ReducedPrefixoid	InternMod_Prefixoid	Chem_Prefixoid	ProperNamePrefixoid	Chemical_Possible	ParticipleFullForm	ParticipleShortForm	Plural	Singular	FiveAndMore	Three	Four	Two	SevenEight	AdjectiveFullForm	AdjectiveShortForm	AdjectiveShortFlectional	NounProperGeneral	NounProperSurNameFlective	NounProperTown	NounProperName	AdjectiveProper	NounProperPatronymic	NounProperNameDimin	AbbrProperGeneral	NounProperSurNameForeign	NormalNumberParadigm	FullRealization
79	10	достижением	достижением	285311	285310	Inanimate	Reflexive	FullReflexivity	NonReflexive	ImperfectiveReflexivity	NormalMorphForm	DefectOne	DefectTwo	Byt	DefectThree	DefectFour	GTNoun	NotEllipted	VocalForm	NForm	NotControlled	ZeroTypeOfCoordination	NoCompositeness	DegreeComparative	DegreePositive	DegreeSuperlative	Adverb_Un_Hyphen	Adverb_With_Hyphen	DeclensionNominal	Un_Comp_Suf	BiAspectual	MonoAspectual	Paired	FullSynthComparison	NoSynthComparative	NoSynthSuperlative	OnlySuperlative	MOne	MTwo	MThree	NormalClassifyingCapitalization	Future	Past	Present	Noun	ZeroDoubleConjunct	NotCommonChild	Instrumental	RCDemonstrative	RCAttributive	RCPossessive	RCIndefinite	RCPersonal	RCInterrogative	RCNegative	RCReflexive	RCNoun	NoPlacement	Imperfective	Perfective	NotDefaultFiller	Neuter	NoLeftmostPlacement	Iterat	UnIterat	NoRightmostPlacement	NotLeftConjunct	PersonFirst	PersonSecond	PersonThird	PersonZero	Active	VoiceSya	Passive	VerbIntransitive	VerbIntransitiveSpecial	VerbTransitive	VerbTransitiveSpecial	NotRightConjunct	NoSpecialCaseForm	NoContrast	NormalCapitalization	PO_Prefixoid	Rus_Prefixoid	VPOL_Prefixoid	NE_Prefixoid	Eval_Prefixoid	Intern_Prefixoid	Reduced_Prefixoid	InternHy_Prefixoid	Letter_Prefixoid	BEZ_Prefixoid	BES_Prefixoid	BEZer_Prefixoid	V_Prefixoid	InternModEr_Prefixoid	RusHy_Prefixoid	NAI_Prefixoid	POL_Prefixoid	NI_Prefixoid	KOE_Prefixoid	Intern_ReducedPrefixoid	InternMod_Prefixoid	Chem_Prefixoid	ProperNamePrefixoid	Chemical_Possible	ParticipleFullForm	ParticipleShortForm	Singular	FiveAndMore	Three	Four	Two	SevenEight	AdjectiveFullForm	AdjectiveShortForm	AdjectiveShortFlectional	NounProperGeneral	NounProperSurNameFlective	NounProperTown	NounProperName	AdjectiveProper	NounProperPatronymic	NounProperNameDimin	AbbrProperGeneral	NounProperSurNameForeign	NormalNumberParadigm	FullRealization
79	22	замминистра	замминистра	285314	285311	Animate	Reflexive	FullReflexivity	NonReflexive	ImperfectiveReflexivity	NormalMorphForm	DefectOne	DefectTwo	Byt	DefectThree	DefectFour	GTNoun	NotEllipted	VocalForm	NForm	NotControlled	ZeroTypeOfCoordination	NoCompositeness	DegreeComparative	DegreePositive	DegreeSuperlative	Adverb_Un_Hyphen	Adverb_With_Hyphen	DeclensionAdjectival	DeclensionNominal	DeclensionMixed	Indeclinable	Un_Comp_Suf	BiAspectual	MonoAspectual	Paired	FullSynthComparison	NoSynthComparative	NoSynthSuperlative	OnlySuperlative	MOne	MTwo	MThree	NormalClassifyingCapitalization	Future	Past	Present	Noun	ZeroDoubleConjunct	NotCommonChild	Accusative	Dative	Genitive	Instrumental	Locative	Nominative	Partitive	Prepositional	RCDemonstrative	RCAttributive	RCPossessive	RCIndefinite	RCPersonal	RCInterrogative	RCNegative	RCReflexive	RCNoun	NoPlacement	Imperfective	Perfective	NotDefaultFiller	Common	NoLeftmostPlacement	Iterat	UnIterat	NoRightmostPlacement	NotLeftConjunct	PersonFirst	PersonSecond	PersonThird	PersonZero	Active	VoiceSya	Passive	VerbIntransitive	VerbIntransitiveSpecial	VerbTransitive	VerbTransitiveSpecial	NotRightConjunct	NoSpecialCaseForm	NoContrast	NormalCapitalization	PO_Prefixoid	Rus_Prefixoid	VPOL_Prefixoid	NE_Prefixoid	Eval_Prefixoid	Intern_Prefixoid	Reduced_Prefixoid	InternHy_Prefixoid	Letter_Prefixoid	BEZ_Prefixoid	BES_Prefixoid	BEZer_Prefixoid	V_Prefixoid	InternModEr_Prefixoid	RusHy_Prefixoid	NAI_Prefixoid	POL_Prefixoid	NI_Prefixoid	KOE_Prefixoid	Intern_ReducedPrefixoid	InternMod_Prefixoid	Chem_Prefixoid	ProperNamePrefixoid	Chemical_Possible	ParticipleFullForm	ParticipleShortForm	Singular	FiveAndMore	Three	Four	Two	SevenEight	AdjectiveFullForm	AdjectiveShortForm	AdjectiveShortFlectional	NounProperGeneral	NounProperSurNameFlective	NounProperTown	NounProperName	AdjectiveProper	NounProperPatronymic	NounProperNameDimin	AbbrProperGeneral	NounProperSurNameForeign	NormalNumberParadigm	FullRealization
79	34	называли	называли	285310	-1	Animate	Inanimate	FullReflexivity	ImperfectiveReflexivity	NormalMorphForm	DefectOne	DefectTwo	Byt	DefectThree	DefectFour	GTVerb	NotEllipted	VocalForm	NForm	NotControlled	ZeroTypeOfCoordination	Composite_ski	Composite_iko	Composite_sko	NoCompositeness	Composite_o	Composite_e	Composite_usek	Composite_null	Composite_Numeral	Composite_cko	Composite_cki	Composite_ComplexNumeral	Composite_NumeralFull	Composite_NumeralShort	DegreeComparative	DegreePositive	DegreeSuperlative	Adverb_Un_Hyphen	Adverb_With_Hyphen	DeclensionAdjectival	DeclensionNominal	DeclensionMixed	Indeclinable	Comp_Suffixoid	Un_Comp_Suf	Comp_Suffixoid_Num_OJ	Comp_Suffixoid_Num_YJ	Comp_Suffixoid_Num_IJ	Comp_Suffixoid_Num_J	Comp_PunctuatorPost	Comp_PunctuatorPref	Comp_PunctuatorPostSeparable	Comp_PunctuatorPrefSeparable	Comp_Prefixoid	Comp_Suffixoid_Num_PercentYJ	Comp_Noun	Comp_Suffixoid_Chem	Comp_Adj	Comp_SuffixoidAbbr	Paired	FullSynthComparison	NoSynthComparative	NoSynthSuperlative	OnlySuperlative	MOne	MTwo	NormalClassifyingCapitalization	Past	Verb	ZeroDoubleConjunct	NotCommonChild	Accusative	Dative	Genitive	Instrumental	Locative	Nominative	Partitive	Prepositional	DativeSpecial	ZeroCase	Vocative	RCDemonstrative	RCAttributive	RCPossessive	RCIndefinite	RCPersonal	RCInterrogative	RCNegative	RCReflexive	RCNoun	NoPlacement	Imperfective	NotDefaultFiller	Feminine	Masculine	Neuter	Common	NoLeftmostPlacement	UnIterat	NoRightmostPlacement	NotLeftConjunct	PersonFirst	PersonSecond	PersonThird	PersonZero	Active	VerbTransitive	NotRightConjunct	NoSpecialCaseForm	Locative_u	Genitive_u	Plural_consonant	Genitive_Locative_u	GenitivePlural_Zero	NominativePlural_a	SpecialPlual	SpecialVocative	NoContrast	NormalCapitalization	PO_Prefixoid	Rus_Prefixoid	VPOL_Prefixoid	NE_Prefixoid	Eval_Prefixoid	Intern_Prefixoid	Reduced_Prefixoid	InternHy_Prefixoid	Letter_Prefixoid	BEZ_Prefixoid	BES_Prefixoid	BEZer_Prefixoid	V_Prefixoid	InternModEr_Prefixoid	RusHy_Prefixoid	NAI_Prefixoid	POL_Prefixoid	NI_Prefixoid	KOE_Prefixoid	Intern_ReducedPrefixoid	InternMod_Prefixoid	Chem_Prefixoid	ProperNamePrefixoid	Chemical_Possible	ParticipleFullForm	ParticipleShortForm	Plural	FiveAndMore	Three	Four	Two	SevenEight	AdjectiveFullForm	AdjectiveShortForm	AdjectiveShortFlectional	NounProperGeneral	NounProperSurNameFlective	NounProperTown	NounProperName	AdjectiveProper	NounProperPatronymic	NounProperNameDimin	AbbrProperGeneral	NounProperSurNameForeign	NormalNumberParadigm	FullRealization
79	43	продвижение	продвижение	285315	285310	Inanimate	Reflexive	FullReflexivity	NonReflexive	ImperfectiveReflexivity	NormalMorphForm	DefectOne	DefectTwo	Byt	DefectThree	DefectFour	GTNoun	NotEllipted	VocalForm	NForm	NotControlled	ZeroTypeOfCoordination	NoCompositeness	DegreeComparative	DegreePositive	DegreeSuperlative	Adverb_Un_Hyphen	Adverb_With_Hyphen	DeclensionNominal	Un_Comp_Suf	BiAspectual	MonoAspectual	Paired	FullSynthComparison	NoSynthComparative	NoSynthSuperlative	OnlySuperlative	MOne	MTwo	MThree	NormalClassifyingCapitalization	Future	Past	Present	Noun	ZeroDoubleConjunct	NotCommonChild	Accusative	Nominative	RCDemonstrative	RCAttributive	RCPossessive	RCIndefinite	RCPersonal	RCInterrogative	RCNegative	RCReflexive	RCNoun	NoPlacement	Imperfective	Perfective	NotDefaultFiller	Neuter	NoLeftmostPlacement	Iterat	UnIterat	NoRightmostPlacement	NotLeftConjunct	PersonFirst	PersonSecond	PersonThird	PersonZero	Active	VoiceSya	Passive	VerbIntransitive	VerbIntransitiveSpecial	VerbTransitive	VerbTransitiveSpecial	NotRightConjunct	NoSpecialCaseForm	NoContrast	NormalCapitalization	PO_Prefixoid	Rus_Prefixoid	VPOL_Prefixoid	NE_Prefixoid	Eval_Prefixoid	Intern_Prefixoid	Reduced_Prefixoid	InternHy_Prefixoid	Letter_Prefixoid	BEZ_Prefixoid	BES_Prefixoid	BEZer_Prefixoid	V_Prefixoid	InternModEr_Prefixoid	RusHy_Prefixoid	NAI_Prefixoid	POL_Prefixoid	NI_Prefixoid	KOE_Prefixoid	Intern_ReducedPrefixoid	InternMod_Prefixoid	Chem_Prefixoid	ProperNamePrefixoid	Chemical_Possible	ParticipleFullForm	ParticipleShortForm	Singular	FiveAndMore	Three	Four	Two	SevenEight	AdjectiveFullForm	AdjectiveShortForm	AdjectiveShortFlectional	NounProperGeneral	NounProperSurNameFlective	NounProperTown	NounProperName	AdjectiveProper	NounProperPatronymic	NounProperNameDimin	AbbrProperGeneral	NounProperSurNameForeign	NormalNumberParadigm	FullRealization
79	55	идеи	идеи	285316	285315	Inanimate	Reflexive	FullReflexivity	NonReflexive	ImperfectiveReflexivity	NormalMorphForm	DefectOne	DefectTwo	Byt	DefectThree	DefectFour	GTNoun	NotEllipted	VocalForm	NForm	NotControlled	ZeroTypeOfCoordination	NoCompositeness	DegreeComparative	DegreePositive	DegreeSuperlative	Adverb_Un_Hyphen	Adverb_With_Hyphen	DeclensionNominal	Un_Comp_Suf	BiAspectual	MonoAspectual	Paired	FullSynthComparison	NoSynthComparative	NoSynthSuperlative	OnlySuperlative	MOne	MTwo	MThree	NormalClassifyingCapitalization	Future	Past	Present	Noun	ZeroDoubleConjunct	NotCommonChild	Accusative	Genitive	Nominative	Partitive	RCDemonstrative	RCAttributive	RCPossessive	RCIndefinite	RCPersonal	RCInterrogative	RCNegative	RCReflexive	RCNoun	NoPlacement	Imperfective	Perfective	NotDefaultFiller	Feminine	NoLeftmostPlacement	Iterat	UnIterat	NoRightmostPlacement	NotLeftConjunct	PersonFirst	PersonSecond	PersonThird	PersonZero	Active	VoiceSya	Passive	VerbIntransitive	VerbIntransitiveSpecial	VerbTransitive	VerbTransitiveSpecial	NotRightConjunct	NoSpecialCaseForm	NoContrast	NormalCapitalization	PO_Prefixoid	Rus_Prefixoid	VPOL_Prefixoid	NE_Prefixoid	Eval_Prefixoid	Intern_Prefixoid	Reduced_Prefixoid	InternHy_Prefixoid	Letter_Prefixoid	BEZ_Prefixoid	BES_Prefixoid	BEZer_Prefixoid	V_Prefixoid	InternModEr_Prefixoid	RusHy_Prefixoid	NAI_Prefixoid	POL_Prefixoid	NI_Prefixoid	KOE_Prefixoid	Intern_ReducedPrefixoid	InternMod_Prefixoid	Chem_Prefixoid	ProperNamePrefixoid	Chemical_Possible	ParticipleFullForm	ParticipleShortForm	Plural	Singular	FiveAndMore	Three	Four	Two	SevenEight	AdjectiveFullForm	AdjectiveShortForm	AdjectiveShortFlectional	NounProperGeneral	NounProperSurNameFlective	NounProperTown	NounProperName	AdjectiveProper	NounProperPatronymic	NounProperNameDimin	AbbrProperGeneral	NounProperSurNameForeign	NormalNumberParadigm	FullRealization
79	60	о	о	285318	285317	Animate	Inanimate	Animate	Inanimate	Inanimate	Reflexive	FullReflexivity	NonReflexive	ImperfectiveReflexivity	Reflexive	FullReflexivity	NonReflexive	ImperfectiveReflexivity	Reflexive	FullReflexivity	NonReflexive	ImperfectiveReflexivity	NormalMorphForm	NormalMorphForm	NormalMorphForm	DefectOne	DefectTwo	Byt	DefectThree	DefectFour	DefectOne	DefectTwo	Byt	DefectThree	DefectFour	DefectOne	DefectTwo	Byt	DefectThree	DefectFour	GTInvariable	GTInvariable	GTNoun	NotEllipted	NotEllipted	NotEllipted	VocalForm	NForm	VocalForm	NForm	VocalForm	NForm	NotControlled	NotControlled	NotControlled	ZeroTypeOfCoordination	ZeroTypeOfCoordination	ZeroTypeOfCoordination	Composite_ski	Composite_iko	Composite_sko	NoCompositeness	Composite_o	Composite_e	Composite_usek	Composite_null	Composite_Numeral	Composite_cko	Composite_cki	Composite_ComplexNumeral	Composite_NumeralFull	Composite_NumeralShort	Composite_ski	Composite_iko	Composite_sko	NoCompositeness	Composite_o	Composite_e	Composite_usek	Composite_null	Composite_Numeral	Composite_cko	Composite_cki	Composite_ComplexNumeral	Composite_NumeralFull	Composite_NumeralShort	NoCompositeness	DegreeComparative	DegreePositive	DegreeSuperlative	DegreeComparative	DegreePositive	DegreeSuperlative	DegreeComparative	DegreePositive	DegreeSuperlative	Adverb_Un_Hyphen	Adverb_With_Hyphen	Adverb_Un_Hyphen	Adverb_With_Hyphen	Adverb_Un_Hyphen	Adverb_With_Hyphen	DeclensionAdjectival	DeclensionNominal	DeclensionMixed	Indeclinable	DeclensionAdjectival	DeclensionNominal	DeclensionMixed	Indeclinable	Indeclinable	Comp_Suffixoid	Un_Comp_Suf	Comp_Suffixoid_Num_OJ	Comp_Suffixoid_Num_YJ	Comp_Suffixoid_Num_IJ	Comp_Suffixoid_Num_J	Comp_PunctuatorPost	Comp_PunctuatorPref	Comp_PunctuatorPostSeparable	Comp_PunctuatorPrefSeparable	Comp_Prefixoid	Comp_Suffixoid_Num_PercentYJ	Comp_Noun	Comp_Suffixoid_Chem	Comp_Adj	Comp_SuffixoidAbbr	Comp_Suffixoid	Un_Comp_Suf	Comp_Suffixoid_Num_OJ	Comp_Suffixoid_Num_YJ	Comp_Suffixoid_Num_IJ	Comp_Suffixoid_Num_J	Comp_PunctuatorPost	Comp_PunctuatorPref	Comp_PunctuatorPostSeparable	Comp_PunctuatorPrefSeparable	Comp_Prefixoid	Comp_Suffixoid_Num_PercentYJ	Comp_Noun	Comp_Suffixoid_Chem	Comp_Adj	Comp_SuffixoidAbbr	Comp_PunctuatorPrefSeparable	BiAspectual	MonoAspectual	Paired	BiAspectual	MonoAspectual	Paired	BiAspectual	MonoAspectual	Paired	FullSynthComparison	NoSynthComparative	NoSynthSuperlative	OnlySuperlative	FullSynthComparison	NoSynthComparative	NoSynthSuperlative	OnlySuperlative	FullSynthComparison	NoSynthComparative	NoSynthSuperlative	OnlySuperlative	MOne	MTwo	MThree	MOne	MTwo	MThree	MOne	MTwo	MThree	NormalClassifyingCapitalization	NormalClassifyingCapitalization	NormalClassifyingCapitalization	Future	Past	Present	Future	Past	Present	Future	Past	Present	Preposition	Interjection	Noun	ZeroDoubleConjunct	ZeroDoubleConjunct	ZeroDoubleConjunct	NotCommonChild	NotCommonChild	NotCommonChild	Accusative	Dative	Genitive	Instrumental	Locative	Nominative	Partitive	Prepositional	DativeSpecial	ZeroCase	Vocative	Accusative	Dative	Genitive	Instrumental	Locative	Nominative	Partitive	Prepositional	DativeSpecial	ZeroCase	Vocative	Accusative	Dative	Genitive	Instrumental	Locative	Nominative	Partitive	Prepositional	RCDemonstrative	RCAttributive	RCPossessive	RCIndefinite	RCPersonal	RCInterrogative	RCNegative	RCReflexive	RCNoun	RCDemonstrative	RCAttributive	RCPossessive	RCIndefinite	RCPersonal	RCInterrogative	RCNegative	RCReflexive	RCNoun	RCDemonstrative	RCAttributive	RCPossessive	RCIndefinite	RCPersonal	RCInterrogative	RCNegative	RCReflexive	RCNoun	NoPlacement	NoPlacement	NoPlacement	Imperfective	Perfective	Imperfective	Perfective	Imperfective	Perfective	NotDefaultFiller	NotDefaultFiller	NotDefaultFiller	Feminine	Masculine	Neuter	Common	Feminine	Masculine	Neuter	Common	Masculine	NoLeftmostPlacement	NoLeftmostPlacement	NoLeftmostPlacement	Iterat	UnIterat	Iterat	UnIterat	Iterat	UnIterat	NoRightmostPlacement	NoRightmostPlacement	NoRightmostPlacement	NotLeftConjunct	NotLeftConjunct	NotLeftConjunct	PersonFirst	PersonSecond	PersonThird	PersonZero	PersonFirst	PersonSecond	PersonThird	PersonZero	PersonFirst	PersonSecond	PersonThird	PersonZero	Active	VoiceSya	Passive	Active	VoiceSya	Passive	Active	VoiceSya	Passive	VerbIntransitive	VerbIntransitiveSpecial	VerbTransitive	VerbTransitiveSpecial	VerbIntransitive	VerbIntransitiveSpecial	VerbTransitive	VerbTransitiveSpecial	VerbIntransitive	VerbIntransitiveSpecial	VerbTransitive	VerbTransitiveSpecial	NotRightConjunct	NotRightConjunct	NotRightConjunct	NoSpecialCaseForm	Locative_u	Genitive_u	Plural_consonant	Genitive_Locative_u	GenitivePlural_Zero	NominativePlural_a	SpecialPlual	SpecialVocative	NoSpecialCaseForm	Locative_u	Genitive_u	Plural_consonant	Genitive_Locative_u	GenitivePlural_Zero	NominativePlural_a	SpecialPlual	SpecialVocative	NoSpecialCaseForm	Locative_u	Genitive_u	Plural_consonant	Genitive_Locative_u	GenitivePlural_Zero	NominativePlural_a	SpecialPlual	SpecialVocative	NoContrast	NoContrast	NoContrast	NormalCapitalization	NormalCapitalization	NormalCapitalization	PO_Prefixoid	Rus_Prefixoid	VPOL_Prefixoid	NE_Prefixoid	Eval_Prefixoid	Intern_Prefixoid	Reduced_Prefixoid	InternHy_Prefixoid	Letter_Prefixoid	BEZ_Prefixoid	BES_Prefixoid	BEZer_Prefixoid	V_Prefixoid	InternModEr_Prefixoid	RusHy_Prefixoid	NAI_Prefixoid	POL_Prefixoid	NI_Prefixoid	KOE_Prefixoid	Intern_ReducedPrefixoid	InternMod_Prefixoid	Chem_Prefixoid	ProperNamePrefixoid	Chemical_Possible	PO_Prefixoid	Rus_Prefixoid	VPOL_Prefixoid	NE_Prefixoid	Eval_Prefixoid	Intern_Prefixoid	Reduced_Prefixoid	InternHy_Prefixoid	Letter_Prefixoid	BEZ_Prefixoid	BES_Prefixoid	BEZer_Prefixoid	V_Prefixoid	InternModEr_Prefixoid	RusHy_Prefixoid	NAI_Prefixoid	POL_Prefixoid	NI_Prefixoid	KOE_Prefixoid	Intern_ReducedPrefixoid	InternMod_Prefixoid	Chem_Prefixoid	ProperNamePrefixoid	Chemical_Possible	PO_Prefixoid	Rus_Prefixoid	VPOL_Prefixoid	NE_Prefixoid	Eval_Prefixoid	Intern_Prefixoid	Reduced_Prefixoid	InternHy_Prefixoid	Letter_Prefixoid	BEZ_Prefixoid	BES_Prefixoid	BEZer_Prefixoid	V_Prefixoid	InternModEr_Prefixoid	RusHy_Prefixoid	NAI_Prefixoid	POL_Prefixoid	NI_Prefixoid	KOE_Prefixoid	Intern_ReducedPrefixoid	InternMod_Prefixoid	Chem_Prefixoid	ProperNamePrefixoid	Chemical_Possible	ParticipleFullForm	ParticipleShortForm	ParticipleFullForm	ParticipleShortForm	ParticipleFullForm	ParticipleShortForm	Plural	Singular	Plural	Singular	Singular	FiveAndMore	Three	Four	Two	SevenEight	FiveAndMore	Three	Four	Two	SevenEight	FiveAndMore	Three	Four	Two	SevenEight	AdjectiveFullForm	AdjectiveShortForm	AdjectiveShortFlectional	AdjectiveFullForm	AdjectiveShortForm	AdjectiveShortFlectional	AdjectiveFullForm	AdjectiveShortForm	AdjectiveShortFlectional	NounProperGeneral	NounProperSurNameFlective	NounProperTown	NounProperName	AdjectiveProper	NounProperPatronymic	NounProperNameDimin	AbbrProperGeneral	NounProperSurNameForeign	NounProperGeneral	NounProperSurNameFlective	NounProperTown	NounProperName	AdjectiveProper	NounProperPatronymic	NounProperNameDimin	AbbrProperGeneral	NounProperSurNameForeign	AbbrProperGeneral	NormalNumberParadigm	NormalNumberParadigm	SingulariaTantum	FullRealization	FullRealization	FullRealization
79	62	жесткой	жесткой	285319	285317	Animate	Inanimate	Reflexive	FullReflexivity	NonReflexive	ImperfectiveReflexivity	NormalMorphForm	DefectOne	DefectTwo	Byt	DefectThree	DefectFour	GTAdjective	NotEllipted	VocalForm	NForm	NotControlled	ZeroTypeOfCoordination	NoCompositeness	DegreePositive	Adverb_Un_Hyphen	Adverb_With_Hyphen	DeclensionAdjectival	DeclensionNominal	DeclensionMixed	Indeclinable	Un_Comp_Suf	BiAspectual	MonoAspectual	Paired	NoSynthSuperlative	MOne	MTwo	MThree	NormalClassifyingCapitalization	Future	Past	Present	Adjective	ZeroDoubleConjunct	NotCommonChild	Dative	Genitive	Instrumental	Locative	Partitive	Prepositional	RCDemonstrative	RCAttributive	RCPossessive	RCIndefinite	RCPersonal	RCInterrogative	RCNegative	RCReflexive	RCNoun	NoPlacement	Imperfective	Perfective	NotDefaultFiller	Feminine	NoLeftmostPlacement	Iterat	UnIterat	NoRightmostPlacement	NotLeftConjunct	PersonFirst	PersonSecond	PersonThird	PersonZero	Active	VoiceSya	Passive	VerbIntransitive	VerbIntransitiveSpecial	VerbTransitive	VerbTransitiveSpecial	NotRightConjunct	NoSpecialCaseForm	Locative_u	Genitive_u	Plural_consonant	Genitive_Locative_u	GenitivePlural_Zero	NominativePlural_a	SpecialPlual	SpecialVocative	NoContrast	NormalCapitalization	PO_Prefixoid	Rus_Prefixoid	VPOL_Prefixoid	NE_Prefixoid	Eval_Prefixoid	Intern_Prefixoid	Reduced_Prefixoid	InternHy_Prefixoid	Letter_Prefixoid	BEZ_Prefixoid	BES_Prefixoid	BEZer_Prefixoid	V_Prefixoid	InternModEr_Prefixoid	RusHy_Prefixoid	NAI_Prefixoid	POL_Prefixoid	NI_Prefixoid	KOE_Prefixoid	Intern_ReducedPrefixoid	InternMod_Prefixoid	Chem_Prefixoid	ProperNamePrefixoid	Chemical_Possible	ParticipleFullForm	ParticipleShortForm	Singular	FiveAndMore	Three	Four	Two	SevenEight	AdjectiveFullForm	NounProperGeneral	NounProperSurNameFlective	NounProperTown	NounProperName	AdjectiveProper	NounProperPatronymic	NounProperNameDimin	AbbrProperGeneral	NounProperSurNameForeign	NormalNumberParadigm	FullRealization
79	70	стандартизации	стандартизации	285317	285316	Inanimate	Inanimate	Reflexive	FullReflexivity	NonReflexive	ImperfectiveReflexivity	Reflexive	FullReflexivity	NonReflexive	ImperfectiveReflexivity	NormalMorphForm	NormalMorphForm	DefectOne	DefectTwo	Byt	DefectThree	DefectFour	DefectOne	DefectTwo	Byt	DefectThree	DefectFour	GTNoun	GTNoun	NotEllipted	NotEllipted	VocalForm	NForm	VocalForm	NForm	NotControlled	NotControlled	ZeroTypeOfCoordination	ZeroTypeOfCoordination	NoCompositeness	NoCompositeness	DegreeComparative	DegreePositive	DegreeSuperlative	DegreeComparative	DegreePositive	DegreeSuperlative	Adverb_Un_Hyphen	Adverb_With_Hyphen	Adverb_Un_Hyphen	Adverb_With_Hyphen	DeclensionNominal	DeclensionNominal	Un_Comp_Suf	Un_Comp_Suf	BiAspectual	MonoAspectual	Paired	BiAspectual	MonoAspectual	Paired	FullSynthComparison	NoSynthComparative	NoSynthSuperlative	OnlySuperlative	FullSynthComparison	NoSynthComparative	NoSynthSuperlative	OnlySuperlative	MOne	MTwo	MThree	MOne	MTwo	MThree	NormalClassifyingCapitalization	NormalClassifyingCapitalization	Future	Past	Present	Future	Past	Present	Noun	Noun	ZeroDoubleConjunct	ZeroDoubleConjunct	NotCommonChild	NotCommonChild	Dative	Genitive	Locative	Partitive	Prepositional	Accusative	Nominative	RCDemonstrative	RCAttributive	RCPossessive	RCIndefinite	RCPersonal	RCInterrogative	RCNegative	RCReflexive	RCNoun	RCDemonstrative	RCAttributive	RCPossessive	RCIndefinite	RCPersonal	RCInterrogative	RCNegative	RCReflexive	RCNoun	NoPlacement	NoPlacement	Imperfective	Perfective	Imperfective	Perfective	NotDefaultFiller	NotDefaultFiller	Feminine	Feminine	NoLeftmostPlacement	NoLeftmostPlacement	Iterat	UnIterat	Iterat	UnIterat	NoRightmostPlacement	NoRightmostPlacement	NotLeftConjunct	NotLeftConjunct	PersonFirst	PersonSecond	PersonThird	PersonZero	PersonFirst	PersonSecond	PersonThird	PersonZero	Active	VoiceSya	Passive	Active	VoiceSya	Passive	VerbIntransitive	VerbIntransitiveSpecial	VerbTransitive	VerbTransitiveSpecial	VerbIntransitive	VerbIntransitiveSpecial	VerbTransitive	VerbTransitiveSpecial	NotRightConjunct	NotRightConjunct	NoSpecialCaseForm	NoSpecialCaseForm	NoContrast	NoContrast	NormalCapitalization	NormalCapitalization	PO_Prefixoid	Rus_Prefixoid	VPOL_Prefixoid	NE_Prefixoid	Eval_Prefixoid	Intern_Prefixoid	Reduced_Prefixoid	InternHy_Prefixoid	Letter_Prefixoid	BEZ_Prefixoid	BES_Prefixoid	BEZer_Prefixoid	V_Prefixoid	InternModEr_Prefixoid	RusHy_Prefixoid	NAI_Prefixoid	POL_Prefixoid	NI_Prefixoid	KOE_Prefixoid	Intern_ReducedPrefixoid	InternMod_Prefixoid	Chem_Prefixoid	ProperNamePrefixoid	Chemical_Possible	PO_Prefixoid	Rus_Prefixoid	VPOL_Prefixoid	NE_Prefixoid	Eval_Prefixoid	Intern_Prefixoid	Reduced_Prefixoid	InternHy_Prefixoid	Letter_Prefixoid	BEZ_Prefixoid	BES_Prefixoid	BEZer_Prefixoid	V_Prefixoid	InternModEr_Prefixoid	RusHy_Prefixoid	NAI_Prefixoid	POL_Prefixoid	NI_Prefixoid	KOE_Prefixoid	Intern_ReducedPrefixoid	InternMod_Prefixoid	Chem_Prefixoid	ProperNamePrefixoid	Chemical_Possible	ParticipleFullForm	ParticipleShortForm	ParticipleFullForm	ParticipleShortForm	Singular	Plural	FiveAndMore	Three	Four	Two	SevenEight	FiveAndMore	Three	Four	Two	SevenEight	AdjectiveFullForm	AdjectiveShortForm	AdjectiveShortFlectional	AdjectiveFullForm	AdjectiveShortForm	AdjectiveShortFlectional	NounProperGeneral	NounProperSurNameFlective	NounProperTown	NounProperName	AdjectiveProper	NounProperPatronymic	NounProperNameDimin	AbbrProperGeneral	NounProperSurNameForeign	NounProperGeneral	NounProperSurNameFlective	NounProperTown	NounProperName	AdjectiveProper	NounProperPatronymic	NounProperNameDimin	AbbrProperGeneral	NounProperSurNameForeign	NormalNumberParadigm	NormalNumberParadigm	FullRealization	FullRealization
79	85	лечения	лечения	285320	285317	Inanimate	Reflexive	FullReflexivity	NonReflexive	ImperfectiveReflexivity	NormalMorphForm	DefectOne	DefectTwo	Byt	DefectThree	DefectFour	GTNoun	NotEllipted	VocalForm	NForm	NotControlled	ZeroTypeOfCoordination	NoCompositeness	DegreeComparative	DegreePositive	DegreeSuperlative	Adverb_Un_Hyphen	Adverb_With_Hyphen	DeclensionNominal	Un_Comp_Suf	BiAspectual	MonoAspectual	Paired	FullSynthComparison	NoSynthComparative	NoSynthSuperlative	OnlySuperlative	MOne	MTwo	MThree	NormalClassifyingCapitalization	Future	Past	Present	Noun	ZeroDoubleConjunct	NotCommonChild	Accusative	Genitive	Nominative	Partitive	RCDemonstrative	RCAttributive	RCPossessive	RCIndefinite	RCPersonal	RCInterrogative	RCNegative	RCReflexive	RCNoun	NoPlacement	Imperfective	Perfective	NotDefaultFiller	Neuter	NoLeftmostPlacement	Iterat	UnIterat	NoRightmostPlacement	NotLeftConjunct	PersonFirst	PersonSecond	PersonThird	PersonZero	Active	VoiceSya	Passive	VerbIntransitive	VerbIntransitiveSpecial	VerbTransitive	VerbTransitiveSpecial	NotRightConjunct	NoSpecialCaseForm	NoContrast	NormalCapitalization	PO_Prefixoid	Rus_Prefixoid	VPOL_Prefixoid	NE_Prefixoid	Eval_Prefixoid	Intern_Prefixoid	Reduced_Prefixoid	InternHy_Prefixoid	Letter_Prefixoid	BEZ_Prefixoid	BES_Prefixoid	BEZer_Prefixoid	V_Prefixoid	InternModEr_Prefixoid	RusHy_Prefixoid	NAI_Prefixoid	POL_Prefixoid	NI_Prefixoid	KOE_Prefixoid	Intern_ReducedPrefixoid	InternMod_Prefixoid	Chem_Prefixoid	ProperNamePrefixoid	Chemical_Possible	ParticipleFullForm	ParticipleShortForm	Plural	Singular	FiveAndMore	Three	Four	Two	SevenEight	AdjectiveFullForm	AdjectiveShortForm	AdjectiveShortFlectional	NounProperGeneral	NounProperSurNameFlective	NounProperTown	NounProperName	AdjectiveProper	NounProperPatronymic	NounProperNameDimin	AbbrProperGeneral	NounProperSurNameForeign	NormalNumberParadigm	FullRealization
79	94	однако	однако	285323	285322	Animate	Inanimate	Reflexive	FullReflexivity	NonReflexive	ImperfectiveReflexivity	NormalMorphForm	NormalMorphForm	DefectOne	DefectTwo	Byt	DefectThree	DefectFour	GTInvariable	NotEllipted	NotEllipted	VocalForm	NForm	NotControlled	NotControlled	ZeroTypeOfCoordination	ZeroTypeOfCoordination	Composite_ski	Composite_iko	Composite_sko	NoCompositeness	Composite_o	Composite_e	Composite_usek	Composite_null	Composite_Numeral	Composite_cko	Composite_cki	Composite_ComplexNumeral	Composite_NumeralFull	Composite_NumeralShort	DegreeComparative	DegreePositive	DegreeSuperlative	Adverb_Un_Hyphen	Adverb_With_Hyphen	DeclensionAdjectival	DeclensionNominal	DeclensionMixed	Indeclinable	Comp_Suffixoid	Un_Comp_Suf	Comp_Suffixoid_Num_OJ	Comp_Suffixoid_Num_YJ	Comp_Suffixoid_Num_IJ	Comp_Suffixoid_Num_J	Comp_PunctuatorPost	Comp_PunctuatorPref	Comp_PunctuatorPostSeparable	Comp_PunctuatorPrefSeparable	Comp_Prefixoid	Comp_Suffixoid_Num_PercentYJ	Comp_Noun	Comp_Suffixoid_Chem	Comp_Adj	Comp_SuffixoidAbbr	BiAspectual	MonoAspectual	Paired	FullSynthComparison	NoSynthComparative	NoSynthSuperlative	OnlySuperlative	MOne	MTwo	MThree	NormalClassifyingCapitalization	NormalClassifyingCapitalization	Future	Past	Present	Conjunction	ZeroDoubleConjunct	ZeroDoubleConjunct	NotCommonChild	NotCommonChild	Accusative	Dative	Genitive	Instrumental	Locative	Nominative	Partitive	Prepositional	DativeSpecial	ZeroCase	Vocative	RCDemonstrative	RCAttributive	RCPossessive	RCIndefinite	RCPersonal	RCInterrogative	RCNegative	RCReflexive	RCNoun	NoPlacement	NoPlacement	Imperfective	Perfective	NotDefaultFiller	NotDefaultFiller	Feminine	Masculine	Neuter	Common	NoLeftmostPlacement	NoLeftmostPlacement	Iterat	UnIterat	NoRightmostPlacement	NoRightmostPlacement	NotLeftConjunct	NotLeftConjunct	PersonFirst	PersonSecond	PersonThird	PersonZero	Active	VoiceSya	Passive	VerbIntransitive	VerbIntransitiveSpecial	VerbTransitive	VerbTransitiveSpecial	NotRightConjunct	NotRightConjunct	NoSpecialCaseForm	Locative_u	Genitive_u	Plural_consonant	Genitive_Locative_u	GenitivePlural_Zero	NominativePlural_a	SpecialPlual	SpecialVocative	NoContrast	NoContrast	NormalCapitalization	NormalCapitalization	PO_Prefixoid	Rus_Prefixoid	VPOL_Prefixoid	NE_Prefixoid	Eval_Prefixoid	Intern_Prefixoid	Reduced_Prefixoid	InternHy_Prefixoid	Letter_Prefixoid	BEZ_Prefixoid	BES_Prefixoid	BEZer_Prefixoid	V_Prefixoid	InternModEr_Prefixoid	RusHy_Prefixoid	NAI_Prefixoid	POL_Prefixoid	NI_Prefixoid	KOE_Prefixoid	Intern_ReducedPrefixoid	InternMod_Prefixoid	Chem_Prefixoid	ProperNamePrefixoid	Chemical_Possible	ParticipleFullForm	ParticipleShortForm	Plural	Singular	FiveAndMore	Three	Four	Two	SevenEight	AdjectiveFullForm	AdjectiveShortForm	AdjectiveShortFlectional	NounProperGeneral	NounProperSurNameFlective	NounProperTown	NounProperName	AdjectiveProper	NounProperPatronymic	NounProperNameDimin	AbbrProperGeneral	NounProperSurNameForeign	NormalNumberParadigm	NormalNumberParadigm	FullRealization	FullRealization
79	101	ее	ее	285325	285324	Animate	Inanimate	Animate	Inanimate	Reflexive	FullReflexivity	NonReflexive	ImperfectiveReflexivity	Reflexive	FullReflexivity	NonReflexive	ImperfectiveReflexivity	NormalMorphForm	NormalMorphForm	DefectOne	DefectTwo	Byt	DefectThree	DefectFour	DefectOne	DefectTwo	Byt	DefectThree	DefectFour	GTAdjectiveAttributive	GTNoun	NotEllipted	NotEllipted	VocalForm	NForm	VocalForm	NotControlled	NotControlled	ZeroTypeOfCoordination	ZeroTypeOfCoordination	Composite_ski	Composite_iko	Composite_sko	NoCompositeness	Composite_o	Composite_e	Composite_usek	Composite_null	Composite_Numeral	Composite_cko	Composite_cki	Composite_ComplexNumeral	Composite_NumeralFull	Composite_NumeralShort	Composite_ski	Composite_iko	Composite_sko	NoCompositeness	Composite_o	Composite_e	Composite_usek	Composite_null	Composite_Numeral	Composite_cko	Composite_cki	Composite_ComplexNumeral	Composite_NumeralFull	Composite_NumeralShort	DegreeComparative	DegreePositive	DegreeSuperlative	DegreeComparative	DegreePositive	DegreeSuperlative	Adverb_Un_Hyphen	Adverb_With_Hyphen	Adverb_Un_Hyphen	Adverb_With_Hyphen	DeclensionAdjectival	DeclensionNominal	DeclensionMixed	Indeclinable	DeclensionAdjectival	DeclensionNominal	DeclensionMixed	Indeclinable	Comp_Suffixoid	Un_Comp_Suf	Comp_Suffixoid_Num_OJ	Comp_Suffixoid_Num_YJ	Comp_Suffixoid_Num_IJ	Comp_Suffixoid_Num_J	Comp_PunctuatorPost	Comp_PunctuatorPref	Comp_PunctuatorPostSeparable	Comp_PunctuatorPrefSeparable	Comp_Prefixoid	Comp_Suffixoid_Num_PercentYJ	Comp_Noun	Comp_Suffixoid_Chem	Comp_Adj	Comp_SuffixoidAbbr	Comp_Suffixoid	Un_Comp_Suf	Comp_Suffixoid_Num_OJ	Comp_Suffixoid_Num_YJ	Comp_Suffixoid_Num_IJ	Comp_Suffixoid_Num_J	Comp_PunctuatorPost	Comp_PunctuatorPref	Comp_PunctuatorPostSeparable	Comp_PunctuatorPrefSeparable	Comp_Prefixoid	Comp_Suffixoid_Num_PercentYJ	Comp_Noun	Comp_Suffixoid_Chem	Comp_Adj	Comp_SuffixoidAbbr	BiAspectual	MonoAspectual	Paired	BiAspectual	MonoAspectual	Paired	FullSynthComparison	NoSynthComparative	NoSynthSuperlative	OnlySuperlative	FullSynthComparison	NoSynthComparative	NoSynthSuperlative	OnlySuperlative	MOne	MTwo	MThree	MOne	MTwo	MThree	NormalClassifyingCapitalization	NormalClassifyingCapitalization	Future	Past	Present	Future	Past	Present	Pronoun	Pronoun	ZeroDoubleConjunct	ZeroDoubleConjunct	NotCommonChild	NotCommonChild	Accusative	Dative	Genitive	Instrumental	Locative	Nominative	Partitive	Prepositional	Accusative	Genitive	RCPossessive	RCPersonal	NoPlacement	NoPlacement	Imperfective	Perfective	Imperfective	Perfective	NotDefaultFiller	NotDefaultFiller	Feminine	Masculine	Neuter	Common	Feminine	NoLeftmostPlacement	NoLeftmostPlacement	Iterat	UnIterat	Iterat	UnIterat	NoRightmostPlacement	NoRightmostPlacement	NotLeftConjunct	NotLeftConjunct	PersonThird	PersonThird	Active	VoiceSya	Passive	Active	VoiceSya	Passive	VerbIntransitive	VerbIntransitiveSpecial	VerbTransitive	VerbTransitiveSpecial	VerbIntransitive	VerbIntransitiveSpecial	VerbTransitive	VerbTransitiveSpecial	NotRightConjunct	NotRightConjunct	NoSpecialCaseForm	Locative_u	Genitive_u	Plural_consonant	Genitive_Locative_u	GenitivePlural_Zero	NominativePlural_a	SpecialPlual	SpecialVocative	NoSpecialCaseForm	Locative_u	Genitive_u	Plural_consonant	Genitive_Locative_u	GenitivePlural_Zero	NominativePlural_a	SpecialPlual	SpecialVocative	NoContrast	NoContrast	NormalCapitalization	NormalCapitalization	PO_Prefixoid	Rus_Prefixoid	VPOL_Prefixoid	NE_Prefixoid	Eval_Prefixoid	Intern_Prefixoid	Reduced_Prefixoid	InternHy_Prefixoid	Letter_Prefixoid	BEZ_Prefixoid	BES_Prefixoid	BEZer_Prefixoid	V_Prefixoid	InternModEr_Prefixoid	RusHy_Prefixoid	NAI_Prefixoid	POL_Prefixoid	NI_Prefixoid	KOE_Prefixoid	Intern_ReducedPrefixoid	InternMod_Prefixoid	Chem_Prefixoid	ProperNamePrefixoid	Chemical_Possible	PO_Prefixoid	Rus_Prefixoid	VPOL_Prefixoid	NE_Prefixoid	Eval_Prefixoid	Intern_Prefixoid	Reduced_Prefixoid	InternHy_Prefixoid	Letter_Prefixoid	BEZ_Prefixoid	BES_Prefixoid	BEZer_Prefixoid	V_Prefixoid	InternModEr_Prefixoid	RusHy_Prefixoid	NAI_Prefixoid	POL_Prefixoid	NI_Prefixoid	KOE_Prefixoid	Intern_ReducedPrefixoid	InternMod_Prefixoid	Chem_Prefixoid	ProperNamePrefixoid	Chemical_Possible	ParticipleFullForm	ParticipleShortForm	ParticipleFullForm	ParticipleShortForm	Plural	Singular	Singular	FiveAndMore	Three	Four	Two	SevenEight	FiveAndMore	Three	Four	Two	SevenEight	AdjectiveFullForm	AdjectiveFullForm	AdjectiveShortForm	AdjectiveShortFlectional	NounProperGeneral	NounProperSurNameFlective	NounProperTown	NounProperName	AdjectiveProper	NounProperPatronymic	NounProperNameDimin	AbbrProperGeneral	NounProperSurNameForeign	NounProperGeneral	NounProperSurNameFlective	NounProperTown	NounProperName	AdjectiveProper	NounProperPatronymic	NounProperNameDimin	AbbrProperGeneral	NounProperSurNameForeign	NormalNumberParadigm	NormalNumberParadigm	FullRealization	FullRealization
79	104	в	в	285327	285326	Animate	Inanimate	Inanimate	Reflexive	FullReflexivity	NonReflexive	ImperfectiveReflexivity	Reflexive	FullReflexivity	NonReflexive	ImperfectiveReflexivity	NormalMorphForm	NormalMorphForm	DefectOne	DefectTwo	Byt	DefectThree	DefectFour	DefectOne	DefectTwo	Byt	DefectThree	DefectFour	GTInvariable	GTNoun	NotEllipted	NotEllipted	VocalForm	NForm	VocalForm	NForm	NotControlled	NotControlled	ZeroTypeOfCoordination	ZeroTypeOfCoordination	Composite_ski	Composite_iko	Composite_sko	NoCompositeness	Composite_o	Composite_e	Composite_usek	Composite_null	Composite_Numeral	Composite_cko	Composite_cki	Composite_ComplexNumeral	Composite_NumeralFull	Composite_NumeralShort	NoCompositeness	DegreeComparative	DegreePositive	DegreeSuperlative	DegreeComparative	DegreePositive	DegreeSuperlative	Adverb_Un_Hyphen	Adverb_With_Hyphen	Adverb_Un_Hyphen	Adverb_With_Hyphen	DeclensionAdjectival	DeclensionNominal	DeclensionMixed	Indeclinable	Indeclinable	Comp_Suffixoid	Un_Comp_Suf	Comp_Suffixoid_Num_OJ	Comp_Suffixoid_Num_YJ	Comp_Suffixoid_Num_IJ	Comp_Suffixoid_Num_J	Comp_PunctuatorPost	Comp_PunctuatorPref	Comp_PunctuatorPostSeparable	Comp_PunctuatorPrefSeparable	Comp_Prefixoid	Comp_Suffixoid_Num_PercentYJ	Comp_Noun	Comp_Suffixoid_Chem	Comp_Adj	Comp_SuffixoidAbbr	Comp_PunctuatorPostSeparable	BiAspectual	MonoAspectual	Paired	BiAspectual	MonoAspectual	Paired	FullSynthComparison	NoSynthComparative	NoSynthSuperlative	OnlySuperlative	FullSynthComparison	NoSynthComparative	NoSynthSuperlative	OnlySuperlative	MOne	MTwo	MThree	MOne	MTwo	MThree	NormalClassifyingCapitalization	NormalClassifyingCapitalization	Future	Past	Present	Future	Past	Present	Preposition	Noun	ZeroDoubleConjunct	ZeroDoubleConjunct	NotCommonChild	NotCommonChild	Accusative	Dative	Genitive	Instrumental	Locative	Nominative	Partitive	Prepositional	DativeSpecial	ZeroCase	Vocative	Accusative	Dative	Genitive	Instrumental	Locative	Nominative	Partitive	Prepositional	RCDemonstrative	RCAttributive	RCPossessive	RCIndefinite	RCPersonal	RCInterrogative	RCNegative	RCReflexive	RCNoun	RCDemonstrative	RCAttributive	RCPossessive	RCIndefinite	RCPersonal	RCInterrogative	RCNegative	RCReflexive	RCNoun	NoPlacement	NoPlacement	Imperfective	Perfective	Imperfective	Perfective	NotDefaultFiller	NotDefaultFiller	Feminine	Masculine	Neuter	Common	Masculine	NoLeftmostPlacement	NoLeftmostPlacement	Iterat	UnIterat	Iterat	UnIterat	NoRightmostPlacement	NoRightmostPlacement	NotLeftConjunct	NotLeftConjunct	PersonFirst	PersonSecond	PersonThird	PersonZero	PersonFirst	PersonSecond	PersonThird	PersonZero	Active	VoiceSya	Passive	Active	VoiceSya	Passive	VerbIntransitive	VerbIntransitiveSpecial	VerbTransitive	VerbTransitiveSpecial	VerbIntransitive	VerbIntransitiveSpecial	VerbTransitive	VerbTransitiveSpecial	NotRightConjunct	NotRightConjunct	NoSpecialCaseForm	Locative_u	Genitive_u	Plural_consonant	Genitive_Locative_u	GenitivePlural_Zero	NominativePlural_a	SpecialPlual	SpecialVocative	NoSpecialCaseForm	Locative_u	Genitive_u	Plural_consonant	Genitive_Locative_u	GenitivePlural_Zero	NominativePlural_a	SpecialPlual	SpecialVocative	NoContrast	NoContrast	NormalCapitalization	NormalCapitalization	PO_Prefixoid	Rus_Prefixoid	VPOL_Prefixoid	NE_Prefixoid	Eval_Prefixoid	Intern_Prefixoid	Reduced_Prefixoid	InternHy_Prefixoid	Letter_Prefixoid	BEZ_Prefixoid	BES_Prefixoid	BEZer_Prefixoid	V_Prefixoid	InternModEr_Prefixoid	RusHy_Prefixoid	NAI_Prefixoid	POL_Prefixoid	NI_Prefixoid	KOE_Prefixoid	Intern_ReducedPrefixoid	InternMod_Prefixoid	Chem_Prefixoid	ProperNamePrefixoid	Chemical_Possible	PO_Prefixoid	Rus_Prefixoid	VPOL_Prefixoid	NE_Prefixoid	Eval_Prefixoid	Intern_Prefixoid	Reduced_Prefixoid	InternHy_Prefixoid	Letter_Prefixoid	BEZ_Prefixoid	BES_Prefixoid	BEZer_Prefixoid	V_Prefixoid	InternModEr_Prefixoid	RusHy_Prefixoid	NAI_Prefixoid	POL_Prefixoid	NI_Prefixoid	KOE_Prefixoid	Intern_ReducedPrefixoid	InternMod_Prefixoid	Chem_Prefixoid	ProperNamePrefixoid	Chemical_Possible	ParticipleFullForm	ParticipleShortForm	ParticipleFullForm	ParticipleShortForm	Plural	Singular	Plural	Singular	FiveAndMore	Three	Four	Two	SevenEight	FiveAndMore	Three	Four	Two	SevenEight	AdjectiveFullForm	AdjectiveShortForm	AdjectiveShortFlectional	AdjectiveFullForm	AdjectiveShortForm	AdjectiveShortFlectional	NounProperGeneral	NounProperSurNameFlective	NounProperTown	NounProperName	AdjectiveProper	NounProperPatronymic	NounProperNameDimin	AbbrProperGeneral	NounProperSurNameForeign	NounProperGeneral	NounProperSurNameFlective	NounProperTown	NounProperName	AdjectiveProper	NounProperPatronymic	NounProperNameDimin	AbbrProperGeneral	NounProperSurNameForeign	NormalNumberParadigm	NormalNumberParadigm	FullRealization	FullRealization
79	106	полной	полной	285328	285326	Animate	Inanimate	Reflexive	FullReflexivity	NonReflexive	ImperfectiveReflexivity	NormalMorphForm	DefectOne	DefectTwo	Byt	DefectThree	DefectFour	GTAdjective	NotEllipted	VocalForm	NForm	NotControlled	ZeroTypeOfCoordination	NoCompositeness	DegreePositive	Adverb_Un_Hyphen	Adverb_With_Hyphen	DeclensionAdjectival	DeclensionNominal	DeclensionMixed	Indeclinable	Un_Comp_Suf	BiAspectual	MonoAspectual	Paired	FullSynthComparison	MOne	MTwo	MThree	NormalClassifyingCapitalization	Future	Past	Present	Adjective	ZeroDoubleConjunct	NotCommonChild	Dative	Genitive	Instrumental	Locative	Partitive	Prepositional	RCDemonstrative	RCAttributive	RCPossessive	RCIndefinite	RCPersonal	RCInterrogative	RCNegative	RCReflexive	RCNoun	NoPlacement	Imperfective	Perfective	NotDefaultFiller	Feminine	NoLeftmostPlacement	Iterat	UnIterat	NoRightmostPlacement	NotLeftConjunct	PersonFirst	PersonSecond	PersonThird	PersonZero	Active	VoiceSya	Passive	VerbIntransitive	VerbIntransitiveSpecial	VerbTransitive	VerbTransitiveSpecial	NotRightConjunct	NoSpecialCaseForm	Locative_u	Genitive_u	Plural_consonant	Genitive_Locative_u	GenitivePlural_Zero	NominativePlural_a	SpecialPlual	SpecialVocative	NoContrast	NormalCapitalization	PO_Prefixoid	Rus_Prefixoid	VPOL_Prefixoid	NE_Prefixoid	Eval_Prefixoid	Intern_Prefixoid	Reduced_Prefixoid	InternHy_Prefixoid	Letter_Prefixoid	BEZ_Prefixoid	BES_Prefixoid	BEZer_Prefixoid	V_Prefixoid	InternModEr_Prefixoid	RusHy_Prefixoid	NAI_Prefixoid	POL_Prefixoid	NI_Prefixoid	KOE_Prefixoid	Intern_ReducedPrefixoid	InternMod_Prefixoid	Chem_Prefixoid	ProperNamePrefixoid	Chemical_Possible	ParticipleFullForm	ParticipleShortForm	Singular	FiveAndMore	Three	Four	Two	SevenEight	AdjectiveFullForm	NounProperGeneral	NounProperSurNameFlective	NounProperTown	NounProperName	AdjectiveProper	NounProperPatronymic	NounProperNameDimin	AbbrProperGeneral	NounProperSurNameForeign	NormalNumberParadigm	FullRealization
79	113	мере	мере	285326	285324	Inanimate	Inanimate	Reflexive	FullReflexivity	NonReflexive	ImperfectiveReflexivity	Reflexive	FullReflexivity	NonReflexive	ImperfectiveReflexivity	NormalMorphForm	NormalMorphForm	DefectOne	DefectTwo	Byt	DefectThree	DefectFour	DefectOne	DefectTwo	Byt	DefectThree	DefectFour	GTNoun	GTNoun	NotEllipted	NotEllipted	VocalForm	NForm	VocalForm	NForm	NotControlled	NotControlled	ZeroTypeOfCoordination	ZeroTypeOfCoordination	NoCompositeness	NoCompositeness	DegreeComparative	DegreePositive	DegreeSuperlative	DegreeComparative	DegreePositive	DegreeSuperlative	Adverb_Un_Hyphen	Adverb_With_Hyphen	Adverb_Un_Hyphen	Adverb_With_Hyphen	DeclensionNominal	DeclensionNominal	Un_Comp_Suf	Un_Comp_Suf	BiAspectual	MonoAspectual	Paired	BiAspectual	MonoAspectual	Paired	FullSynthComparison	NoSynthComparative	NoSynthSuperlative	OnlySuperlative	FullSynthComparison	NoSynthComparative	NoSynthSuperlative	OnlySuperlative	MOne	MTwo	MThree	MOne	MTwo	MThree	NormalClassifyingCapitalization	NormalClassifyingCapitalization	Future	Past	Present	Future	Past	Present	Noun	Noun	ZeroDoubleConjunct	ZeroDoubleConjunct	NotCommonChild	NotCommonChild	Dative	Locative	Prepositional	Dative	Locative	Prepositional	RCDemonstrative	RCAttributive	RCPossessive	RCIndefinite	RCPersonal	RCInterrogative	RCNegative	RCReflexive	RCNoun	RCDemonstrative	RCAttributive	RCPossessive	RCIndefinite	RCPersonal	RCInterrogative	RCNegative	RCReflexive	RCNoun	NoPlacement	NoPlacement	Imperfective	Perfective	Imperfective	Perfective	NotDefaultFiller	NotDefaultFiller	Feminine	Feminine	NoLeftmostPlacement	NoLeftmostPlacement	Iterat	UnIterat	Iterat	UnIterat	NoRightmostPlacement	NoRightmostPlacement	NotLeftConjunct	NotLeftConjunct	PersonFirst	PersonSecond	PersonThird	PersonZero	PersonFirst	PersonSecond	PersonThird	PersonZero	Active	VoiceSya	Passive	Active	VoiceSya	Passive	VerbIntransitive	VerbIntransitiveSpecial	VerbTransitive	VerbTransitiveSpecial	VerbIntransitive	VerbIntransitiveSpecial	VerbTransitive	VerbTransitiveSpecial	NotRightConjunct	NotRightConjunct	NoSpecialCaseForm	GenitivePlural_Zero	NoContrast	NoContrast	NormalCapitalization	NormalCapitalization	PO_Prefixoid	Rus_Prefixoid	VPOL_Prefixoid	NE_Prefixoid	Eval_Prefixoid	Intern_Prefixoid	Reduced_Prefixoid	InternHy_Prefixoid	Letter_Prefixoid	BEZ_Prefixoid	BES_Prefixoid	BEZer_Prefixoid	V_Prefixoid	InternModEr_Prefixoid	RusHy_Prefixoid	NAI_Prefixoid	POL_Prefixoid	NI_Prefixoid	KOE_Prefixoid	Intern_ReducedPrefixoid	InternMod_Prefixoid	Chem_Prefixoid	ProperNamePrefixoid	Chemical_Possible	PO_Prefixoid	Rus_Prefixoid	VPOL_Prefixoid	NE_Prefixoid	Eval_Prefixoid	Intern_Prefixoid	Reduced_Prefixoid	InternHy_Prefixoid	Letter_Prefixoid	BEZ_Prefixoid	BES_Prefixoid	BEZer_Prefixoid	V_Prefixoid	InternModEr_Prefixoid	RusHy_Prefixoid	NAI_Prefixoid	POL_Prefixoid	NI_Prefixoid	KOE_Prefixoid	Intern_ReducedPrefixoid	InternMod_Prefixoid	Chem_Prefixoid	ProperNamePrefixoid	Chemical_Possible	ParticipleFullForm	ParticipleShortForm	ParticipleFullForm	ParticipleShortForm	Singular	Singular	FiveAndMore	Three	Four	Two	SevenEight	FiveAndMore	Three	Four	Two	SevenEight	AdjectiveFullForm	AdjectiveShortForm	AdjectiveShortFlectional	AdjectiveFullForm	AdjectiveShortForm	AdjectiveShortFlectional	NounProperGeneral	NounProperSurNameFlective	NounProperTown	NounProperName	AdjectiveProper	NounProperPatronymic	NounProperNameDimin	AbbrProperGeneral	NounProperSurNameForeign	NounProperGeneral	NounProperSurNameFlective	NounProperTown	NounProperName	AdjectiveProper	NounProperPatronymic	NounProperNameDimin	AbbrProperGeneral	NounProperSurNameForeign	NormalNumberParadigm	NormalNumberParadigm	FullRealization	FullRealization
79	118	реализовать	реализовать	285324	285322	Animate	Inanimate	FullReflexivity	NormalMorphForm	DefectOne	DefectTwo	Byt	DefectThree	DefectFour	GTInfinitive	NotEllipted	VocalForm	NForm	NotControlled	ZeroTypeOfCoordination	Composite_ski	Composite_iko	Composite_sko	NoCompositeness	Composite_o	Composite_e	Composite_usek	Composite_null	Composite_Numeral	Composite_cko	Composite_cki	Composite_ComplexNumeral	Composite_NumeralFull	Composite_NumeralShort	DegreeComparative	DegreePositive	DegreeSuperlative	Adverb_Un_Hyphen	Adverb_With_Hyphen	DeclensionAdjectival	DeclensionNominal	DeclensionMixed	Indeclinable	Comp_Suffixoid	Un_Comp_Suf	Comp_Suffixoid_Num_OJ	Comp_Suffixoid_Num_YJ	Comp_Suffixoid_Num_IJ	Comp_Suffixoid_Num_J	Comp_PunctuatorPost	Comp_PunctuatorPref	Comp_PunctuatorPostSeparable	Comp_PunctuatorPrefSeparable	Comp_Prefixoid	Comp_Suffixoid_Num_PercentYJ	Comp_Noun	Comp_Suffixoid_Chem	Comp_Adj	Comp_SuffixoidAbbr	Paired	FullSynthComparison	NoSynthComparative	NoSynthSuperlative	OnlySuperlative	MOne	MTwo	MThree	NormalClassifyingCapitalization	Future	Past	Present	Verb	ZeroDoubleConjunct	NotCommonChild	Accusative	Dative	Genitive	Instrumental	Locative	Nominative	Partitive	Prepositional	DativeSpecial	ZeroCase	Vocative	RCDemonstrative	RCAttributive	RCPossessive	RCIndefinite	RCPersonal	RCInterrogative	RCNegative	RCReflexive	RCNoun	NoPlacement	Perfective	NotDefaultFiller	Feminine	Masculine	Neuter	Common	NoLeftmostPlacement	UnIterat	NoRightmostPlacement	NotLeftConjunct	PersonZero	Active	VerbTransitive	NotRightConjunct	NoSpecialCaseForm	Locative_u	Genitive_u	Plural_consonant	Genitive_Locative_u	GenitivePlural_Zero	NominativePlural_a	SpecialPlual	SpecialVocative	NoContrast	NormalCapitalization	PO_Prefixoid	Rus_Prefixoid	VPOL_Prefixoid	NE_Prefixoid	Eval_Prefixoid	Intern_Prefixoid	Reduced_Prefixoid	InternHy_Prefixoid	Letter_Prefixoid	BEZ_Prefixoid	BES_Prefixoid	BEZer_Prefixoid	V_Prefixoid	InternModEr_Prefixoid	RusHy_Prefixoid	NAI_Prefixoid	POL_Prefixoid	NI_Prefixoid	KOE_Prefixoid	Intern_ReducedPrefixoid	InternMod_Prefixoid	Chem_Prefixoid	ProperNamePrefixoid	Chemical_Possible	ParticipleFullForm	ParticipleShortForm	Plural	Singular	FiveAndMore	Three	Four	Two	SevenEight	AdjectiveFullForm	AdjectiveShortForm	AdjectiveShortFlectional	NounProperGeneral	NounProperSurNameFlective	NounProperTown	NounProperName	AdjectiveProper	NounProperPatronymic	NounProperNameDimin	AbbrProperGeneral	NounProperSurNameForeign	NormalNumberParadigm	FullRealization
79	130	не	не	285330	285322	Animate	Inanimate	Reflexive	FullReflexivity	NonReflexive	ImperfectiveReflexivity	NormalMorphForm	DefectOne	DefectTwo	Byt	DefectThree	DefectFour	GTInvariable	NotEllipted	VocalForm	NForm	NotControlled	ZeroTypeOfCoordination	Composite_ski	Composite_iko	Composite_sko	NoCompositeness	Composite_o	Composite_e	Composite_usek	Composite_null	Composite_Numeral	Composite_cko	Composite_cki	Composite_ComplexNumeral	Composite_NumeralFull	Composite_NumeralShort	DegreeComparative	DegreePositive	DegreeSuperlative	Adverb_Un_Hyphen	Adverb_With_Hyphen	DeclensionAdjectival	DeclensionNominal	DeclensionMixed	Indeclinable	Comp_Suffixoid	Un_Comp_Suf	Comp_Suffixoid_Num_OJ	Comp_Suffixoid_Num_YJ	Comp_Suffixoid_Num_IJ	Comp_Suffixoid_Num_J	Comp_PunctuatorPost	Comp_PunctuatorPref	Comp_PunctuatorPostSeparable	Comp_PunctuatorPrefSeparable	Comp_Prefixoid	Comp_Suffixoid_Num_PercentYJ	Comp_Noun	Comp_Suffixoid_Chem	Comp_Adj	Comp_SuffixoidAbbr	BiAspectual	MonoAspectual	Paired	FullSynthComparison	NoSynthComparative	NoSynthSuperlative	OnlySuperlative	MOne	MTwo	MThree	NormalClassifyingCapitalization	Future	Past	Present	Particle	ZeroDoubleConjunct	NotCommonChild	Accusative	Dative	Genitive	Instrumental	Locative	Nominative	Partitive	Prepositional	DativeSpecial	ZeroCase	Vocative	RCDemonstrative	RCAttributive	RCPossessive	RCIndefinite	RCPersonal	RCInterrogative	RCNegative	RCReflexive	RCNoun	NoPlacement	Imperfective	Perfective	NotDefaultFiller	Feminine	Masculine	Neuter	Common	NoLeftmostPlacement	Iterat	UnIterat	NoRightmostPlacement	NotLeftConjunct	PersonFirst	PersonSecond	PersonThird	PersonZero	Active	VoiceSya	Passive	VerbIntransitive	VerbIntransitiveSpecial	VerbTransitive	VerbTransitiveSpecial	NotRightConjunct	NoSpecialCaseForm	Locative_u	Genitive_u	Plural_consonant	Genitive_Locative_u	GenitivePlural_Zero	NominativePlural_a	SpecialPlual	SpecialVocative	NoContrast	NormalCapitalization	PO_Prefixoid	Rus_Prefixoid	VPOL_Prefixoid	NE_Prefixoid	Eval_Prefixoid	Intern_Prefixoid	Reduced_Prefixoid	InternHy_Prefixoid	Letter_Prefixoid	BEZ_Prefixoid	BES_Prefixoid	BEZer_Prefixoid	V_Prefixoid	InternModEr_Prefixoid	RusHy_Prefixoid	NAI_Prefixoid	POL_Prefixoid	NI_Prefixoid	KOE_Prefixoid	Intern_ReducedPrefixoid	InternMod_Prefixoid	Chem_Prefixoid	ProperNamePrefixoid	Chemical_Possible	ParticipleFullForm	ParticipleShortForm	Plural	Singular	FiveAndMore	Three	Four	Two	SevenEight	AdjectiveFullForm	AdjectiveShortForm	AdjectiveShortFlectional	NounProperGeneral	NounProperSurNameFlective	NounProperTown	NounProperName	AdjectiveProper	NounProperPatronymic	NounProperNameDimin	AbbrProperGeneral	NounProperSurNameForeign	NormalNumberParadigm	FullRealization
79	133	удалось	удалось	285322	-1	Animate	Inanimate	Reflexive	NormalMorphForm	DefectOne	DefectTwo	Byt	DefectThree	DefectFour	GTVerb	NotEllipted	VocalForm	NForm	NotControlled	ZeroTypeOfCoordination	Composite_ski	Composite_iko	Composite_sko	NoCompositeness	Composite_o	Composite_e	Composite_usek	Composite_null	Composite_Numeral	Composite_cko	Composite_cki	Composite_ComplexNumeral	Composite_NumeralFull	Composite_NumeralShort	DegreeComparative	DegreePositive	DegreeSuperlative	Adverb_Un_Hyphen	Adverb_With_Hyphen	DeclensionAdjectival	DeclensionNominal	DeclensionMixed	Indeclinable	Comp_Suffixoid	Un_Comp_Suf	Comp_Suffixoid_Num_OJ	Comp_Suffixoid_Num_YJ	Comp_Suffixoid_Num_IJ	Comp_Suffixoid_Num_J	Comp_PunctuatorPost	Comp_PunctuatorPref	Comp_PunctuatorPostSeparable	Comp_PunctuatorPrefSeparable	Comp_Prefixoid	Comp_Suffixoid_Num_PercentYJ	Comp_Noun	Comp_Suffixoid_Chem	Comp_Adj	Comp_SuffixoidAbbr	Paired	FullSynthComparison	NoSynthComparative	NoSynthSuperlative	OnlySuperlative	MOne	MTwo	MThree	NormalClassifyingCapitalization	Past	Verb	ZeroDoubleConjunct	NotCommonChild	Accusative	Dative	Genitive	Instrumental	Locative	Nominative	Partitive	Prepositional	DativeSpecial	ZeroCase	Vocative	RCDemonstrative	RCAttributive	RCPossessive	RCIndefinite	RCPersonal	RCInterrogative	RCNegative	RCReflexive	RCNoun	NoPlacement	Perfective	NotDefaultFiller	Neuter	NoLeftmostPlacement	UnIterat	NoRightmostPlacement	NotLeftConjunct	PersonFirst	PersonSecond	PersonThird	PersonZero	VoiceSya	VerbIntransitive	NotRightConjunct	NoSpecialCaseForm	Locative_u	Genitive_u	Plural_consonant	Genitive_Locative_u	GenitivePlural_Zero	NominativePlural_a	SpecialPlual	SpecialVocative	NoContrast	NormalCapitalization	PO_Prefixoid	Rus_Prefixoid	VPOL_Prefixoid	NE_Prefixoid	Eval_Prefixoid	Intern_Prefixoid	Reduced_Prefixoid	InternHy_Prefixoid	Letter_Prefixoid	BEZ_Prefixoid	BES_Prefixoid	BEZer_Prefixoid	V_Prefixoid	InternModEr_Prefixoid	RusHy_Prefixoid	NAI_Prefixoid	POL_Prefixoid	NI_Prefixoid	KOE_Prefixoid	Intern_ReducedPrefixoid	InternMod_Prefixoid	Chem_Prefixoid	ProperNamePrefixoid	Chemical_Possible	ParticipleFullForm	ParticipleShortForm	Singular	FiveAndMore	Three	Four	Two	SevenEight	AdjectiveFullForm	AdjectiveShortForm	AdjectiveShortFlectional	NounProperGeneral	NounProperSurNameFlective	NounProperTown	NounProperName	AdjectiveProper	NounProperPatronymic	NounProperNameDimin	AbbrProperGeneral	NounProperSurNameForeign	NormalNumberParadigm	FullRealization
79	143	по	по	285332	285331	Animate	Inanimate	Reflexive	FullReflexivity	NonReflexive	ImperfectiveReflexivity	NormalMorphForm	DefectOne	DefectTwo	Byt	DefectThree	DefectFour	GTInvariable	NotEllipted	VocalForm	NForm	NotControlled	ZeroTypeOfCoordination	Composite_ski	Composite_iko	Composite_sko	NoCompositeness	Composite_o	Composite_e	Composite_usek	Composite_null	Composite_Numeral	Composite_cko	Composite_cki	Composite_ComplexNumeral	Composite_NumeralFull	Composite_NumeralShort	DegreeComparative	DegreePositive	DegreeSuperlative	Adverb_Un_Hyphen	Adverb_With_Hyphen	DeclensionAdjectival	DeclensionNominal	DeclensionMixed	Indeclinable	Comp_Suffixoid	Un_Comp_Suf	Comp_Suffixoid_Num_OJ	Comp_Suffixoid_Num_YJ	Comp_Suffixoid_Num_IJ	Comp_Suffixoid_Num_J	Comp_PunctuatorPost	Comp_PunctuatorPref	Comp_PunctuatorPostSeparable	Comp_PunctuatorPrefSeparable	Comp_Prefixoid	Comp_Suffixoid_Num_PercentYJ	Comp_Noun	Comp_Suffixoid_Chem	Comp_Adj	Comp_SuffixoidAbbr	BiAspectual	MonoAspectual	Paired	FullSynthComparison	NoSynthComparative	NoSynthSuperlative	OnlySuperlative	MOne	MTwo	MThree	NormalClassifyingCapitalization	Future	Past	Present	Preposition	ZeroDoubleConjunct	NotCommonChild	Accusative	Dative	Genitive	Instrumental	Locative	Nominative	Partitive	Prepositional	DativeSpecial	ZeroCase	Vocative	RCDemonstrative	RCAttributive	RCPossessive	RCIndefinite	RCPersonal	RCInterrogative	RCNegative	RCReflexive	RCNoun	NoPlacement	Imperfective	Perfective	NotDefaultFiller	Feminine	Masculine	Neuter	Common	NoLeftmostPlacement	Iterat	UnIterat	NoRightmostPlacement	NotLeftConjunct	PersonFirst	PersonSecond	PersonThird	PersonZero	Active	VoiceSya	Passive	VerbIntransitive	VerbIntransitiveSpecial	VerbTransitive	VerbTransitiveSpecial	NotRightConjunct	NoSpecialCaseForm	Locative_u	Genitive_u	Plural_consonant	Genitive_Locative_u	GenitivePlural_Zero	NominativePlural_a	SpecialPlual	SpecialVocative	NoContrast	NormalCapitalization	PO_Prefixoid	Rus_Prefixoid	VPOL_Prefixoid	NE_Prefixoid	Eval_Prefixoid	Intern_Prefixoid	Reduced_Prefixoid	InternHy_Prefixoid	Letter_Prefixoid	BEZ_Prefixoid	BES_Prefixoid	BEZer_Prefixoid	V_Prefixoid	InternModEr_Prefixoid	RusHy_Prefixoid	NAI_Prefixoid	POL_Prefixoid	NI_Prefixoid	KOE_Prefixoid	Intern_ReducedPrefixoid	InternMod_Prefixoid	Chem_Prefixoid	ProperNamePrefixoid	Chemical_Possible	ParticipleFullForm	ParticipleShortForm	Plural	Singular	FiveAndMore	Three	Four	Two	SevenEight	AdjectiveFullForm	AdjectiveShortForm	AdjectiveShortFlectional	NounProperGeneral	NounProperSurNameFlective	NounProperTown	NounProperName	AdjectiveProper	NounProperPatronymic	NounProperNameDimin	AbbrProperGeneral	NounProperSurNameForeign	NormalNumberParadigm	FullRealization
79	146	словам	словам	285331	285322	Inanimate	Reflexive	FullReflexivity	NonReflexive	ImperfectiveReflexivity	NormalMorphForm	DefectOne	DefectTwo	Byt	DefectThree	DefectFour	GTNoun	NotEllipted	VocalForm	NForm	NotControlled	ZeroTypeOfCoordination	NoCompositeness	DegreeComparative	DegreePositive	DegreeSuperlative	Adverb_Un_Hyphen	Adverb_With_Hyphen	DeclensionNominal	Un_Comp_Suf	BiAspectual	MonoAspectual	Paired	FullSynthComparison	NoSynthComparative	NoSynthSuperlative	OnlySuperlative	MOne	MTwo	MThree	NormalClassifyingCapitalization	Future	Past	Present	Noun	ZeroDoubleConjunct	NotCommonChild	Dative	RCDemonstrative	RCAttributive	RCPossessive	RCIndefinite	RCPersonal	RCInterrogative	RCNegative	RCReflexive	RCNoun	NoPlacement	Imperfective	Perfective	NotDefaultFiller	Neuter	NoLeftmostPlacement	Iterat	UnIterat	NoRightmostPlacement	NotLeftConjunct	PersonFirst	PersonSecond	PersonThird	PersonZero	Active	VoiceSya	Passive	VerbIntransitive	VerbIntransitiveSpecial	VerbTransitive	VerbTransitiveSpecial	NotRightConjunct	NominativePlural_a	NoContrast	NormalCapitalization	PO_Prefixoid	Rus_Prefixoid	VPOL_Prefixoid	NE_Prefixoid	Eval_Prefixoid	Intern_Prefixoid	Reduced_Prefixoid	InternHy_Prefixoid	Letter_Prefixoid	BEZ_Prefixoid	BES_Prefixoid	BEZer_Prefixoid	V_Prefixoid	InternModEr_Prefixoid	RusHy_Prefixoid	NAI_Prefixoid	POL_Prefixoid	NI_Prefixoid	KOE_Prefixoid	Intern_ReducedPrefixoid	InternMod_Prefixoid	Chem_Prefixoid	ProperNamePrefixoid	Chemical_Possible	ParticipleFullForm	ParticipleShortForm	Plural	FiveAndMore	Three	Four	Two	SevenEight	AdjectiveFullForm	AdjectiveShortForm	AdjectiveShortFlectional	NounProperGeneral	NounProperSurNameFlective	NounProperTown	NounProperName	AdjectiveProper	NounProperPatronymic	NounProperNameDimin	AbbrProperGeneral	NounProperSurNameForeign	NormalNumberParadigm	FullRealization
79	153	президента	президента	285333	285331	Animate	Reflexive	FullReflexivity	NonReflexive	ImperfectiveReflexivity	NormalMorphForm	DefectOne	DefectTwo	Byt	DefectThree	DefectFour	GTNoun	NotEllipted	VocalForm	NForm	NotControlled	ZeroTypeOfCoordination	NoCompositeness	DegreeComparative	DegreePositive	DegreeSuperlative	Adverb_Un_Hyphen	Adverb_With_Hyphen	DeclensionNominal	Un_Comp_Suf	BiAspectual	MonoAspectual	Paired	FullSynthComparison	NoSynthComparative	NoSynthSuperlative	OnlySuperlative	MOne	MTwo	MThree	NormalClassifyingCapitalization	Future	Past	Present	Noun	ZeroDoubleConjunct	NotCommonChild	Accusative	Genitive	Partitive	RCDemonstrative	RCAttributive	RCPossessive	RCIndefinite	RCPersonal	RCInterrogative	RCNegative	RCReflexive	RCNoun	NoPlacement	Imperfective	Perfective	NotDefaultFiller	Masculine	NoLeftmostPlacement	Iterat	UnIterat	NoRightmostPlacement	NotLeftConjunct	PersonFirst	PersonSecond	PersonThird	PersonZero	Active	VoiceSya	Passive	VerbIntransitive	VerbIntransitiveSpecial	VerbTransitive	VerbTransitiveSpecial	NotRightConjunct	NoSpecialCaseForm	NoContrast	NormalCapitalization	PO_Prefixoid	Rus_Prefixoid	VPOL_Prefixoid	NE_Prefixoid	Eval_Prefixoid	Intern_Prefixoid	Reduced_Prefixoid	InternHy_Prefixoid	Letter_Prefixoid	BEZ_Prefixoid	BES_Prefixoid	BEZer_Prefixoid	V_Prefixoid	InternModEr_Prefixoid	RusHy_Prefixoid	NAI_Prefixoid	POL_Prefixoid	NI_Prefixoid	KOE_Prefixoid	Intern_ReducedPrefixoid	InternMod_Prefixoid	Chem_Prefixoid	ProperNamePrefixoid	Chemical_Possible	ParticipleFullForm	ParticipleShortForm	Singular	FiveAndMore	Three	Four	Two	SevenEight	AdjectiveFullForm	AdjectiveShortForm	AdjectiveShortFlectional	NounProperGeneral	NounProperSurNameFlective	NounProperTown	NounProperName	AdjectiveProper	NounProperPatronymic	NounProperNameDimin	AbbrProperGeneral	NounProperSurNameForeign	NormalNumberParadigm	FullRealization
79	164	Лиги	Лиги	285334	285333	Inanimate	Inanimate	Reflexive	FullReflexivity	NonReflexive	ImperfectiveReflexivity	Reflexive	FullReflexivity	NonReflexive	ImperfectiveReflexivity	NormalMorphForm	NormalMorphForm	DefectOne	DefectTwo	Byt	DefectThree	DefectFour	DefectOne	DefectTwo	Byt	DefectThree	DefectFour	GTNoun	GTNoun	NotEllipted	NotEllipted	VocalForm	NForm	VocalForm	NForm	NotControlled	NotControlled	ZeroTypeOfCoordination	ZeroTypeOfCoordination	NoCompositeness	NoCompositeness	DegreeComparative	DegreePositive	DegreeSuperlative	DegreeComparative	DegreePositive	DegreeSuperlative	Adverb_Un_Hyphen	Adverb_With_Hyphen	Adverb_Un_Hyphen	Adverb_With_Hyphen	DeclensionNominal	DeclensionNominal	Un_Comp_Suf	Un_Comp_Suf	BiAspectual	MonoAspectual	Paired	BiAspectual	MonoAspectual	Paired	FullSynthComparison	NoSynthComparative	NoSynthSuperlative	OnlySuperlative	FullSynthComparison	NoSynthComparative	NoSynthSuperlative	OnlySuperlative	MOne	MTwo	MThree	MOne	MTwo	MThree	NormalClassifyingCapitalization	NormalClassifyingCapitalization	Future	Past	Present	Future	Past	Present	Noun	Noun	ZeroDoubleConjunct	ZeroDoubleConjunct	NotCommonChild	NotCommonChild	Accusative	Genitive	Nominative	Partitive	Genitive	Partitive	RCDemonstrative	RCAttributive	RCPossessive	RCIndefinite	RCPersonal	RCInterrogative	RCNegative	RCReflexive	RCNoun	RCDemonstrative	RCAttributive	RCPossessive	RCIndefinite	RCPersonal	RCInterrogative	RCNegative	RCReflexive	RCNoun	NoPlacement	NoPlacement	Imperfective	Perfective	Imperfective	Perfective	NotDefaultFiller	NotDefaultFiller	Feminine	Feminine	NoLeftmostPlacement	NoLeftmostPlacement	Iterat	UnIterat	Iterat	UnIterat	NoRightmostPlacement	NoRightmostPlacement	NotLeftConjunct	NotLeftConjunct	PersonFirst	PersonSecond	PersonThird	PersonZero	PersonFirst	PersonSecond	PersonThird	PersonZero	Active	VoiceSya	Passive	Active	VoiceSya	Passive	VerbIntransitive	VerbIntransitiveSpecial	VerbTransitive	VerbTransitiveSpecial	VerbIntransitive	VerbIntransitiveSpecial	VerbTransitive	VerbTransitiveSpecial	NotRightConjunct	NotRightConjunct	NoSpecialCaseForm	NoSpecialCaseForm	NoContrast	NoContrast	NormalCapitalization	NormalCapitalization	PO_Prefixoid	Rus_Prefixoid	VPOL_Prefixoid	NE_Prefixoid	Eval_Prefixoid	Intern_Prefixoid	Reduced_Prefixoid	InternHy_Prefixoid	Letter_Prefixoid	BEZ_Prefixoid	BES_Prefixoid	BEZer_Prefixoid	V_Prefixoid	InternModEr_Prefixoid	RusHy_Prefixoid	NAI_Prefixoid	POL_Prefixoid	NI_Prefixoid	KOE_Prefixoid	Intern_ReducedPrefixoid	InternMod_Prefixoid	Chem_Prefixoid	ProperNamePrefixoid	Chemical_Possible	PO_Prefixoid	Rus_Prefixoid	VPOL_Prefixoid	NE_Prefixoid	Eval_Prefixoid	Intern_Prefixoid	Reduced_Prefixoid	InternHy_Prefixoid	Letter_Prefixoid	BEZ_Prefixoid	BES_Prefixoid	BEZer_Prefixoid	V_Prefixoid	InternModEr_Prefixoid	RusHy_Prefixoid	NAI_Prefixoid	POL_Prefixoid	NI_Prefixoid	KOE_Prefixoid	Intern_ReducedPrefixoid	InternMod_Prefixoid	Chem_Prefixoid	ProperNamePrefixoid	Chemical_Possible	ParticipleFullForm	ParticipleShortForm	ParticipleFullForm	ParticipleShortForm	Plural	Singular	Singular	FiveAndMore	Three	Four	Two	SevenEight	FiveAndMore	Three	Four	Two	SevenEight	AdjectiveFullForm	AdjectiveShortForm	AdjectiveShortFlectional	AdjectiveFullForm	AdjectiveShortForm	AdjectiveShortFlectional	NounProperGeneral	NounProperSurNameFlective	NounProperTown	NounProperName	AdjectiveProper	NounProperPatronymic	NounProperNameDimin	AbbrProperGeneral	NounProperSurNameForeign	NounProperGeneral	NormalNumberParadigm	SingulariaTantum	FullRealization	FullRealization
79	169	защитников	защитников	285335	285334	Animate	Reflexive	FullReflexivity	NonReflexive	ImperfectiveReflexivity	NormalMorphForm	DefectOne	DefectTwo	Byt	DefectThree	DefectFour	GTNoun	NotEllipted	VocalForm	NForm	NotControlled	ZeroTypeOfCoordination	NoCompositeness	DegreeComparative	DegreePositive	DegreeSuperlative	Adverb_Un_Hyphen	Adverb_With_Hyphen	DeclensionNominal	Un_Comp_Suf	BiAspectual	MonoAspectual	Paired	FullSynthComparison	NoSynthComparative	NoSynthSuperlative	OnlySuperlative	MOne	MTwo	MThree	NormalClassifyingCapitalization	Future	Past	Present	Noun	ZeroDoubleConjunct	NotCommonChild	Accusative	Genitive	Partitive	RCDemonstrative	RCAttributive	RCPossessive	RCIndefinite	RCPersonal	RCInterrogative	RCNegative	RCReflexive	RCNoun	NoPlacement	Imperfective	Perfective	NotDefaultFiller	Masculine	NoLeftmostPlacement	Iterat	UnIterat	NoRightmostPlacement	NotLeftConjunct	PersonFirst	PersonSecond	PersonThird	PersonZero	Active	VoiceSya	Passive	VerbIntransitive	VerbIntransitiveSpecial	VerbTransitive	VerbTransitiveSpecial	NotRightConjunct	NoSpecialCaseForm	NoContrast	NormalCapitalization	PO_Prefixoid	Rus_Prefixoid	VPOL_Prefixoid	NE_Prefixoid	Eval_Prefixoid	Intern_Prefixoid	Reduced_Prefixoid	InternHy_Prefixoid	Letter_Prefixoid	BEZ_Prefixoid	BES_Prefixoid	BEZer_Prefixoid	V_Prefixoid	InternModEr_Prefixoid	RusHy_Prefixoid	NAI_Prefixoid	POL_Prefixoid	NI_Prefixoid	KOE_Prefixoid	Intern_ReducedPrefixoid	InternMod_Prefixoid	Chem_Prefixoid	ProperNamePrefixoid	Chemical_Possible	ParticipleFullForm	ParticipleShortForm	Plural	FiveAndMore	Three	Four	Two	SevenEight	AdjectiveFullForm	AdjectiveShortForm	AdjectiveShortFlectional	NounProperGeneral	NounProperSurNameFlective	NounProperTown	NounProperName	AdjectiveProper	NounProperPatronymic	NounProperNameDimin	AbbrProperGeneral	NounProperSurNameForeign	NormalNumberParadigm	FullRealization
79	180	пациентов	пациентов	285336	285335	Animate	Reflexive	FullReflexivity	NonReflexive	ImperfectiveReflexivity	NormalMorphForm	DefectOne	DefectTwo	Byt	DefectThree	DefectFour	GTNoun	NotEllipted	VocalForm	NForm	NotControlled	ZeroTypeOfCoordination	NoCompositeness	DegreeComparative	DegreePositive	DegreeSuperlative	Adverb_Un_Hyphen	Adverb_With_Hyphen	DeclensionNominal	Un_Comp_Suf	BiAspectual	MonoAspectual	Paired	FullSynthComparison	NoSynthComparative	NoSynthSuperlative	OnlySuperlative	MOne	MTwo	MThree	NormalClassifyingCapitalization	Future	Past	Present	Noun	ZeroDoubleConjunct	NotCommonChild	Accusative	Genitive	Partitive	RCDemonstrative	RCAttributive	RCPossessive	RCIndefinite	RCPersonal	RCInterrogative	RCNegative	RCReflexive	RCNoun	NoPlacement	Imperfective	Perfective	NotDefaultFiller	Masculine	NoLeftmostPlacement	Iterat	UnIterat	NoRightmostPlacement	NotLeftConjunct	PersonFirst	PersonSecond	PersonThird	PersonZero	Active	VoiceSya	Passive	VerbIntransitive	VerbIntransitiveSpecial	VerbTransitive	VerbTransitiveSpecial	NotRightConjunct	NoSpecialCaseForm	NoContrast	NormalCapitalization	PO_Prefixoid	Rus_Prefixoid	VPOL_Prefixoid	NE_Prefixoid	Eval_Prefixoid	Intern_Prefixoid	Reduced_Prefixoid	InternHy_Prefixoid	Letter_Prefixoid	BEZ_Prefixoid	BES_Prefixoid	BEZer_Prefixoid	V_Prefixoid	InternModEr_Prefixoid	RusHy_Prefixoid	NAI_Prefixoid	POL_Prefixoid	NI_Prefixoid	KOE_Prefixoid	Intern_ReducedPrefixoid	InternMod_Prefixoid	Chem_Prefixoid	ProperNamePrefixoid	Chemical_Possible	ParticipleFullForm	ParticipleShortForm	Plural	FiveAndMore	Three	Four	Two	SevenEight	AdjectiveFullForm	AdjectiveShortForm	AdjectiveShortFlectional	NounProperGeneral	NounProperSurNameFlective	NounProperTown	NounProperName	AdjectiveProper	NounProperPatronymic	NounProperNameDimin	AbbrProperGeneral	NounProperSurNameForeign	NormalNumberParadigm	FullRealization
79	190	Александра	Александра	285337	285333	Animate	Animate	Reflexive	FullReflexivity	NonReflexive	ImperfectiveReflexivity	Reflexive	FullReflexivity	NonReflexive	ImperfectiveReflexivity	NormalMorphForm	NormalMorphForm	NormalMorphForm	DefectOne	DefectTwo	Byt	DefectThree	DefectFour	DefectOne	DefectTwo	Byt	DefectThree	DefectFour	GTNoun	GTNoun	NotEllipted	NotEllipted	NotEllipted	VocalForm	NForm	VocalForm	NForm	NotControlled	NotControlled	NotControlled	ZeroTypeOfCoordination	ZeroTypeOfCoordination	ZeroTypeOfCoordination	NoCompositeness	NoCompositeness	DegreeComparative	DegreePositive	DegreeSuperlative	DegreeComparative	DegreePositive	DegreeSuperlative	Adverb_Un_Hyphen	Adverb_With_Hyphen	Adverb_Un_Hyphen	Adverb_With_Hyphen	DeclensionNominal	DeclensionNominal	Un_Comp_Suf	Un_Comp_Suf	BiAspectual	MonoAspectual	Paired	BiAspectual	MonoAspectual	Paired	FullSynthComparison	NoSynthComparative	NoSynthSuperlative	OnlySuperlative	FullSynthComparison	NoSynthComparative	NoSynthSuperlative	OnlySuperlative	MOne	MTwo	MThree	MOne	MTwo	MThree	NormalClassifyingCapitalization	NormalClassifyingCapitalization	NormalClassifyingCapitalization	Future	Past	Present	Future	Past	Present	Noun	Noun	ZeroDoubleConjunct	ZeroDoubleConjunct	ZeroDoubleConjunct	NotCommonChild	NotCommonChild	NotCommonChild	Accusative	Genitive	Partitive	Nominative	RCDemonstrative	RCAttributive	RCPossessive	RCIndefinite	RCPersonal	RCInterrogative	RCNegative	RCReflexive	RCNoun	RCDemonstrative	RCAttributive	RCPossessive	RCIndefinite	RCPersonal	RCInterrogative	RCNegative	RCReflexive	RCNoun	NoPlacement	NoPlacement	NoPlacement	Imperfective	Perfective	Imperfective	Perfective	NotDefaultFiller	NotDefaultFiller	NotDefaultFiller	Masculine	Feminine	NoLeftmostPlacement	NoLeftmostPlacement	NoLeftmostPlacement	Iterat	UnIterat	Iterat	UnIterat	NoRightmostPlacement	NoRightmostPlacement	NoRightmostPlacement	NotLeftConjunct	NotLeftConjunct	NotLeftConjunct	PersonFirst	PersonSecond	PersonThird	PersonZero	PersonFirst	PersonSecond	PersonThird	PersonZero	Active	VoiceSya	Passive	Active	VoiceSya	Passive	VerbIntransitive	VerbIntransitiveSpecial	VerbTransitive	VerbTransitiveSpecial	VerbIntransitive	VerbIntransitiveSpecial	VerbTransitive	VerbTransitiveSpecial	NotRightConjunct	NotRightConjunct	NotRightConjunct	NoSpecialCaseForm	NoSpecialCaseForm	NoContrast	NoContrast	NoContrast	NormalCapitalization	NormalCapitalization	NormalCapitalization	PO_Prefixoid	Rus_Prefixoid	VPOL_Prefixoid	NE_Prefixoid	Eval_Prefixoid	Intern_Prefixoid	Reduced_Prefixoid	InternHy_Prefixoid	Letter_Prefixoid	BEZ_Prefixoid	BES_Prefixoid	BEZer_Prefixoid	V_Prefixoid	InternModEr_Prefixoid	RusHy_Prefixoid	NAI_Prefixoid	POL_Prefixoid	NI_Prefixoid	KOE_Prefixoid	Intern_ReducedPrefixoid	InternMod_Prefixoid	Chem_Prefixoid	ProperNamePrefixoid	Chemical_Possible	PO_Prefixoid	Rus_Prefixoid	VPOL_Prefixoid	NE_Prefixoid	Eval_Prefixoid	Intern_Prefixoid	Reduced_Prefixoid	InternHy_Prefixoid	Letter_Prefixoid	BEZ_Prefixoid	BES_Prefixoid	BEZer_Prefixoid	V_Prefixoid	InternModEr_Prefixoid	RusHy_Prefixoid	NAI_Prefixoid	POL_Prefixoid	NI_Prefixoid	KOE_Prefixoid	Intern_ReducedPrefixoid	InternMod_Prefixoid	Chem_Prefixoid	ProperNamePrefixoid	Chemical_Possible	ParticipleFullForm	ParticipleShortForm	ParticipleFullForm	ParticipleShortForm	Singular	Singular	FiveAndMore	Three	Four	Two	SevenEight	FiveAndMore	Three	Four	Two	SevenEight	AdjectiveFullForm	AdjectiveShortForm	AdjectiveShortFlectional	AdjectiveFullForm	AdjectiveShortForm	AdjectiveShortFlectional	NounProperName	NounProperName	NormalNumberParadigm	NormalNumberParadigm	NormalNumberParadigm	FullRealization	FullRealization	FullRealization
79	201	Саверского	Саверского	285338	285337	Animate	Inanimate	Reflexive	FullReflexivity	NonReflexive	ImperfectiveReflexivity	NormalMorphForm	DefectOne	DefectTwo	Byt	DefectThree	DefectFour	GTAdjectiveAttributive	GTAdverb	GTNoun	NotEllipted	VocalForm	NForm	NotControlled	ZeroTypeOfCoordination	Composite_ski	Composite_iko	Composite_sko	NoCompositeness	Composite_o	Composite_e	Composite_usek	Composite_null	Composite_Numeral	Composite_cko	Composite_cki	Composite_ComplexNumeral	Composite_NumeralFull	Composite_NumeralShort	DegreeComparative	DegreePositive	DegreeSuperlative	Adverb_Un_Hyphen	Adverb_With_Hyphen	DeclensionAdjectival	DeclensionNominal	DeclensionMixed	Indeclinable	Comp_Suffixoid	Un_Comp_Suf	Comp_Suffixoid_Num_OJ	Comp_Suffixoid_Num_YJ	Comp_Suffixoid_Num_IJ	Comp_Suffixoid_Num_J	Comp_PunctuatorPost	Comp_PunctuatorPref	Comp_PunctuatorPostSeparable	Comp_PunctuatorPrefSeparable	Comp_Prefixoid	Comp_Suffixoid_Num_PercentYJ	Comp_Noun	Comp_Suffixoid_Chem	Comp_Adj	Comp_SuffixoidAbbr	BiAspectual	MonoAspectual	Paired	FullSynthComparison	NoSynthComparative	NoSynthSuperlative	OnlySuperlative	MOne	MTwo	MThree	NormalClassifyingCapitalization	Future	Past	Present	Adjective	Adverb	Noun	ZeroDoubleConjunct	NotCommonChild	Accusative	Dative	Genitive	Instrumental	Locative	Nominative	Partitive	Prepositional	DativeSpecial	ZeroCase	Vocative	RCDemonstrative	RCAttributive	RCPossessive	RCIndefinite	RCPersonal	RCInterrogative	RCNegative	RCReflexive	RCNoun	NoPlacement	Imperfective	Perfective	NotDefaultFiller	Feminine	Masculine	Neuter	Common	NoLeftmostPlacement	Iterat	UnIterat	NoRightmostPlacement	NotLeftConjunct	PersonFirst	PersonSecond	PersonThird	PersonZero	Active	VoiceSya	Passive	VerbIntransitive	VerbIntransitiveSpecial	VerbTransitive	VerbTransitiveSpecial	NotRightConjunct	NoSpecialCaseForm	Locative_u	Genitive_u	Plural_consonant	Genitive_Locative_u	GenitivePlural_Zero	NominativePlural_a	SpecialPlual	SpecialVocative	NoContrast	NormalCapitalization	PO_Prefixoid	Rus_Prefixoid	VPOL_Prefixoid	NE_Prefixoid	Eval_Prefixoid	Intern_Prefixoid	Reduced_Prefixoid	InternHy_Prefixoid	Letter_Prefixoid	BEZ_Prefixoid	BES_Prefixoid	BEZer_Prefixoid	V_Prefixoid	InternModEr_Prefixoid	RusHy_Prefixoid	NAI_Prefixoid	POL_Prefixoid	NI_Prefixoid	KOE_Prefixoid	Intern_ReducedPrefixoid	InternMod_Prefixoid	Chem_Prefixoid	ProperNamePrefixoid	Chemical_Possible	ParticipleFullForm	ParticipleShortForm	Plural	Singular	FiveAndMore	Three	Four	Two	SevenEight	AdjectiveFullForm	AdjectiveShortForm	AdjectiveShortFlectional	NounProperGeneral	NounProperSurNameFlective	NounProperTown	NounProperName	AdjectiveProper	NounProperPatronymic	NounProperNameDimin	AbbrProperGeneral	NounProperSurNameForeign	NormalNumberParadigm	SingulariaTantum	FullRealization
79	213	из-за	из-за	285340	285339	Animate	Inanimate	Animate	Inanimate	Reflexive	FullReflexivity	NonReflexive	ImperfectiveReflexivity	Reflexive	FullReflexivity	NonReflexive	ImperfectiveReflexivity	NormalMorphForm	NormalMorphForm	DefectOne	DefectTwo	Byt	DefectThree	DefectFour	DefectOne	DefectTwo	Byt	DefectThree	DefectFour	GTInvariable	GTInvariable	NotEllipted	NotEllipted	VocalForm	NForm	VocalForm	NForm	NotControlled	NotControlled	ZeroTypeOfCoordination	ZeroTypeOfCoordination	Composite_ski	Composite_iko	Composite_sko	NoCompositeness	Composite_o	Composite_e	Composite_usek	Composite_null	Composite_Numeral	Composite_cko	Composite_cki	Composite_ComplexNumeral	Composite_NumeralFull	Composite_NumeralShort	Composite_ski	Composite_iko	Composite_sko	NoCompositeness	Composite_o	Composite_e	Composite_usek	Composite_null	Composite_Numeral	Composite_cko	Composite_cki	Composite_ComplexNumeral	Composite_NumeralFull	Composite_NumeralShort	DegreeComparative	DegreePositive	DegreeSuperlative	DegreeComparative	DegreePositive	DegreeSuperlative	Adverb_Un_Hyphen	Adverb_With_Hyphen	Adverb_Un_Hyphen	Adverb_With_Hyphen	DeclensionAdjectival	DeclensionNominal	DeclensionMixed	Indeclinable	DeclensionAdjectival	DeclensionNominal	DeclensionMixed	Indeclinable	Comp_Suffixoid	Un_Comp_Suf	Comp_Suffixoid_Num_OJ	Comp_Suffixoid_Num_YJ	Comp_Suffixoid_Num_IJ	Comp_Suffixoid_Num_J	Comp_PunctuatorPost	Comp_PunctuatorPref	Comp_PunctuatorPostSeparable	Comp_PunctuatorPrefSeparable	Comp_Prefixoid	Comp_Suffixoid_Num_PercentYJ	Comp_Noun	Comp_Suffixoid_Chem	Comp_Adj	Comp_SuffixoidAbbr	Comp_Suffixoid	Un_Comp_Suf	Comp_Suffixoid_Num_OJ	Comp_Suffixoid_Num_YJ	Comp_Suffixoid_Num_IJ	Comp_Suffixoid_Num_J	Comp_PunctuatorPost	Comp_PunctuatorPref	Comp_PunctuatorPostSeparable	Comp_PunctuatorPrefSeparable	Comp_Prefixoid	Comp_Suffixoid_Num_PercentYJ	Comp_Noun	Comp_Suffixoid_Chem	Comp_Adj	Comp_SuffixoidAbbr	BiAspectual	MonoAspectual	Paired	BiAspectual	MonoAspectual	Paired	FullSynthComparison	NoSynthComparative	NoSynthSuperlative	OnlySuperlative	FullSynthComparison	NoSynthComparative	NoSynthSuperlative	OnlySuperlative	MOne	MTwo	MThree	MOne	MTwo	MThree	NormalClassifyingCapitalization	NormalClassifyingCapitalization	Future	Past	Present	Future	Past	Present	Preposition	Preposition	ZeroDoubleConjunct	ZeroDoubleConjunct	NotCommonChild	NotCommonChild	Accusative	Dative	Genitive	Instrumental	Locative	Nominative	Partitive	Prepositional	DativeSpecial	ZeroCase	Vocative	Accusative	Dative	Genitive	Instrumental	Locative	Nominative	Partitive	Prepositional	DativeSpecial	ZeroCase	Vocative	RCDemonstrative	RCAttributive	RCPossessive	RCIndefinite	RCPersonal	RCInterrogative	RCNegative	RCReflexive	RCNoun	RCDemonstrative	RCAttributive	RCPossessive	RCIndefinite	RCPersonal	RCInterrogative	RCNegative	RCReflexive	RCNoun	NoPlacement	NoPlacement	Imperfective	Perfective	Imperfective	Perfective	NotDefaultFiller	NotDefaultFiller	Feminine	Masculine	Neuter	Common	Feminine	Masculine	Neuter	Common	NoLeftmostPlacement	NoLeftmostPlacement	Iterat	UnIterat	Iterat	UnIterat	NoRightmostPlacement	NoRightmostPlacement	NotLeftConjunct	NotLeftConjunct	PersonFirst	PersonSecond	PersonThird	PersonZero	PersonFirst	PersonSecond	PersonThird	PersonZero	Active	VoiceSya	Passive	Active	VoiceSya	Passive	VerbIntransitive	VerbIntransitiveSpecial	VerbTransitive	VerbTransitiveSpecial	VerbIntransitive	VerbIntransitiveSpecial	VerbTransitive	VerbTransitiveSpecial	NotRightConjunct	NotRightConjunct	NoSpecialCaseForm	Locative_u	Genitive_u	Plural_consonant	Genitive_Locative_u	GenitivePlural_Zero	NominativePlural_a	SpecialPlual	SpecialVocative	NoSpecialCaseForm	Locative_u	Genitive_u	Plural_consonant	Genitive_Locative_u	GenitivePlural_Zero	NominativePlural_a	SpecialPlual	SpecialVocative	NoContrast	NoContrast	NormalCapitalization	NormalCapitalization	PO_Prefixoid	Rus_Prefixoid	VPOL_Prefixoid	NE_Prefixoid	Eval_Prefixoid	Intern_Prefixoid	Reduced_Prefixoid	InternHy_Prefixoid	Letter_Prefixoid	BEZ_Prefixoid	BES_Prefixoid	BEZer_Prefixoid	V_Prefixoid	InternModEr_Prefixoid	RusHy_Prefixoid	NAI_Prefixoid	POL_Prefixoid	NI_Prefixoid	KOE_Prefixoid	Intern_ReducedPrefixoid	InternMod_Prefixoid	Chem_Prefixoid	ProperNamePrefixoid	Chemical_Possible	PO_Prefixoid	Rus_Prefixoid	VPOL_Prefixoid	NE_Prefixoid	Eval_Prefixoid	Intern_Prefixoid	Reduced_Prefixoid	InternHy_Prefixoid	Letter_Prefixoid	BEZ_Prefixoid	BES_Prefixoid	BEZer_Prefixoid	V_Prefixoid	InternModEr_Prefixoid	RusHy_Prefixoid	NAI_Prefixoid	POL_Prefixoid	NI_Prefixoid	KOE_Prefixoid	Intern_ReducedPrefixoid	InternMod_Prefixoid	Chem_Prefixoid	ProperNamePrefixoid	Chemical_Possible	ParticipleFullForm	ParticipleShortForm	ParticipleFullForm	ParticipleShortForm	Plural	Singular	Plural	Singular	FiveAndMore	Three	Four	Two	SevenEight	FiveAndMore	Three	Four	Two	SevenEight	AdjectiveFullForm	AdjectiveShortForm	AdjectiveShortFlectional	AdjectiveFullForm	AdjectiveShortForm	AdjectiveShortFlectional	NounProperGeneral	NounProperSurNameFlective	NounProperTown	NounProperName	AdjectiveProper	NounProperPatronymic	NounProperNameDimin	AbbrProperGeneral	NounProperSurNameForeign	NounProperGeneral	NounProperSurNameFlective	NounProperTown	NounProperName	AdjectiveProper	NounProperPatronymic	NounProperNameDimin	AbbrProperGeneral	NounProperSurNameForeign	NormalNumberParadigm	NormalNumberParadigm	FullRealization	FullRealization
79	219	того	того	285339	285322	Inanimate	Animate	Inanimate	Reflexive	FullReflexivity	NonReflexive	ImperfectiveReflexivity	Reflexive	FullReflexivity	NonReflexive	ImperfectiveReflexivity	NormalMorphForm	NormalMorphForm	DefectOne	DefectTwo	Byt	DefectThree	DefectFour	DefectOne	DefectTwo	Byt	DefectThree	DefectFour	GTNoun	GTAdjectiveAttributive	GTNoun	NotEllipted	NotEllipted	VocalForm	NForm	VocalForm	NForm	NotControlled	NotControlled	ZeroTypeOfCoordination	ZeroTypeOfCoordination	NoCompositeness	Composite_ski	Composite_iko	Composite_sko	NoCompositeness	Composite_o	Composite_e	Composite_usek	Composite_null	Composite_Numeral	Composite_cko	Composite_cki	Composite_ComplexNumeral	Composite_NumeralFull	Composite_NumeralShort	DegreeComparative	DegreePositive	DegreeSuperlative	DegreeComparative	DegreePositive	DegreeSuperlative	Adverb_Un_Hyphen	Adverb_With_Hyphen	Adverb_Un_Hyphen	Adverb_With_Hyphen	DeclensionNominal	DeclensionAdjectival	DeclensionNominal	DeclensionMixed	Indeclinable	Un_Comp_Suf	Comp_Suffixoid	Un_Comp_Suf	Comp_Suffixoid_Num_OJ	Comp_Suffixoid_Num_YJ	Comp_Suffixoid_Num_IJ	Comp_Suffixoid_Num_J	Comp_PunctuatorPost	Comp_PunctuatorPref	Comp_PunctuatorPostSeparable	Comp_PunctuatorPrefSeparable	Comp_Prefixoid	Comp_Suffixoid_Num_PercentYJ	Comp_Noun	Comp_Suffixoid_Chem	Comp_Adj	Comp_SuffixoidAbbr	BiAspectual	MonoAspectual	Paired	BiAspectual	MonoAspectual	Paired	FullSynthComparison	NoSynthComparative	NoSynthSuperlative	OnlySuperlative	FullSynthComparison	NoSynthComparative	NoSynthSuperlative	OnlySuperlative	MOne	MTwo	MThree	MOne	MTwo	MThree	NormalClassifyingCapitalization	NormalClassifyingCapitalization	Future	Past	Present	Future	Past	Present	Noun	Pronoun	ZeroDoubleConjunct	ZeroDoubleConjunct	NotCommonChild	NotCommonChild	Genitive	Partitive	Accusative	Genitive	Partitive	RCDemonstrative	RCAttributive	RCPossessive	RCIndefinite	RCPersonal	RCInterrogative	RCNegative	RCReflexive	RCNoun	RCDemonstrative	NoPlacement	NoPlacement	Imperfective	Perfective	Imperfective	Perfective	NotDefaultFiller	NotDefaultFiller	Neuter	Masculine	Neuter	NoLeftmostPlacement	NoLeftmostPlacement	Iterat	UnIterat	Iterat	UnIterat	NoRightmostPlacement	NoRightmostPlacement	NotLeftConjunct	NotLeftConjunct	PersonFirst	PersonSecond	PersonThird	PersonZero	PersonFirst	PersonSecond	PersonThird	PersonZero	Active	VoiceSya	Passive	Active	VoiceSya	Passive	VerbIntransitive	VerbIntransitiveSpecial	VerbTransitive	VerbTransitiveSpecial	VerbIntransitive	VerbIntransitiveSpecial	VerbTransitive	VerbTransitiveSpecial	NotRightConjunct	NotRightConjunct	NoSpecialCaseForm	NoSpecialCaseForm	Locative_u	Genitive_u	Plural_consonant	Genitive_Locative_u	GenitivePlural_Zero	NominativePlural_a	SpecialPlual	SpecialVocative	NoContrast	NoContrast	NormalCapitalization	NormalCapitalization	PO_Prefixoid	Rus_Prefixoid	VPOL_Prefixoid	NE_Prefixoid	Eval_Prefixoid	Intern_Prefixoid	Reduced_Prefixoid	InternHy_Prefixoid	Letter_Prefixoid	BEZ_Prefixoid	BES_Prefixoid	BEZer_Prefixoid	V_Prefixoid	InternModEr_Prefixoid	RusHy_Prefixoid	NAI_Prefixoid	POL_Prefixoid	NI_Prefixoid	KOE_Prefixoid	Intern_ReducedPrefixoid	InternMod_Prefixoid	Chem_Prefixoid	ProperNamePrefixoid	Chemical_Possible	PO_Prefixoid	Rus_Prefixoid	VPOL_Prefixoid	NE_Prefixoid	Eval_Prefixoid	Intern_Prefixoid	Reduced_Prefixoid	InternHy_Prefixoid	Letter_Prefixoid	BEZ_Prefixoid	BES_Prefixoid	BEZer_Prefixoid	V_Prefixoid	InternModEr_Prefixoid	RusHy_Prefixoid	NAI_Prefixoid	POL_Prefixoid	NI_Prefixoid	KOE_Prefixoid	Intern_ReducedPrefixoid	InternMod_Prefixoid	Chem_Prefixoid	ProperNamePrefixoid	Chemical_Possible	ParticipleFullForm	ParticipleShortForm	ParticipleFullForm	ParticipleShortForm	Singular	Singular	FiveAndMore	Three	Four	Two	SevenEight	FiveAndMore	Three	Four	Two	SevenEight	AdjectiveFullForm	AdjectiveShortForm	AdjectiveShortFlectional	AdjectiveFullForm	AdjectiveShortForm	AdjectiveShortFlectional	NounProperGeneral	NounProperSurNameFlective	NounProperTown	NounProperName	AdjectiveProper	NounProperPatronymic	NounProperNameDimin	AbbrProperGeneral	NounProperSurNameForeign	NounProperGeneral	NounProperSurNameFlective	NounProperTown	NounProperName	AdjectiveProper	NounProperPatronymic	NounProperNameDimin	AbbrProperGeneral	NounProperSurNameForeign	SingulariaTantum	NormalNumberParadigm	FullRealization	FullRealization
79	225	что	что	285342	285341	Animate	Inanimate	Inanimate	Reflexive	FullReflexivity	NonReflexive	ImperfectiveReflexivity	Reflexive	FullReflexivity	NonReflexive	ImperfectiveReflexivity	NormalMorphForm	NormalMorphForm	NormalMorphForm	NormalMorphForm	DefectOne	DefectTwo	Byt	DefectThree	DefectFour	DefectOne	DefectTwo	Byt	DefectThree	DefectFour	GTInvariable	GTNoun	NotEllipted	NotEllipted	NotEllipted	NotEllipted	VocalForm	NForm	VocalForm	NForm	NotControlled	NotControlled	NotControlled	NotControlled	ZeroTypeOfCoordination	ZeroTypeOfCoordination	ZeroTypeOfCoordination	ZeroTypeOfCoordination	Composite_ski	Composite_iko	Composite_sko	NoCompositeness	Composite_o	Composite_e	Composite_usek	Composite_null	Composite_Numeral	Composite_cko	Composite_cki	Composite_ComplexNumeral	Composite_NumeralFull	Composite_NumeralShort	Composite_ski	Composite_iko	Composite_sko	NoCompositeness	Composite_o	Composite_e	Composite_usek	Composite_null	Composite_Numeral	Composite_cko	Composite_cki	Composite_ComplexNumeral	Composite_NumeralFull	Composite_NumeralShort	DegreeComparative	DegreePositive	DegreeSuperlative	DegreeComparative	DegreePositive	DegreeSuperlative	Adverb_Un_Hyphen	Adverb_With_Hyphen	Adverb_Un_Hyphen	Adverb_With_Hyphen	DeclensionAdjectival	DeclensionNominal	DeclensionMixed	Indeclinable	DeclensionAdjectival	DeclensionNominal	DeclensionMixed	Indeclinable	Comp_Suffixoid	Un_Comp_Suf	Comp_Suffixoid_Num_OJ	Comp_Suffixoid_Num_YJ	Comp_Suffixoid_Num_IJ	Comp_Suffixoid_Num_J	Comp_PunctuatorPost	Comp_PunctuatorPref	Comp_PunctuatorPostSeparable	Comp_PunctuatorPrefSeparable	Comp_Prefixoid	Comp_Suffixoid_Num_PercentYJ	Comp_Noun	Comp_Suffixoid_Chem	Comp_Adj	Comp_SuffixoidAbbr	Comp_Suffixoid	Un_Comp_Suf	Comp_Suffixoid_Num_OJ	Comp_Suffixoid_Num_YJ	Comp_Suffixoid_Num_IJ	Comp_Suffixoid_Num_J	Comp_PunctuatorPost	Comp_PunctuatorPref	Comp_PunctuatorPostSeparable	Comp_PunctuatorPrefSeparable	Comp_Prefixoid	Comp_Suffixoid_Num_PercentYJ	Comp_Noun	Comp_Suffixoid_Chem	Comp_Adj	Comp_SuffixoidAbbr	BiAspectual	MonoAspectual	Paired	BiAspectual	MonoAspectual	Paired	FullSynthComparison	NoSynthComparative	NoSynthSuperlative	OnlySuperlative	FullSynthComparison	NoSynthComparative	NoSynthSuperlative	OnlySuperlative	MOne	MTwo	MThree	MOne	MTwo	MThree	NormalClassifyingCapitalization	NormalClassifyingCapitalization	NormalClassifyingCapitalization	NormalClassifyingCapitalization	Future	Past	Present	Future	Past	Present	Conjunction	Pronoun	ZeroDoubleConjunct	ZeroDoubleConjunct	ZeroDoubleConjunct	ZeroDoubleConjunct	NotCommonChild	NotCommonChild	NotCommonChild	NotCommonChild	Accusative	Dative	Genitive	Instrumental	Locative	Nominative	Partitive	Prepositional	DativeSpecial	ZeroCase	Vocative	Accusative	Nominative	RCDemonstrative	RCAttributive	RCPossessive	RCIndefinite	RCPersonal	RCInterrogative	RCNegative	RCReflexive	RCNoun	RCInterrogative	NoPlacement	NoPlacement	NoPlacement	NoPlacement	Imperfective	Perfective	Imperfective	Perfective	NotDefaultFiller	NotDefaultFiller	NotDefaultFiller	NotDefaultFiller	Feminine	Masculine	Neuter	Common	Neuter	NoLeftmostPlacement	NoLeftmostPlacement	NoLeftmostPlacement	NoLeftmostPlacement	Iterat	UnIterat	Iterat	UnIterat	NoRightmostPlacement	NoRightmostPlacement	NoRightmostPlacement	NoRightmostPlacement	NotLeftConjunct	NotLeftConjunct	NotLeftConjunct	NotLeftConjunct	PersonFirst	PersonSecond	PersonThird	PersonZero	PersonFirst	PersonSecond	PersonThird	PersonZero	Active	VoiceSya	Passive	Active	VoiceSya	Passive	VerbIntransitive	VerbIntransitiveSpecial	VerbTransitive	VerbTransitiveSpecial	VerbIntransitive	VerbIntransitiveSpecial	VerbTransitive	VerbTransitiveSpecial	NotRightConjunct	NotRightConjunct	NotRightConjunct	NotRightConjunct	NoSpecialCaseForm	Locative_u	Genitive_u	Plural_consonant	Genitive_Locative_u	GenitivePlural_Zero	NominativePlural_a	SpecialPlual	SpecialVocative	NoSpecialCaseForm	Locative_u	Genitive_u	Plural_consonant	Genitive_Locative_u	GenitivePlural_Zero	NominativePlural_a	SpecialPlual	SpecialVocative	NoContrast	NoContrast	NoContrast	NoContrast	NormalCapitalization	NormalCapitalization	NormalCapitalization	NormalCapitalization	PO_Prefixoid	Rus_Prefixoid	VPOL_Prefixoid	NE_Prefixoid	Eval_Prefixoid	Intern_Prefixoid	Reduced_Prefixoid	InternHy_Prefixoid	Letter_Prefixoid	BEZ_Prefixoid	BES_Prefixoid	BEZer_Prefixoid	V_Prefixoid	InternModEr_Prefixoid	RusHy_Prefixoid	NAI_Prefixoid	POL_Prefixoid	NI_Prefixoid	KOE_Prefixoid	Intern_ReducedPrefixoid	InternMod_Prefixoid	Chem_Prefixoid	ProperNamePrefixoid	Chemical_Possible	PO_Prefixoid	Rus_Prefixoid	VPOL_Prefixoid	NE_Prefixoid	Eval_Prefixoid	Intern_Prefixoid	Reduced_Prefixoid	InternHy_Prefixoid	Letter_Prefixoid	BEZ_Prefixoid	BES_Prefixoid	BEZer_Prefixoid	V_Prefixoid	InternModEr_Prefixoid	RusHy_Prefixoid	NAI_Prefixoid	POL_Prefixoid	NI_Prefixoid	KOE_Prefixoid	Intern_ReducedPrefixoid	InternMod_Prefixoid	Chem_Prefixoid	ProperNamePrefixoid	Chemical_Possible	ParticipleFullForm	ParticipleShortForm	ParticipleFullForm	ParticipleShortForm	Plural	Singular	Singular	FiveAndMore	Three	Four	Two	SevenEight	FiveAndMore	Three	Four	Two	SevenEight	AdjectiveFullForm	AdjectiveShortForm	AdjectiveShortFlectional	AdjectiveFullForm	AdjectiveShortForm	AdjectiveShortFlectional	NounProperGeneral	NounProperSurNameFlective	NounProperTown	NounProperName	AdjectiveProper	NounProperPatronymic	NounProperNameDimin	AbbrProperGeneral	NounProperSurNameForeign	NounProperGeneral	NounProperSurNameFlective	NounProperTown	NounProperName	AdjectiveProper	NounProperPatronymic	NounProperNameDimin	AbbrProperGeneral	NounProperSurNameForeign	NormalNumberParadigm	NormalNumberParadigm	NormalNumberParadigm	NormalNumberParadigm	FullRealization	FullRealization	FullRealization	FullRealization
79	229	в	в	285344	285343	Animate	Inanimate	Inanimate	Reflexive	FullReflexivity	NonReflexive	ImperfectiveReflexivity	Reflexive	FullReflexivity	NonReflexive	ImperfectiveReflexivity	NormalMorphForm	NormalMorphForm	DefectOne	DefectTwo	Byt	DefectThree	DefectFour	DefectOne	DefectTwo	Byt	DefectThree	DefectFour	GTInvariable	GTNoun	NotEllipted	NotEllipted	VocalForm	NForm	VocalForm	NForm	NotControlled	NotControlled	ZeroTypeOfCoordination	ZeroTypeOfCoordination	Composite_ski	Composite_iko	Composite_sko	NoCompositeness	Composite_o	Composite_e	Composite_usek	Composite_null	Composite_Numeral	Composite_cko	Composite_cki	Composite_ComplexNumeral	Composite_NumeralFull	Composite_NumeralShort	NoCompositeness	DegreeComparative	DegreePositive	DegreeSuperlative	DegreeComparative	DegreePositive	DegreeSuperlative	Adverb_Un_Hyphen	Adverb_With_Hyphen	Adverb_Un_Hyphen	Adverb_With_Hyphen	DeclensionAdjectival	DeclensionNominal	DeclensionMixed	Indeclinable	Indeclinable	Comp_Suffixoid	Un_Comp_Suf	Comp_Suffixoid_Num_OJ	Comp_Suffixoid_Num_YJ	Comp_Suffixoid_Num_IJ	Comp_Suffixoid_Num_J	Comp_PunctuatorPost	Comp_PunctuatorPref	Comp_PunctuatorPostSeparable	Comp_PunctuatorPrefSeparable	Comp_Prefixoid	Comp_Suffixoid_Num_PercentYJ	Comp_Noun	Comp_Suffixoid_Chem	Comp_Adj	Comp_SuffixoidAbbr	Comp_PunctuatorPostSeparable	BiAspectual	MonoAspectual	Paired	BiAspectual	MonoAspectual	Paired	FullSynthComparison	NoSynthComparative	NoSynthSuperlative	OnlySuperlative	FullSynthComparison	NoSynthComparative	NoSynthSuperlative	OnlySuperlative	MOne	MTwo	MThree	MOne	MTwo	MThree	NormalClassifyingCapitalization	NormalClassifyingCapitalization	Future	Past	Present	Future	Past	Present	Preposition	Noun	ZeroDoubleConjunct	ZeroDoubleConjunct	NotCommonChild	NotCommonChild	Accusative	Dative	Genitive	Instrumental	Locative	Nominative	Partitive	Prepositional	DativeSpecial	ZeroCase	Vocative	Accusative	Dative	Genitive	Instrumental	Locative	Nominative	Partitive	Prepositional	RCDemonstrative	RCAttributive	RCPossessive	RCIndefinite	RCPersonal	RCInterrogative	RCNegative	RCReflexive	RCNoun	RCDemonstrative	RCAttributive	RCPossessive	RCIndefinite	RCPersonal	RCInterrogative	RCNegative	RCReflexive	RCNoun	NoPlacement	NoPlacement	Imperfective	Perfective	Imperfective	Perfective	NotDefaultFiller	NotDefaultFiller	Feminine	Masculine	Neuter	Common	Masculine	NoLeftmostPlacement	NoLeftmostPlacement	Iterat	UnIterat	Iterat	UnIterat	NoRightmostPlacement	NoRightmostPlacement	NotLeftConjunct	NotLeftConjunct	PersonFirst	PersonSecond	PersonThird	PersonZero	PersonFirst	PersonSecond	PersonThird	PersonZero	Active	VoiceSya	Passive	Active	VoiceSya	Passive	VerbIntransitive	VerbIntransitiveSpecial	VerbTransitive	VerbTransitiveSpecial	VerbIntransitive	VerbIntransitiveSpecial	VerbTransitive	VerbTransitiveSpecial	NotRightConjunct	NotRightConjunct	NoSpecialCaseForm	Locative_u	Genitive_u	Plural_consonant	Genitive_Locative_u	GenitivePlural_Zero	NominativePlural_a	SpecialPlual	SpecialVocative	NoSpecialCaseForm	Locative_u	Genitive_u	Plural_consonant	Genitive_Locative_u	GenitivePlural_Zero	NominativePlural_a	SpecialPlual	SpecialVocative	NoContrast	NoContrast	NormalCapitalization	NormalCapitalization	PO_Prefixoid	Rus_Prefixoid	VPOL_Prefixoid	NE_Prefixoid	Eval_Prefixoid	Intern_Prefixoid	Reduced_Prefixoid	InternHy_Prefixoid	Letter_Prefixoid	BEZ_Prefixoid	BES_Prefixoid	BEZer_Prefixoid	V_Prefixoid	InternModEr_Prefixoid	RusHy_Prefixoid	NAI_Prefixoid	POL_Prefixoid	NI_Prefixoid	KOE_Prefixoid	Intern_ReducedPrefixoid	InternMod_Prefixoid	Chem_Prefixoid	ProperNamePrefixoid	Chemical_Possible	PO_Prefixoid	Rus_Prefixoid	VPOL_Prefixoid	NE_Prefixoid	Eval_Prefixoid	Intern_Prefixoid	Reduced_Prefixoid	InternHy_Prefixoid	Letter_Prefixoid	BEZ_Prefixoid	BES_Prefixoid	BEZer_Prefixoid	V_Prefixoid	InternModEr_Prefixoid	RusHy_Prefixoid	NAI_Prefixoid	POL_Prefixoid	NI_Prefixoid	KOE_Prefixoid	Intern_ReducedPrefixoid	InternMod_Prefixoid	Chem_Prefixoid	ProperNamePrefixoid	Chemical_Possible	ParticipleFullForm	ParticipleShortForm	ParticipleFullForm	ParticipleShortForm	Plural	Singular	Plural	Singular	FiveAndMore	Three	Four	Two	SevenEight	FiveAndMore	Three	Four	Two	SevenEight	AdjectiveFullForm	AdjectiveShortForm	AdjectiveShortFlectional	AdjectiveFullForm	AdjectiveShortForm	AdjectiveShortFlectional	NounProperGeneral	NounProperSurNameFlective	NounProperTown	NounProperName	AdjectiveProper	NounProperPatronymic	NounProperNameDimin	AbbrProperGeneral	NounProperSurNameForeign	NounProperGeneral	NounProperSurNameFlective	NounProperTown	NounProperName	AdjectiveProper	NounProperPatronymic	NounProperNameDimin	AbbrProperGeneral	NounProperSurNameForeign	NormalNumberParadigm	NormalNumberParadigm	FullRealization	FullRealization
79	231	окончательном	окончательном	285345	285343	Animate	Inanimate	Reflexive	FullReflexivity	NonReflexive	ImperfectiveReflexivity	NormalMorphForm	DefectOne	DefectTwo	Byt	DefectThree	DefectFour	GTAdjective	NotEllipted	VocalForm	NForm	NotControlled	ZeroTypeOfCoordination	NoCompositeness	DegreePositive	Adverb_Un_Hyphen	Adverb_With_Hyphen	DeclensionAdjectival	DeclensionNominal	DeclensionMixed	Indeclinable	Un_Comp_Suf	BiAspectual	MonoAspectual	Paired	NoSynthComparative	MOne	MTwo	MThree	NormalClassifyingCapitalization	Future	Past	Present	Adjective	ZeroDoubleConjunct	NotCommonChild	Locative	Prepositional	RCDemonstrative	RCAttributive	RCPossessive	RCIndefinite	RCPersonal	RCInterrogative	RCNegative	RCReflexive	RCNoun	NoPlacement	Imperfective	Perfective	NotDefaultFiller	Masculine	Neuter	NoLeftmostPlacement	Iterat	UnIterat	NoRightmostPlacement	NotLeftConjunct	PersonFirst	PersonSecond	PersonThird	PersonZero	Active	VoiceSya	Passive	VerbIntransitive	VerbIntransitiveSpecial	VerbTransitive	VerbTransitiveSpecial	NotRightConjunct	NoSpecialCaseForm	Locative_u	Genitive_u	Plural_consonant	Genitive_Locative_u	GenitivePlural_Zero	NominativePlural_a	SpecialPlual	SpecialVocative	NoContrast	NormalCapitalization	PO_Prefixoid	Rus_Prefixoid	VPOL_Prefixoid	NE_Prefixoid	Eval_Prefixoid	Intern_Prefixoid	Reduced_Prefixoid	InternHy_Prefixoid	Letter_Prefixoid	BEZ_Prefixoid	BES_Prefixoid	BEZer_Prefixoid	V_Prefixoid	InternModEr_Prefixoid	RusHy_Prefixoid	NAI_Prefixoid	POL_Prefixoid	NI_Prefixoid	KOE_Prefixoid	Intern_ReducedPrefixoid	InternMod_Prefixoid	Chem_Prefixoid	ProperNamePrefixoid	Chemical_Possible	ParticipleFullForm	ParticipleShortForm	Singular	FiveAndMore	Three	Four	Two	SevenEight	AdjectiveFullForm	NounProperGeneral	NounProperSurNameFlective	NounProperTown	NounProperName	AdjectiveProper	NounProperPatronymic	NounProperNameDimin	AbbrProperGeneral	NounProperSurNameForeign	NormalNumberParadigm	FullRealization
79	245	варианте	варианте	285343	285341	Inanimate	Reflexive	FullReflexivity	NonReflexive	ImperfectiveReflexivity	NormalMorphForm	DefectOne	DefectTwo	Byt	DefectThree	DefectFour	GTNoun	NotEllipted	VocalForm	NForm	NotControlled	ZeroTypeOfCoordination	NoCompositeness	DegreeComparative	DegreePositive	DegreeSuperlative	Adverb_Un_Hyphen	Adverb_With_Hyphen	DeclensionNominal	Un_Comp_Suf	BiAspectual	MonoAspectual	Paired	FullSynthComparison	NoSynthComparative	NoSynthSuperlative	OnlySuperlative	MOne	MTwo	MThree	NormalClassifyingCapitalization	Future	Past	Present	Noun	ZeroDoubleConjunct	NotCommonChild	Locative	Prepositional	RCDemonstrative	RCAttributive	RCPossessive	RCIndefinite	RCPersonal	RCInterrogative	RCNegative	RCReflexive	RCNoun	NoPlacement	Imperfective	Perfective	NotDefaultFiller	Masculine	NoLeftmostPlacement	Iterat	UnIterat	NoRightmostPlacement	NotLeftConjunct	PersonFirst	PersonSecond	PersonThird	PersonZero	Active	VoiceSya	Passive	VerbIntransitive	VerbIntransitiveSpecial	VerbTransitive	VerbTransitiveSpecial	NotRightConjunct	NoSpecialCaseForm	NoContrast	NormalCapitalization	PO_Prefixoid	Rus_Prefixoid	VPOL_Prefixoid	NE_Prefixoid	Eval_Prefixoid	Intern_Prefixoid	Reduced_Prefixoid	InternHy_Prefixoid	Letter_Prefixoid	BEZ_Prefixoid	BES_Prefixoid	BEZer_Prefixoid	V_Prefixoid	InternModEr_Prefixoid	RusHy_Prefixoid	NAI_Prefixoid	POL_Prefixoid	NI_Prefixoid	KOE_Prefixoid	Intern_ReducedPrefixoid	InternMod_Prefixoid	Chem_Prefixoid	ProperNamePrefixoid	Chemical_Possible	ParticipleFullForm	ParticipleShortForm	Singular	FiveAndMore	Three	Four	Two	SevenEight	AdjectiveFullForm	AdjectiveShortForm	AdjectiveShortFlectional	NounProperGeneral	NounProperSurNameFlective	NounProperTown	NounProperName	AdjectiveProper	NounProperPatronymic	NounProperNameDimin	AbbrProperGeneral	NounProperSurNameForeign	NormalNumberParadigm	FullRealization
79	254	законопроекта	законопроекта	285346	285343	Inanimate	Reflexive	FullReflexivity	NonReflexive	ImperfectiveReflexivity	NormalMorphForm	DefectOne	DefectTwo	Byt	DefectThree	DefectFour	GTNoun	NotEllipted	VocalForm	NForm	NotControlled	ZeroTypeOfCoordination	NoCompositeness	DegreeComparative	DegreePositive	DegreeSuperlative	Adverb_Un_Hyphen	Adverb_With_Hyphen	DeclensionNominal	Un_Comp_Suf	BiAspectual	MonoAspectual	Paired	FullSynthComparison	NoSynthComparative	NoSynthSuperlative	OnlySuperlative	MOne	MTwo	MThree	NormalClassifyingCapitalization	Future	Past	Present	Noun	ZeroDoubleConjunct	NotCommonChild	Genitive	Partitive	RCDemonstrative	RCAttributive	RCPossessive	RCIndefinite	RCPersonal	RCInterrogative	RCNegative	RCReflexive	RCNoun	NoPlacement	Imperfective	Perfective	NotDefaultFiller	Masculine	NoLeftmostPlacement	Iterat	UnIterat	NoRightmostPlacement	NotLeftConjunct	PersonFirst	PersonSecond	PersonThird	PersonZero	Active	VoiceSya	Passive	VerbIntransitive	VerbIntransitiveSpecial	VerbTransitive	VerbTransitiveSpecial	NotRightConjunct	NoSpecialCaseForm	NoContrast	NormalCapitalization	PO_Prefixoid	Rus_Prefixoid	VPOL_Prefixoid	NE_Prefixoid	Eval_Prefixoid	Intern_Prefixoid	Reduced_Prefixoid	InternHy_Prefixoid	Letter_Prefixoid	BEZ_Prefixoid	BES_Prefixoid	BEZer_Prefixoid	V_Prefixoid	InternModEr_Prefixoid	RusHy_Prefixoid	NAI_Prefixoid	POL_Prefixoid	NI_Prefixoid	KOE_Prefixoid	Intern_ReducedPrefixoid	InternMod_Prefixoid	Chem_Prefixoid	ProperNamePrefixoid	Chemical_Possible	ParticipleFullForm	ParticipleShortForm	Singular	FiveAndMore	Three	Four	Two	SevenEight	AdjectiveFullForm	AdjectiveShortForm	AdjectiveShortFlectional	NounProperGeneral	NounProperSurNameFlective	NounProperTown	NounProperName	AdjectiveProper	NounProperPatronymic	NounProperNameDimin	AbbrProperGeneral	NounProperSurNameForeign	NormalNumberParadigm	FullRealization
79	268	появились	появились	285341	285339	Animate	Inanimate	Reflexive	NormalMorphForm	DefectOne	DefectTwo	Byt	DefectThree	DefectFour	GTVerb	NotEllipted	VocalForm	NForm	NotControlled	ZeroTypeOfCoordination	Composite_ski	Composite_iko	Composite_sko	NoCompositeness	Composite_o	Composite_e	Composite_usek	Composite_null	Composite_Numeral	Composite_cko	Composite_cki	Composite_ComplexNumeral	Composite_NumeralFull	Composite_NumeralShort	DegreeComparative	DegreePositive	DegreeSuperlative	Adverb_Un_Hyphen	Adverb_With_Hyphen	DeclensionAdjectival	DeclensionNominal	DeclensionMixed	Indeclinable	Comp_Suffixoid	Un_Comp_Suf	Comp_Suffixoid_Num_OJ	Comp_Suffixoid_Num_YJ	Comp_Suffixoid_Num_IJ	Comp_Suffixoid_Num_J	Comp_PunctuatorPost	Comp_PunctuatorPref	Comp_PunctuatorPostSeparable	Comp_PunctuatorPrefSeparable	Comp_Prefixoid	Comp_Suffixoid_Num_PercentYJ	Comp_Noun	Comp_Suffixoid_Chem	Comp_Adj	Comp_SuffixoidAbbr	Paired	FullSynthComparison	NoSynthComparative	NoSynthSuperlative	OnlySuperlative	MOne	MTwo	MThree	NormalClassifyingCapitalization	Past	Verb	ZeroDoubleConjunct	NotCommonChild	Accusative	Dative	Genitive	Instrumental	Locative	Nominative	Partitive	Prepositional	DativeSpecial	ZeroCase	Vocative	RCDemonstrative	RCAttributive	RCPossessive	RCIndefinite	RCPersonal	RCInterrogative	RCNegative	RCReflexive	RCNoun	NoPlacement	Perfective	NotDefaultFiller	Feminine	Masculine	Neuter	Common	NoLeftmostPlacement	UnIterat	NoRightmostPlacement	NotLeftConjunct	PersonFirst	PersonSecond	PersonThird	PersonZero	VoiceSya	VerbIntransitive	NotRightConjunct	NoSpecialCaseForm	Locative_u	Genitive_u	Plural_consonant	Genitive_Locative_u	GenitivePlural_Zero	NominativePlural_a	SpecialPlual	SpecialVocative	NoContrast	NormalCapitalization	PO_Prefixoid	Rus_Prefixoid	VPOL_Prefixoid	NE_Prefixoid	Eval_Prefixoid	Intern_Prefixoid	Reduced_Prefixoid	InternHy_Prefixoid	Letter_Prefixoid	BEZ_Prefixoid	BES_Prefixoid	BEZer_Prefixoid	V_Prefixoid	InternModEr_Prefixoid	RusHy_Prefixoid	NAI_Prefixoid	POL_Prefixoid	NI_Prefixoid	KOE_Prefixoid	Intern_ReducedPrefixoid	InternMod_Prefixoid	Chem_Prefixoid	ProperNamePrefixoid	Chemical_Possible	ParticipleFullForm	ParticipleShortForm	Plural	FiveAndMore	Three	Four	Two	SevenEight	AdjectiveFullForm	AdjectiveShortForm	AdjectiveShortFlectional	NounProperGeneral	NounProperSurNameFlective	NounProperTown	NounProperName	AdjectiveProper	NounProperPatronymic	NounProperNameDimin	AbbrProperGeneral	NounProperSurNameForeign	NormalNumberParadigm	FullRealization
79	279	размытые	размытые	285348	285347	Animate	Inanimate	Animate	Inanimate	FullReflexivity	Reflexive	FullReflexivity	NonReflexive	ImperfectiveReflexivity	NormalMorphForm	NormalMorphForm	DefectOne	DefectTwo	Byt	DefectThree	DefectFour	DefectOne	DefectTwo	Byt	DefectThree	DefectFour	GTParticiple	GTAdjective	NotEllipted	NotEllipted	VocalForm	NForm	VocalForm	NForm	NotControlled	NotControlled	ZeroTypeOfCoordination	ZeroTypeOfCoordination	Composite_ski	Composite_iko	Composite_sko	NoCompositeness	Composite_o	Composite_e	Composite_usek	Composite_null	Composite_Numeral	Composite_cko	Composite_cki	Composite_ComplexNumeral	Composite_NumeralFull	Composite_NumeralShort	NoCompositeness	DegreeComparative	DegreePositive	DegreeSuperlative	DegreePositive	Adverb_Un_Hyphen	Adverb_With_Hyphen	Adverb_Un_Hyphen	Adverb_With_Hyphen	DeclensionAdjectival	DeclensionNominal	DeclensionMixed	Indeclinable	DeclensionAdjectival	DeclensionNominal	DeclensionMixed	Indeclinable	Comp_Suffixoid	Un_Comp_Suf	Comp_Suffixoid_Num_OJ	Comp_Suffixoid_Num_YJ	Comp_Suffixoid_Num_IJ	Comp_Suffixoid_Num_J	Comp_PunctuatorPost	Comp_PunctuatorPref	Comp_PunctuatorPostSeparable	Comp_PunctuatorPrefSeparable	Comp_Prefixoid	Comp_Suffixoid_Num_PercentYJ	Comp_Noun	Comp_Suffixoid_Chem	Comp_Adj	Comp_SuffixoidAbbr	Un_Comp_Suf	Paired	BiAspectual	MonoAspectual	Paired	FullSynthComparison	NoSynthComparative	NoSynthSuperlative	OnlySuperlative	NoSynthComparative	MOne	MTwo	MThree	MOne	MTwo	MThree	NormalClassifyingCapitalization	NormalClassifyingCapitalization	Past	Future	Past	Present	Verb	Adjective	ZeroDoubleConjunct	ZeroDoubleConjunct	NotCommonChild	NotCommonChild	Accusative	Nominative	Accusative	Nominative	RCDemonstrative	RCAttributive	RCPossessive	RCIndefinite	RCPersonal	RCInterrogative	RCNegative	RCReflexive	RCNoun	RCDemonstrative	RCAttributive	RCPossessive	RCIndefinite	RCPersonal	RCInterrogative	RCNegative	RCReflexive	RCNoun	NoPlacement	NoPlacement	Perfective	Imperfective	Perfective	NotDefaultFiller	NotDefaultFiller	Feminine	Masculine	Neuter	Common	Feminine	Masculine	Neuter	Common	NoLeftmostPlacement	NoLeftmostPlacement	UnIterat	Iterat	UnIterat	NoRightmostPlacement	NoRightmostPlacement	NotLeftConjunct	NotLeftConjunct	PersonFirst	PersonSecond	PersonThird	PersonZero	PersonFirst	PersonSecond	PersonThird	PersonZero	Passive	Active	VoiceSya	Passive	VerbTransitive	VerbIntransitive	VerbIntransitiveSpecial	VerbTransitive	VerbTransitiveSpecial	NotRightConjunct	NotRightConjunct	NoSpecialCaseForm	Locative_u	Genitive_u	Plural_consonant	Genitive_Locative_u	GenitivePlural_Zero	NominativePlural_a	SpecialPlual	SpecialVocative	NoSpecialCaseForm	Locative_u	Genitive_u	Plural_consonant	Genitive_Locative_u	GenitivePlural_Zero	NominativePlural_a	SpecialPlual	SpecialVocative	NoContrast	NoContrast	NormalCapitalization	NormalCapitalization	PO_Prefixoid	Rus_Prefixoid	VPOL_Prefixoid	NE_Prefixoid	Eval_Prefixoid	Intern_Prefixoid	Reduced_Prefixoid	InternHy_Prefixoid	Letter_Prefixoid	BEZ_Prefixoid	BES_Prefixoid	BEZer_Prefixoid	V_Prefixoid	InternModEr_Prefixoid	RusHy_Prefixoid	NAI_Prefixoid	POL_Prefixoid	NI_Prefixoid	KOE_Prefixoid	Intern_ReducedPrefixoid	InternMod_Prefixoid	Chem_Prefixoid	ProperNamePrefixoid	Chemical_Possible	PO_Prefixoid	Rus_Prefixoid	VPOL_Prefixoid	NE_Prefixoid	Eval_Prefixoid	Intern_Prefixoid	Reduced_Prefixoid	InternHy_Prefixoid	Letter_Prefixoid	BEZ_Prefixoid	BES_Prefixoid	BEZer_Prefixoid	V_Prefixoid	InternModEr_Prefixoid	RusHy_Prefixoid	NAI_Prefixoid	POL_Prefixoid	NI_Prefixoid	KOE_Prefixoid	Intern_ReducedPrefixoid	InternMod_Prefixoid	Chem_Prefixoid	ProperNamePrefixoid	Chemical_Possible	ParticipleFullForm	ParticipleFullForm	ParticipleShortForm	Plural	Plural	FiveAndMore	Three	Four	Two	SevenEight	FiveAndMore	Three	Four	Two	SevenEight	AdjectiveFullForm	AdjectiveShortForm	AdjectiveShortFlectional	AdjectiveFullForm	NounProperGeneral	NounProperSurNameFlective	NounProperTown	NounProperName	AdjectiveProper	NounProperPatronymic	NounProperNameDimin	AbbrProperGeneral	NounProperSurNameForeign	NounProperGeneral	NounProperSurNameFlective	NounProperTown	NounProperName	AdjectiveProper	NounProperPatronymic	NounProperNameDimin	AbbrProperGeneral	NounProperSurNameForeign	NormalNumberParadigm	NormalNumberParadigm	FullRealization	FullRealization
79	288	формулировки	формулировки	285347	285341	Inanimate	Reflexive	FullReflexivity	NonReflexive	ImperfectiveReflexivity	NormalMorphForm	DefectOne	DefectTwo	Byt	DefectThree	DefectFour	GTNoun	NotEllipted	VocalForm	NForm	NotControlled	ZeroTypeOfCoordination	NoCompositeness	DegreeComparative	DegreePositive	DegreeSuperlative	Adverb_Un_Hyphen	Adverb_With_Hyphen	DeclensionNominal	Un_Comp_Suf	BiAspectual	MonoAspectual	Paired	FullSynthComparison	NoSynthComparative	NoSynthSuperlative	OnlySuperlative	MOne	MTwo	MThree	NormalClassifyingCapitalization	Future	Past	Present	Noun	ZeroDoubleConjunct	NotCommonChild	Accusative	Genitive	Nominative	Partitive	RCDemonstrative	RCAttributive	RCPossessive	RCIndefinite	RCPersonal	RCInterrogative	RCNegative	RCReflexive	RCNoun	NoPlacement	Imperfective	Perfective	NotDefaultFiller	Feminine	NoLeftmostPlacement	Iterat	UnIterat	NoRightmostPlacement	NotLeftConjunct	PersonFirst	PersonSecond	PersonThird	PersonZero	Active	VoiceSya	Passive	VerbIntransitive	VerbIntransitiveSpecial	VerbTransitive	VerbTransitiveSpecial	NotRightConjunct	NoSpecialCaseForm	NoContrast	NormalCapitalization	PO_Prefixoid	Rus_Prefixoid	VPOL_Prefixoid	NE_Prefixoid	Eval_Prefixoid	Intern_Prefixoid	Reduced_Prefixoid	InternHy_Prefixoid	Letter_Prefixoid	BEZ_Prefixoid	BES_Prefixoid	BEZer_Prefixoid	V_Prefixoid	InternModEr_Prefixoid	RusHy_Prefixoid	NAI_Prefixoid	POL_Prefixoid	NI_Prefixoid	KOE_Prefixoid	Intern_ReducedPrefixoid	InternMod_Prefixoid	Chem_Prefixoid	ProperNamePrefixoid	Chemical_Possible	ParticipleFullForm	ParticipleShortForm	Plural	Singular	FiveAndMore	Three	Four	Two	SevenEight	AdjectiveFullForm	AdjectiveShortForm	AdjectiveShortFlectional	NounProperGeneral	NounProperSurNameFlective	NounProperTown	NounProperName	AdjectiveProper	NounProperPatronymic	NounProperNameDimin	AbbrProperGeneral	NounProperSurNameForeign	NormalNumberParadigm	FullRealization
79	302	не	не	285350	285349	Animate	Inanimate	Reflexive	FullReflexivity	NonReflexive	ImperfectiveReflexivity	NormalMorphForm	DefectOne	DefectTwo	Byt	DefectThree	DefectFour	GTInvariable	NotEllipted	VocalForm	NForm	NotControlled	ZeroTypeOfCoordination	Composite_ski	Composite_iko	Composite_sko	NoCompositeness	Composite_o	Composite_e	Composite_usek	Composite_null	Composite_Numeral	Composite_cko	Composite_cki	Composite_ComplexNumeral	Composite_NumeralFull	Composite_NumeralShort	DegreeComparative	DegreePositive	DegreeSuperlative	Adverb_Un_Hyphen	Adverb_With_Hyphen	DeclensionAdjectival	DeclensionNominal	DeclensionMixed	Indeclinable	Comp_Suffixoid	Un_Comp_Suf	Comp_Suffixoid_Num_OJ	Comp_Suffixoid_Num_YJ	Comp_Suffixoid_Num_IJ	Comp_Suffixoid_Num_J	Comp_PunctuatorPost	Comp_PunctuatorPref	Comp_PunctuatorPostSeparable	Comp_PunctuatorPrefSeparable	Comp_Prefixoid	Comp_Suffixoid_Num_PercentYJ	Comp_Noun	Comp_Suffixoid_Chem	Comp_Adj	Comp_SuffixoidAbbr	BiAspectual	MonoAspectual	Paired	FullSynthComparison	NoSynthComparative	NoSynthSuperlative	OnlySuperlative	MOne	MTwo	MThree	NormalClassifyingCapitalization	Future	Past	Present	Particle	ZeroDoubleConjunct	NotCommonChild	Accusative	Dative	Genitive	Instrumental	Locative	Nominative	Partitive	Prepositional	DativeSpecial	ZeroCase	Vocative	RCDemonstrative	RCAttributive	RCPossessive	RCIndefinite	RCPersonal	RCInterrogative	RCNegative	RCReflexive	RCNoun	NoPlacement	Imperfective	Perfective	NotDefaultFiller	Feminine	Masculine	Neuter	Common	NoLeftmostPlacement	Iterat	UnIterat	NoRightmostPlacement	NotLeftConjunct	PersonFirst	PersonSecond	PersonThird	PersonZero	Active	VoiceSya	Passive	VerbIntransitive	VerbIntransitiveSpecial	VerbTransitive	VerbTransitiveSpecial	NotRightConjunct	NoSpecialCaseForm	Locative_u	Genitive_u	Plural_consonant	Genitive_Locative_u	GenitivePlural_Zero	NominativePlural_a	SpecialPlual	SpecialVocative	NoContrast	NormalCapitalization	PO_Prefixoid	Rus_Prefixoid	VPOL_Prefixoid	NE_Prefixoid	Eval_Prefixoid	Intern_Prefixoid	Reduced_Prefixoid	InternHy_Prefixoid	Letter_Prefixoid	BEZ_Prefixoid	BES_Prefixoid	BEZer_Prefixoid	V_Prefixoid	InternModEr_Prefixoid	RusHy_Prefixoid	NAI_Prefixoid	POL_Prefixoid	NI_Prefixoid	KOE_Prefixoid	Intern_ReducedPrefixoid	InternMod_Prefixoid	Chem_Prefixoid	ProperNamePrefixoid	Chemical_Possible	ParticipleFullForm	ParticipleShortForm	Plural	Singular	FiveAndMore	Three	Four	Two	SevenEight	AdjectiveFullForm	AdjectiveShortForm	AdjectiveShortFlectional	NounProperGeneral	NounProperSurNameFlective	NounProperTown	NounProperName	AdjectiveProper	NounProperPatronymic	NounProperNameDimin	AbbrProperGeneral	NounProperSurNameForeign	NormalNumberParadigm	FullRealization
79	305	позволившие	позволившие	285349	285347	Animate	Inanimate	ImperfectiveReflexivity	NormalMorphForm	DefectOne	DefectTwo	Byt	DefectThree	DefectFour	GTParticipleAttributive	NotEllipted	VocalForm	NForm	NotControlled	ZeroTypeOfCoordination	Composite_ski	Composite_iko	Composite_sko	NoCompositeness	Composite_o	Composite_e	Composite_usek	Composite_null	Composite_Numeral	Composite_cko	Composite_cki	Composite_ComplexNumeral	Composite_NumeralFull	Composite_NumeralShort	DegreeComparative	DegreePositive	DegreeSuperlative	Adverb_Un_Hyphen	Adverb_With_Hyphen	DeclensionAdjectival	DeclensionNominal	DeclensionMixed	Indeclinable	Comp_Suffixoid	Un_Comp_Suf	Comp_Suffixoid_Num_OJ	Comp_Suffixoid_Num_YJ	Comp_Suffixoid_Num_IJ	Comp_Suffixoid_Num_J	Comp_PunctuatorPost	Comp_PunctuatorPref	Comp_PunctuatorPostSeparable	Comp_PunctuatorPrefSeparable	Comp_Prefixoid	Comp_Suffixoid_Num_PercentYJ	Comp_Noun	Comp_Suffixoid_Chem	Comp_Adj	Comp_SuffixoidAbbr	Paired	FullSynthComparison	NoSynthComparative	NoSynthSuperlative	OnlySuperlative	MOne	MTwo	MThree	NormalClassifyingCapitalization	Past	Verb	ZeroDoubleConjunct	NotCommonChild	Accusative	Nominative	RCDemonstrative	RCAttributive	RCPossessive	RCIndefinite	RCPersonal	RCInterrogative	RCNegative	RCReflexive	RCNoun	NoPlacement	Perfective	NotDefaultFiller	Feminine	Masculine	Neuter	Common	NoLeftmostPlacement	UnIterat	NoRightmostPlacement	NotLeftConjunct	PersonFirst	PersonSecond	PersonThird	PersonZero	Active	VerbTransitive	NotRightConjunct	NoSpecialCaseForm	Locative_u	Genitive_u	Plural_consonant	Genitive_Locative_u	GenitivePlural_Zero	NominativePlural_a	SpecialPlual	SpecialVocative	NoContrast	NormalCapitalization	PO_Prefixoid	Rus_Prefixoid	VPOL_Prefixoid	NE_Prefixoid	Eval_Prefixoid	Intern_Prefixoid	Reduced_Prefixoid	InternHy_Prefixoid	Letter_Prefixoid	BEZ_Prefixoid	BES_Prefixoid	BEZer_Prefixoid	V_Prefixoid	InternModEr_Prefixoid	RusHy_Prefixoid	NAI_Prefixoid	POL_Prefixoid	NI_Prefixoid	KOE_Prefixoid	Intern_ReducedPrefixoid	InternMod_Prefixoid	Chem_Prefixoid	ProperNamePrefixoid	Chemical_Possible	ParticipleFullForm	ParticipleShortForm	Plural	FiveAndMore	Three	Four	Two	SevenEight	AdjectiveFullForm	AdjectiveShortForm	AdjectiveShortFlectional	NounProperGeneral	NounProperSurNameFlective	NounProperTown	NounProperName	AdjectiveProper	NounProperPatronymic	NounProperNameDimin	AbbrProperGeneral	NounProperSurNameForeign	NormalNumberParadigm	FullRealization
79	317	конкретизировать	конкретизировать	285351	285349	Animate	Inanimate	ImperfectiveReflexivity	NormalMorphForm	DefectOne	DefectTwo	Byt	DefectThree	DefectFour	GTInfinitive	NotEllipted	VocalForm	NForm	NotControlled	ZeroTypeOfCoordination	Composite_ski	Composite_iko	Composite_sko	NoCompositeness	Composite_o	Composite_e	Composite_usek	Composite_null	Composite_Numeral	Composite_cko	Composite_cki	Composite_ComplexNumeral	Composite_NumeralFull	Composite_NumeralShort	DegreeComparative	DegreePositive	DegreeSuperlative	Adverb_Un_Hyphen	Adverb_With_Hyphen	DeclensionAdjectival	DeclensionNominal	DeclensionMixed	Indeclinable	Comp_Suffixoid	Un_Comp_Suf	Comp_Suffixoid_Num_OJ	Comp_Suffixoid_Num_YJ	Comp_Suffixoid_Num_IJ	Comp_Suffixoid_Num_J	Comp_PunctuatorPost	Comp_PunctuatorPref	Comp_PunctuatorPostSeparable	Comp_PunctuatorPrefSeparable	Comp_Prefixoid	Comp_Suffixoid_Num_PercentYJ	Comp_Noun	Comp_Suffixoid_Chem	Comp_Adj	Comp_SuffixoidAbbr	BiAspectual	FullSynthComparison	NoSynthComparative	NoSynthSuperlative	OnlySuperlative	MOne	MTwo	MThree	NormalClassifyingCapitalization	Future	Past	Present	Verb	ZeroDoubleConjunct	NotCommonChild	Accusative	Dative	Genitive	Instrumental	Locative	Nominative	Partitive	Prepositional	DativeSpecial	ZeroCase	Vocative	RCDemonstrative	RCAttributive	RCPossessive	RCIndefinite	RCPersonal	RCInterrogative	RCNegative	RCReflexive	RCNoun	NoPlacement	Imperfective	Perfective	NotDefaultFiller	Feminine	Masculine	Neuter	Common	NoLeftmostPlacement	UnIterat	NoRightmostPlacement	NotLeftConjunct	PersonZero	Active	VerbTransitive	NotRightConjunct	NoSpecialCaseForm	Locative_u	Genitive_u	Plural_consonant	Genitive_Locative_u	GenitivePlural_Zero	NominativePlural_a	SpecialPlual	SpecialVocative	NoContrast	NormalCapitalization	PO_Prefixoid	Rus_Prefixoid	VPOL_Prefixoid	NE_Prefixoid	Eval_Prefixoid	Intern_Prefixoid	Reduced_Prefixoid	InternHy_Prefixoid	Letter_Prefixoid	BEZ_Prefixoid	BES_Prefixoid	BEZer_Prefixoid	V_Prefixoid	InternModEr_Prefixoid	RusHy_Prefixoid	NAI_Prefixoid	POL_Prefixoid	NI_Prefixoid	KOE_Prefixoid	Intern_ReducedPrefixoid	InternMod_Prefixoid	Chem_Prefixoid	ProperNamePrefixoid	Chemical_Possible	ParticipleFullForm	ParticipleShortForm	Plural	Singular	FiveAndMore	Three	Four	Two	SevenEight	AdjectiveFullForm	AdjectiveShortForm	AdjectiveShortFlectional	NounProperGeneral	NounProperSurNameFlective	NounProperTown	NounProperName	AdjectiveProper	NounProperPatronymic	NounProperNameDimin	AbbrProperGeneral	NounProperSurNameForeign	NormalNumberParadigm	FullRealization
79	334	правильную	правильную	285353	285352	Animate	Inanimate	Reflexive	FullReflexivity	NonReflexive	ImperfectiveReflexivity	NormalMorphForm	DefectOne	DefectTwo	Byt	DefectThree	DefectFour	GTAdjective	NotEllipted	VocalForm	NForm	NotControlled	ZeroTypeOfCoordination	NoCompositeness	DegreePositive	Adverb_Un_Hyphen	Adverb_With_Hyphen	DeclensionAdjectival	DeclensionNominal	DeclensionMixed	Indeclinable	Un_Comp_Suf	BiAspectual	MonoAspectual	Paired	FullSynthComparison	MOne	MTwo	MThree	NormalClassifyingCapitalization	Future	Past	Present	Adjective	ZeroDoubleConjunct	NotCommonChild	Accusative	RCDemonstrative	RCAttributive	RCPossessive	RCIndefinite	RCPersonal	RCInterrogative	RCNegative	RCReflexive	RCNoun	NoPlacement	Imperfective	Perfective	NotDefaultFiller	Feminine	NoLeftmostPlacement	Iterat	UnIterat	NoRightmostPlacement	NotLeftConjunct	PersonFirst	PersonSecond	PersonThird	PersonZero	Active	VoiceSya	Passive	VerbIntransitive	VerbIntransitiveSpecial	VerbTransitive	VerbTransitiveSpecial	NotRightConjunct	NoSpecialCaseForm	Locative_u	Genitive_u	Plural_consonant	Genitive_Locative_u	GenitivePlural_Zero	NominativePlural_a	SpecialPlual	SpecialVocative	NoContrast	NormalCapitalization	PO_Prefixoid	Rus_Prefixoid	VPOL_Prefixoid	NE_Prefixoid	Eval_Prefixoid	Intern_Prefixoid	Reduced_Prefixoid	InternHy_Prefixoid	Letter_Prefixoid	BEZ_Prefixoid	BES_Prefixoid	BEZer_Prefixoid	V_Prefixoid	InternModEr_Prefixoid	RusHy_Prefixoid	NAI_Prefixoid	POL_Prefixoid	NI_Prefixoid	KOE_Prefixoid	Intern_ReducedPrefixoid	InternMod_Prefixoid	Chem_Prefixoid	ProperNamePrefixoid	Chemical_Possible	ParticipleFullForm	ParticipleShortForm	Singular	FiveAndMore	Three	Four	Two	SevenEight	AdjectiveFullForm	NounProperGeneral	NounProperSurNameFlective	NounProperTown	NounProperName	AdjectiveProper	NounProperPatronymic	NounProperNameDimin	AbbrProperGeneral	NounProperSurNameForeign	NormalNumberParadigm	FullRealization
79	345	идею	идею	285352	285351	Inanimate	Reflexive	FullReflexivity	NonReflexive	ImperfectiveReflexivity	NormalMorphForm	DefectOne	DefectTwo	Byt	DefectThree	DefectFour	GTNoun	NotEllipted	VocalForm	NForm	NotControlled	ZeroTypeOfCoordination	NoCompositeness	DegreeComparative	DegreePositive	DegreeSuperlative	Adverb_Un_Hyphen	Adverb_With_Hyphen	DeclensionNominal	Un_Comp_Suf	BiAspectual	MonoAspectual	Paired	FullSynthComparison	NoSynthComparative	NoSynthSuperlative	OnlySuperlative	MOne	MTwo	MThree	NormalClassifyingCapitalization	Future	Past	Present	Noun	ZeroDoubleConjunct	NotCommonChild	Accusative	RCDemonstrative	RCAttributive	RCPossessive	RCIndefinite	RCPersonal	RCInterrogative	RCNegative	RCReflexive	RCNoun	NoPlacement	Imperfective	Perfective	NotDefaultFiller	Feminine	NoLeftmostPlacement	Iterat	UnIterat	NoRightmostPlacement	NotLeftConjunct	PersonFirst	PersonSecond	PersonThird	PersonZero	Active	VoiceSya	Passive	VerbIntransitive	VerbIntransitiveSpecial	VerbTransitive	VerbTransitiveSpecial	NotRightConjunct	NoSpecialCaseForm	NoContrast	NormalCapitalization	PO_Prefixoid	Rus_Prefixoid	VPOL_Prefixoid	NE_Prefixoid	Eval_Prefixoid	Intern_Prefixoid	Reduced_Prefixoid	InternHy_Prefixoid	Letter_Prefixoid	BEZ_Prefixoid	BES_Prefixoid	BEZer_Prefixoid	V_Prefixoid	InternModEr_Prefixoid	RusHy_Prefixoid	NAI_Prefixoid	POL_Prefixoid	NI_Prefixoid	KOE_Prefixoid	Intern_ReducedPrefixoid	InternMod_Prefixoid	Chem_Prefixoid	ProperNamePrefixoid	Chemical_Possible	ParticipleFullForm	ParticipleShortForm	Singular	FiveAndMore	Three	Four	Two	SevenEight	AdjectiveFullForm	AdjectiveShortForm	AdjectiveShortFlectional	NounProperGeneral	NounProperSurNameFlective	NounProperTown	NounProperName	AdjectiveProper	NounProperPatronymic	NounProperNameDimin	AbbrProperGeneral	NounProperSurNameForeign	NormalNumberParadigm	FullRealization
81	-1			285369	285360
81	-1			285381	285370
81	-1			285382	285370
81	-1			285383	285359
81	0	Сообщалось	Сообщалось	285359	-1	Animate	Inanimate	FullReflexivity	NormalMorphForm	DefectOne	DefectTwo	Byt	DefectThree	DefectFour	GTVerb	NotEllipted	VocalForm	NForm	NotControlled	ZeroTypeOfCoordination	Composite_ski	Composite_iko	Composite_sko	NoCompositeness	Composite_o	Composite_e	Composite_usek	Composite_null	Composite_Numeral	Composite_cko	Composite_cki	Composite_ComplexNumeral	Composite_NumeralFull	Composite_NumeralShort	DegreeComparative	DegreePositive	DegreeSuperlative	Adverb_Un_Hyphen	Adverb_With_Hyphen	DeclensionAdjectival	DeclensionNominal	DeclensionMixed	Indeclinable	Comp_Suffixoid	Un_Comp_Suf	Comp_Suffixoid_Num_OJ	Comp_Suffixoid_Num_YJ	Comp_Suffixoid_Num_IJ	Comp_Suffixoid_Num_J	Comp_PunctuatorPost	Comp_PunctuatorPref	Comp_PunctuatorPostSeparable	Comp_PunctuatorPrefSeparable	Comp_Prefixoid	Comp_Suffixoid_Num_PercentYJ	Comp_Noun	Comp_Suffixoid_Chem	Comp_Adj	Comp_SuffixoidAbbr	Paired	FullSynthComparison	NoSynthComparative	NoSynthSuperlative	OnlySuperlative	MOne	MTwo	MThree	NormalClassifyingCapitalization	Past	Verb	ZeroDoubleConjunct	NotCommonChild	Accusative	Dative	Genitive	Instrumental	Locative	Nominative	Partitive	Prepositional	DativeSpecial	ZeroCase	Vocative	RCDemonstrative	RCAttributive	RCPossessive	RCIndefinite	RCPersonal	RCInterrogative	RCNegative	RCReflexive	RCNoun	NoPlacement	Imperfective	NotDefaultFiller	Neuter	NoLeftmostPlacement	UnIterat	NoRightmostPlacement	NotLeftConjunct	PersonFirst	PersonSecond	PersonThird	PersonZero	VoiceSya	VerbTransitive	NotRightConjunct	NoSpecialCaseForm	Locative_u	Genitive_u	Plural_consonant	Genitive_Locative_u	GenitivePlural_Zero	NominativePlural_a	SpecialPlual	SpecialVocative	NoContrast	NormalCapitalization	PO_Prefixoid	Rus_Prefixoid	VPOL_Prefixoid	NE_Prefixoid	Eval_Prefixoid	Intern_Prefixoid	Reduced_Prefixoid	InternHy_Prefixoid	Letter_Prefixoid	BEZ_Prefixoid	BES_Prefixoid	BEZer_Prefixoid	V_Prefixoid	InternModEr_Prefixoid	RusHy_Prefixoid	NAI_Prefixoid	POL_Prefixoid	NI_Prefixoid	KOE_Prefixoid	Intern_ReducedPrefixoid	InternMod_Prefixoid	Chem_Prefixoid	ProperNamePrefixoid	Chemical_Possible	ParticipleFullForm	ParticipleShortForm	Singular	FiveAndMore	Three	Four	Two	SevenEight	AdjectiveFullForm	AdjectiveShortForm	AdjectiveShortFlectional	NounProperGeneral	NounProperSurNameFlective	NounProperTown	NounProperName	AdjectiveProper	NounProperPatronymic	NounProperNameDimin	AbbrProperGeneral	NounProperSurNameForeign	NormalNumberParadigm	FullRealization
81	12	что	что	285361	285360	Animate	Inanimate	Inanimate	Reflexive	FullReflexivity	NonReflexive	ImperfectiveReflexivity	Reflexive	FullReflexivity	NonReflexive	ImperfectiveReflexivity	NormalMorphForm	NormalMorphForm	NormalMorphForm	NormalMorphForm	DefectOne	DefectTwo	Byt	DefectThree	DefectFour	DefectOne	DefectTwo	Byt	DefectThree	DefectFour	GTInvariable	GTNoun	NotEllipted	NotEllipted	NotEllipted	NotEllipted	VocalForm	NForm	VocalForm	NForm	NotControlled	NotControlled	NotControlled	NotControlled	ZeroTypeOfCoordination	ZeroTypeOfCoordination	ZeroTypeOfCoordination	ZeroTypeOfCoordination	Composite_ski	Composite_iko	Composite_sko	NoCompositeness	Composite_o	Composite_e	Composite_usek	Composite_null	Composite_Numeral	Composite_cko	Composite_cki	Composite_ComplexNumeral	Composite_NumeralFull	Composite_NumeralShort	Composite_ski	Composite_iko	Composite_sko	NoCompositeness	Composite_o	Composite_e	Composite_usek	Composite_null	Composite_Numeral	Composite_cko	Composite_cki	Composite_ComplexNumeral	Composite_NumeralFull	Composite_NumeralShort	DegreeComparative	DegreePositive	DegreeSuperlative	DegreeComparative	DegreePositive	DegreeSuperlative	Adverb_Un_Hyphen	Adverb_With_Hyphen	Adverb_Un_Hyphen	Adverb_With_Hyphen	DeclensionAdjectival	DeclensionNominal	DeclensionMixed	Indeclinable	DeclensionAdjectival	DeclensionNominal	DeclensionMixed	Indeclinable	Comp_Suffixoid	Un_Comp_Suf	Comp_Suffixoid_Num_OJ	Comp_Suffixoid_Num_YJ	Comp_Suffixoid_Num_IJ	Comp_Suffixoid_Num_J	Comp_PunctuatorPost	Comp_PunctuatorPref	Comp_PunctuatorPostSeparable	Comp_PunctuatorPrefSeparable	Comp_Prefixoid	Comp_Suffixoid_Num_PercentYJ	Comp_Noun	Comp_Suffixoid_Chem	Comp_Adj	Comp_SuffixoidAbbr	Comp_Suffixoid	Un_Comp_Suf	Comp_Suffixoid_Num_OJ	Comp_Suffixoid_Num_YJ	Comp_Suffixoid_Num_IJ	Comp_Suffixoid_Num_J	Comp_PunctuatorPost	Comp_PunctuatorPref	Comp_PunctuatorPostSeparable	Comp_PunctuatorPrefSeparable	Comp_Prefixoid	Comp_Suffixoid_Num_PercentYJ	Comp_Noun	Comp_Suffixoid_Chem	Comp_Adj	Comp_SuffixoidAbbr	BiAspectual	MonoAspectual	Paired	BiAspectual	MonoAspectual	Paired	FullSynthComparison	NoSynthComparative	NoSynthSuperlative	OnlySuperlative	FullSynthComparison	NoSynthComparative	NoSynthSuperlative	OnlySuperlative	MOne	MTwo	MThree	MOne	MTwo	MThree	NormalClassifyingCapitalization	NormalClassifyingCapitalization	NormalClassifyingCapitalization	NormalClassifyingCapitalization	Future	Past	Present	Future	Past	Present	Conjunction	Pronoun	ZeroDoubleConjunct	ZeroDoubleConjunct	ZeroDoubleConjunct	ZeroDoubleConjunct	NotCommonChild	NotCommonChild	NotCommonChild	NotCommonChild	Accusative	Dative	Genitive	Instrumental	Locative	Nominative	Partitive	Prepositional	DativeSpecial	ZeroCase	Vocative	Accusative	Nominative	RCDemonstrative	RCAttributive	RCPossessive	RCIndefinite	RCPersonal	RCInterrogative	RCNegative	RCReflexive	RCNoun	RCInterrogative	NoPlacement	NoPlacement	NoPlacement	NoPlacement	Imperfective	Perfective	Imperfective	Perfective	NotDefaultFiller	NotDefaultFiller	NotDefaultFiller	NotDefaultFiller	Feminine	Masculine	Neuter	Common	Neuter	NoLeftmostPlacement	NoLeftmostPlacement	NoLeftmostPlacement	NoLeftmostPlacement	Iterat	UnIterat	Iterat	UnIterat	NoRightmostPlacement	NoRightmostPlacement	NoRightmostPlacement	NoRightmostPlacement	NotLeftConjunct	NotLeftConjunct	NotLeftConjunct	NotLeftConjunct	PersonFirst	PersonSecond	PersonThird	PersonZero	PersonFirst	PersonSecond	PersonThird	PersonZero	Active	VoiceSya	Passive	Active	VoiceSya	Passive	VerbIntransitive	VerbIntransitiveSpecial	VerbTransitive	VerbTransitiveSpecial	VerbIntransitive	VerbIntransitiveSpecial	VerbTransitive	VerbTransitiveSpecial	NotRightConjunct	NotRightConjunct	NotRightConjunct	NotRightConjunct	NoSpecialCaseForm	Locative_u	Genitive_u	Plural_consonant	Genitive_Locative_u	GenitivePlural_Zero	NominativePlural_a	SpecialPlual	SpecialVocative	NoSpecialCaseForm	Locative_u	Genitive_u	Plural_consonant	Genitive_Locative_u	GenitivePlural_Zero	NominativePlural_a	SpecialPlual	SpecialVocative	NoContrast	NoContrast	NoContrast	NoContrast	NormalCapitalization	NormalCapitalization	NormalCapitalization	NormalCapitalization	PO_Prefixoid	Rus_Prefixoid	VPOL_Prefixoid	NE_Prefixoid	Eval_Prefixoid	Intern_Prefixoid	Reduced_Prefixoid	InternHy_Prefixoid	Letter_Prefixoid	BEZ_Prefixoid	BES_Prefixoid	BEZer_Prefixoid	V_Prefixoid	InternModEr_Prefixoid	RusHy_Prefixoid	NAI_Prefixoid	POL_Prefixoid	NI_Prefixoid	KOE_Prefixoid	Intern_ReducedPrefixoid	InternMod_Prefixoid	Chem_Prefixoid	ProperNamePrefixoid	Chemical_Possible	PO_Prefixoid	Rus_Prefixoid	VPOL_Prefixoid	NE_Prefixoid	Eval_Prefixoid	Intern_Prefixoid	Reduced_Prefixoid	InternHy_Prefixoid	Letter_Prefixoid	BEZ_Prefixoid	BES_Prefixoid	BEZer_Prefixoid	V_Prefixoid	InternModEr_Prefixoid	RusHy_Prefixoid	NAI_Prefixoid	POL_Prefixoid	NI_Prefixoid	KOE_Prefixoid	Intern_ReducedPrefixoid	InternMod_Prefixoid	Chem_Prefixoid	ProperNamePrefixoid	Chemical_Possible	ParticipleFullForm	ParticipleShortForm	ParticipleFullForm	ParticipleShortForm	Plural	Singular	Singular	FiveAndMore	Three	Four	Two	SevenEight	FiveAndMore	Three	Four	Two	SevenEight	AdjectiveFullForm	AdjectiveShortForm	AdjectiveShortFlectional	AdjectiveFullForm	AdjectiveShortForm	AdjectiveShortFlectional	NounProperGeneral	NounProperSurNameFlective	NounProperTown	NounProperName	AdjectiveProper	NounProperPatronymic	NounProperNameDimin	AbbrProperGeneral	NounProperSurNameForeign	NounProperGeneral	NounProperSurNameFlective	NounProperTown	NounProperName	AdjectiveProper	NounProperPatronymic	NounProperNameDimin	AbbrProperGeneral	NounProperSurNameForeign	NormalNumberParadigm	NormalNumberParadigm	NormalNumberParadigm	NormalNumberParadigm	FullRealization	FullRealization	FullRealization	FullRealization
81	16	на	на	285363	285362	Animate	Inanimate	Reflexive	FullReflexivity	NonReflexive	ImperfectiveReflexivity	NormalMorphForm	DefectOne	DefectTwo	Byt	DefectThree	DefectFour	GTInvariable	NotEllipted	VocalForm	NForm	NotControlled	ZeroTypeOfCoordination	Composite_ski	Composite_iko	Composite_sko	NoCompositeness	Composite_o	Composite_e	Composite_usek	Composite_null	Composite_Numeral	Composite_cko	Composite_cki	Composite_ComplexNumeral	Composite_NumeralFull	Composite_NumeralShort	DegreeComparative	DegreePositive	DegreeSuperlative	Adverb_Un_Hyphen	Adverb_With_Hyphen	DeclensionAdjectival	DeclensionNominal	DeclensionMixed	Indeclinable	Comp_Suffixoid	Un_Comp_Suf	Comp_Suffixoid_Num_OJ	Comp_Suffixoid_Num_YJ	Comp_Suffixoid_Num_IJ	Comp_Suffixoid_Num_J	Comp_PunctuatorPost	Comp_PunctuatorPref	Comp_PunctuatorPostSeparable	Comp_PunctuatorPrefSeparable	Comp_Prefixoid	Comp_Suffixoid_Num_PercentYJ	Comp_Noun	Comp_Suffixoid_Chem	Comp_Adj	Comp_SuffixoidAbbr	BiAspectual	MonoAspectual	Paired	FullSynthComparison	NoSynthComparative	NoSynthSuperlative	OnlySuperlative	MOne	MTwo	MThree	NormalClassifyingCapitalization	Future	Past	Present	Preposition	ZeroDoubleConjunct	NotCommonChild	Accusative	Dative	Genitive	Instrumental	Locative	Nominative	Partitive	Prepositional	DativeSpecial	ZeroCase	Vocative	RCDemonstrative	RCAttributive	RCPossessive	RCIndefinite	RCPersonal	RCInterrogative	RCNegative	RCReflexive	RCNoun	NoPlacement	Imperfective	Perfective	NotDefaultFiller	Feminine	Masculine	Neuter	Common	NoLeftmostPlacement	Iterat	UnIterat	NoRightmostPlacement	NotLeftConjunct	PersonFirst	PersonSecond	PersonThird	PersonZero	Active	VoiceSya	Passive	VerbIntransitive	VerbIntransitiveSpecial	VerbTransitive	VerbTransitiveSpecial	NotRightConjunct	NoSpecialCaseForm	Locative_u	Genitive_u	Plural_consonant	Genitive_Locative_u	GenitivePlural_Zero	NominativePlural_a	SpecialPlual	SpecialVocative	NoContrast	NormalCapitalization	PO_Prefixoid	Rus_Prefixoid	VPOL_Prefixoid	NE_Prefixoid	Eval_Prefixoid	Intern_Prefixoid	Reduced_Prefixoid	InternHy_Prefixoid	Letter_Prefixoid	BEZ_Prefixoid	BES_Prefixoid	BEZer_Prefixoid	V_Prefixoid	InternModEr_Prefixoid	RusHy_Prefixoid	NAI_Prefixoid	POL_Prefixoid	NI_Prefixoid	KOE_Prefixoid	Intern_ReducedPrefixoid	InternMod_Prefixoid	Chem_Prefixoid	ProperNamePrefixoid	Chemical_Possible	ParticipleFullForm	ParticipleShortForm	Plural	Singular	FiveAndMore	Three	Four	Two	SevenEight	AdjectiveFullForm	AdjectiveShortForm	AdjectiveShortFlectional	NounProperGeneral	NounProperSurNameFlective	NounProperTown	NounProperName	AdjectiveProper	NounProperPatronymic	NounProperNameDimin	AbbrProperGeneral	NounProperSurNameForeign	NormalNumberParadigm	FullRealization
81	19	посту	посту	285362	285360	Inanimate	Reflexive	FullReflexivity	NonReflexive	ImperfectiveReflexivity	NormalMorphForm	DefectOne	DefectTwo	Byt	DefectThree	DefectFour	GTNoun	NotEllipted	VocalForm	NForm	NotControlled	ZeroTypeOfCoordination	NoCompositeness	DegreeComparative	DegreePositive	DegreeSuperlative	Adverb_Un_Hyphen	Adverb_With_Hyphen	DeclensionNominal	Un_Comp_Suf	BiAspectual	MonoAspectual	Paired	FullSynthComparison	NoSynthComparative	NoSynthSuperlative	OnlySuperlative	MOne	MTwo	MThree	NormalClassifyingCapitalization	Future	Past	Present	Noun	ZeroDoubleConjunct	NotCommonChild	Dative	Locative	RCDemonstrative	RCAttributive	RCPossessive	RCIndefinite	RCPersonal	RCInterrogative	RCNegative	RCReflexive	RCNoun	NoPlacement	Imperfective	Perfective	NotDefaultFiller	Masculine	NoLeftmostPlacement	Iterat	UnIterat	NoRightmostPlacement	NotLeftConjunct	PersonFirst	PersonSecond	PersonThird	PersonZero	Active	VoiceSya	Passive	VerbIntransitive	VerbIntransitiveSpecial	VerbTransitive	VerbTransitiveSpecial	NotRightConjunct	Locative_u	NoContrast	NormalCapitalization	PO_Prefixoid	Rus_Prefixoid	VPOL_Prefixoid	NE_Prefixoid	Eval_Prefixoid	Intern_Prefixoid	Reduced_Prefixoid	InternHy_Prefixoid	Letter_Prefixoid	BEZ_Prefixoid	BES_Prefixoid	BEZer_Prefixoid	V_Prefixoid	InternModEr_Prefixoid	RusHy_Prefixoid	NAI_Prefixoid	POL_Prefixoid	NI_Prefixoid	KOE_Prefixoid	Intern_ReducedPrefixoid	InternMod_Prefixoid	Chem_Prefixoid	ProperNamePrefixoid	Chemical_Possible	ParticipleFullForm	ParticipleShortForm	Singular	FiveAndMore	Three	Four	Two	SevenEight	AdjectiveFullForm	AdjectiveShortForm	AdjectiveShortFlectional	NounProperGeneral	NounProperSurNameFlective	NounProperTown	NounProperName	AdjectiveProper	NounProperPatronymic	NounProperNameDimin	AbbrProperGeneral	NounProperSurNameForeign	NormalNumberParadigm	FullRealization
81	25	замминистра	замминистра	285364	285362	Animate	Reflexive	FullReflexivity	NonReflexive	ImperfectiveReflexivity	NormalMorphForm	DefectOne	DefectTwo	Byt	DefectThree	DefectFour	GTNoun	NotEllipted	VocalForm	NForm	NotControlled	ZeroTypeOfCoordination	NoCompositeness	DegreeComparative	DegreePositive	DegreeSuperlative	Adverb_Un_Hyphen	Adverb_With_Hyphen	DeclensionAdjectival	DeclensionNominal	DeclensionMixed	Indeclinable	Un_Comp_Suf	BiAspectual	MonoAspectual	Paired	FullSynthComparison	NoSynthComparative	NoSynthSuperlative	OnlySuperlative	MOne	MTwo	MThree	NormalClassifyingCapitalization	Future	Past	Present	Noun	ZeroDoubleConjunct	NotCommonChild	Accusative	Dative	Genitive	Instrumental	Locative	Nominative	Partitive	Prepositional	RCDemonstrative	RCAttributive	RCPossessive	RCIndefinite	RCPersonal	RCInterrogative	RCNegative	RCReflexive	RCNoun	NoPlacement	Imperfective	Perfective	NotDefaultFiller	Common	NoLeftmostPlacement	Iterat	UnIterat	NoRightmostPlacement	NotLeftConjunct	PersonFirst	PersonSecond	PersonThird	PersonZero	Active	VoiceSya	Passive	VerbIntransitive	VerbIntransitiveSpecial	VerbTransitive	VerbTransitiveSpecial	NotRightConjunct	NoSpecialCaseForm	NoContrast	NormalCapitalization	PO_Prefixoid	Rus_Prefixoid	VPOL_Prefixoid	NE_Prefixoid	Eval_Prefixoid	Intern_Prefixoid	Reduced_Prefixoid	InternHy_Prefixoid	Letter_Prefixoid	BEZ_Prefixoid	BES_Prefixoid	BEZer_Prefixoid	V_Prefixoid	InternModEr_Prefixoid	RusHy_Prefixoid	NAI_Prefixoid	POL_Prefixoid	NI_Prefixoid	KOE_Prefixoid	Intern_ReducedPrefixoid	InternMod_Prefixoid	Chem_Prefixoid	ProperNamePrefixoid	Chemical_Possible	ParticipleFullForm	ParticipleShortForm	Singular	FiveAndMore	Three	Four	Two	SevenEight	AdjectiveFullForm	AdjectiveShortForm	AdjectiveShortFlectional	NounProperGeneral	NounProperSurNameFlective	NounProperTown	NounProperName	AdjectiveProper	NounProperPatronymic	NounProperNameDimin	AbbrProperGeneral	NounProperSurNameForeign	NormalNumberParadigm	FullRealization
81	37	Скворцова	Скворцова	285365	285364	Animate	Reflexive	FullReflexivity	NonReflexive	ImperfectiveReflexivity	NormalMorphForm	DefectOne	DefectTwo	Byt	DefectThree	DefectFour	GTNoun	NotEllipted	VocalForm	NForm	NotControlled	ZeroTypeOfCoordination	NoCompositeness	DegreeComparative	DegreePositive	DegreeSuperlative	Adverb_Un_Hyphen	Adverb_With_Hyphen	DeclensionNominal	Un_Comp_Suf	BiAspectual	MonoAspectual	Paired	FullSynthComparison	NoSynthComparative	NoSynthSuperlative	OnlySuperlative	MOne	MTwo	MThree	NormalClassifyingCapitalization	Future	Past	Present	Noun	ZeroDoubleConjunct	NotCommonChild	Accusative	Genitive	Nominative	Partitive	RCDemonstrative	RCAttributive	RCPossessive	RCIndefinite	RCPersonal	RCInterrogative	RCNegative	RCReflexive	RCNoun	NoPlacement	Imperfective	Perfective	NotDefaultFiller	Feminine	Masculine	NoLeftmostPlacement	Iterat	UnIterat	NoRightmostPlacement	NotLeftConjunct	PersonFirst	PersonSecond	PersonThird	PersonZero	Active	VoiceSya	Passive	VerbIntransitive	VerbIntransitiveSpecial	VerbTransitive	VerbTransitiveSpecial	NotRightConjunct	NoSpecialCaseForm	NoContrast	NormalCapitalization	PO_Prefixoid	Rus_Prefixoid	VPOL_Prefixoid	NE_Prefixoid	Eval_Prefixoid	Intern_Prefixoid	Reduced_Prefixoid	InternHy_Prefixoid	Letter_Prefixoid	BEZ_Prefixoid	BES_Prefixoid	BEZer_Prefixoid	V_Prefixoid	InternModEr_Prefixoid	RusHy_Prefixoid	NAI_Prefixoid	POL_Prefixoid	NI_Prefixoid	KOE_Prefixoid	Intern_ReducedPrefixoid	InternMod_Prefixoid	Chem_Prefixoid	ProperNamePrefixoid	Chemical_Possible	ParticipleFullForm	ParticipleShortForm	Singular	FiveAndMore	Three	Four	Two	SevenEight	AdjectiveFullForm	AdjectiveShortForm	AdjectiveShortFlectional	NounProperSurNameFlective	NormalNumberParadigm	FullRealization
81	47	не	не	285366	285360	Animate	Inanimate	Reflexive	FullReflexivity	NonReflexive	ImperfectiveReflexivity	NormalMorphForm	DefectOne	DefectTwo	Byt	DefectThree	DefectFour	GTInvariable	NotEllipted	VocalForm	NForm	NotControlled	ZeroTypeOfCoordination	Composite_ski	Composite_iko	Composite_sko	NoCompositeness	Composite_o	Composite_e	Composite_usek	Composite_null	Composite_Numeral	Composite_cko	Composite_cki	Composite_ComplexNumeral	Composite_NumeralFull	Composite_NumeralShort	DegreeComparative	DegreePositive	DegreeSuperlative	Adverb_Un_Hyphen	Adverb_With_Hyphen	DeclensionAdjectival	DeclensionNominal	DeclensionMixed	Indeclinable	Comp_Suffixoid	Un_Comp_Suf	Comp_Suffixoid_Num_OJ	Comp_Suffixoid_Num_YJ	Comp_Suffixoid_Num_IJ	Comp_Suffixoid_Num_J	Comp_PunctuatorPost	Comp_PunctuatorPref	Comp_PunctuatorPostSeparable	Comp_PunctuatorPrefSeparable	Comp_Prefixoid	Comp_Suffixoid_Num_PercentYJ	Comp_Noun	Comp_Suffixoid_Chem	Comp_Adj	Comp_SuffixoidAbbr	BiAspectual	MonoAspectual	Paired	FullSynthComparison	NoSynthComparative	NoSynthSuperlative	OnlySuperlative	MOne	MTwo	MThree	NormalClassifyingCapitalization	Future	Past	Present	Particle	ZeroDoubleConjunct	NotCommonChild	Accusative	Dative	Genitive	Instrumental	Locative	Nominative	Partitive	Prepositional	DativeSpecial	ZeroCase	Vocative	RCDemonstrative	RCAttributive	RCPossessive	RCIndefinite	RCPersonal	RCInterrogative	RCNegative	RCReflexive	RCNoun	NoPlacement	Imperfective	Perfective	NotDefaultFiller	Feminine	Masculine	Neuter	Common	NoLeftmostPlacement	Iterat	UnIterat	NoRightmostPlacement	NotLeftConjunct	PersonFirst	PersonSecond	PersonThird	PersonZero	Active	VoiceSya	Passive	VerbIntransitive	VerbIntransitiveSpecial	VerbTransitive	VerbTransitiveSpecial	NotRightConjunct	NoSpecialCaseForm	Locative_u	Genitive_u	Plural_consonant	Genitive_Locative_u	GenitivePlural_Zero	NominativePlural_a	SpecialPlual	SpecialVocative	NoContrast	NormalCapitalization	PO_Prefixoid	Rus_Prefixoid	VPOL_Prefixoid	NE_Prefixoid	Eval_Prefixoid	Intern_Prefixoid	Reduced_Prefixoid	InternHy_Prefixoid	Letter_Prefixoid	BEZ_Prefixoid	BES_Prefixoid	BEZer_Prefixoid	V_Prefixoid	InternModEr_Prefixoid	RusHy_Prefixoid	NAI_Prefixoid	POL_Prefixoid	NI_Prefixoid	KOE_Prefixoid	Intern_ReducedPrefixoid	InternMod_Prefixoid	Chem_Prefixoid	ProperNamePrefixoid	Chemical_Possible	ParticipleFullForm	ParticipleShortForm	Plural	Singular	FiveAndMore	Three	Four	Two	SevenEight	AdjectiveFullForm	AdjectiveShortForm	AdjectiveShortFlectional	NounProperGeneral	NounProperSurNameFlective	NounProperTown	NounProperName	AdjectiveProper	NounProperPatronymic	NounProperNameDimin	AbbrProperGeneral	NounProperSurNameForeign	NormalNumberParadigm	FullRealization
81	50	оставила	оставила	285360	285359	Animate	Inanimate	ImperfectiveReflexivity	NormalMorphForm	DefectOne	DefectTwo	Byt	DefectThree	DefectFour	GTVerb	NotEllipted	VocalForm	NForm	NotControlled	ZeroTypeOfCoordination	Composite_ski	Composite_iko	Composite_sko	NoCompositeness	Composite_o	Composite_e	Composite_usek	Composite_null	Composite_Numeral	Composite_cko	Composite_cki	Composite_ComplexNumeral	Composite_NumeralFull	Composite_NumeralShort	DegreeComparative	DegreePositive	DegreeSuperlative	Adverb_Un_Hyphen	Adverb_With_Hyphen	DeclensionAdjectival	DeclensionNominal	DeclensionMixed	Indeclinable	Comp_Suffixoid	Un_Comp_Suf	Comp_Suffixoid_Num_OJ	Comp_Suffixoid_Num_YJ	Comp_Suffixoid_Num_IJ	Comp_Suffixoid_Num_J	Comp_PunctuatorPost	Comp_PunctuatorPref	Comp_PunctuatorPostSeparable	Comp_PunctuatorPrefSeparable	Comp_Prefixoid	Comp_Suffixoid_Num_PercentYJ	Comp_Noun	Comp_Suffixoid_Chem	Comp_Adj	Comp_SuffixoidAbbr	Paired	FullSynthComparison	NoSynthComparative	NoSynthSuperlative	OnlySuperlative	MOne	MTwo	MThree	NormalClassifyingCapitalization	Past	Verb	ZeroDoubleConjunct	NotCommonChild	Accusative	Dative	Genitive	Instrumental	Locative	Nominative	Partitive	Prepositional	DativeSpecial	ZeroCase	Vocative	RCDemonstrative	RCAttributive	RCPossessive	RCIndefinite	RCPersonal	RCInterrogative	RCNegative	RCReflexive	RCNoun	NoPlacement	Perfective	NotDefaultFiller	Feminine	NoLeftmostPlacement	UnIterat	NoRightmostPlacement	NotLeftConjunct	PersonFirst	PersonSecond	PersonThird	PersonZero	Active	VerbTransitive	NotRightConjunct	NoSpecialCaseForm	Locative_u	Genitive_u	Plural_consonant	Genitive_Locative_u	GenitivePlural_Zero	NominativePlural_a	SpecialPlual	SpecialVocative	NoContrast	NormalCapitalization	PO_Prefixoid	Rus_Prefixoid	VPOL_Prefixoid	NE_Prefixoid	Eval_Prefixoid	Intern_Prefixoid	Reduced_Prefixoid	InternHy_Prefixoid	Letter_Prefixoid	BEZ_Prefixoid	BES_Prefixoid	BEZer_Prefixoid	V_Prefixoid	InternModEr_Prefixoid	RusHy_Prefixoid	NAI_Prefixoid	POL_Prefixoid	NI_Prefixoid	KOE_Prefixoid	Intern_ReducedPrefixoid	InternMod_Prefixoid	Chem_Prefixoid	ProperNamePrefixoid	Chemical_Possible	ParticipleFullForm	ParticipleShortForm	Singular	FiveAndMore	Three	Four	Two	SevenEight	AdjectiveFullForm	AdjectiveShortForm	AdjectiveShortFlectional	NounProperGeneral	NounProperSurNameFlective	NounProperTown	NounProperName	AdjectiveProper	NounProperPatronymic	NounProperNameDimin	AbbrProperGeneral	NounProperSurNameForeign	NormalNumberParadigm	FullRealization
81	59	занятий	занятий	285367	285360	Inanimate	Reflexive	FullReflexivity	NonReflexive	ImperfectiveReflexivity	NormalMorphForm	DefectOne	DefectTwo	Byt	DefectThree	DefectFour	GTNoun	NotEllipted	VocalForm	NForm	NotControlled	ZeroTypeOfCoordination	NoCompositeness	DegreeComparative	DegreePositive	DegreeSuperlative	Adverb_Un_Hyphen	Adverb_With_Hyphen	DeclensionNominal	Un_Comp_Suf	BiAspectual	MonoAspectual	Paired	FullSynthComparison	NoSynthComparative	NoSynthSuperlative	OnlySuperlative	MOne	MTwo	MThree	NormalClassifyingCapitalization	Future	Past	Present	Noun	ZeroDoubleConjunct	NotCommonChild	Genitive	Partitive	RCDemonstrative	RCAttributive	RCPossessive	RCIndefinite	RCPersonal	RCInterrogative	RCNegative	RCReflexive	RCNoun	NoPlacement	Imperfective	Perfective	NotDefaultFiller	Neuter	NoLeftmostPlacement	Iterat	UnIterat	NoRightmostPlacement	NotLeftConjunct	PersonFirst	PersonSecond	PersonThird	PersonZero	Active	VoiceSya	Passive	VerbIntransitive	VerbIntransitiveSpecial	VerbTransitive	VerbTransitiveSpecial	NotRightConjunct	NoSpecialCaseForm	NoContrast	NormalCapitalization	PO_Prefixoid	Rus_Prefixoid	VPOL_Prefixoid	NE_Prefixoid	Eval_Prefixoid	Intern_Prefixoid	Reduced_Prefixoid	InternHy_Prefixoid	Letter_Prefixoid	BEZ_Prefixoid	BES_Prefixoid	BEZer_Prefixoid	V_Prefixoid	InternModEr_Prefixoid	RusHy_Prefixoid	NAI_Prefixoid	POL_Prefixoid	NI_Prefixoid	KOE_Prefixoid	Intern_ReducedPrefixoid	InternMod_Prefixoid	Chem_Prefixoid	ProperNamePrefixoid	Chemical_Possible	ParticipleFullForm	ParticipleShortForm	Plural	FiveAndMore	Three	Four	Two	SevenEight	AdjectiveFullForm	AdjectiveShortForm	AdjectiveShortFlectional	NounProperGeneral	NounProperSurNameFlective	NounProperTown	NounProperName	AdjectiveProper	NounProperPatronymic	NounProperNameDimin	AbbrProperGeneral	NounProperSurNameForeign	NormalNumberParadigm	FullRealization
81	67	наукой	наукой	285368	285367	Inanimate	Reflexive	FullReflexivity	NonReflexive	ImperfectiveReflexivity	NormalMorphForm	DefectOne	DefectTwo	Byt	DefectThree	DefectFour	GTNoun	NotEllipted	VocalForm	NForm	NotControlled	ZeroTypeOfCoordination	NoCompositeness	DegreeComparative	DegreePositive	DegreeSuperlative	Adverb_Un_Hyphen	Adverb_With_Hyphen	DeclensionNominal	Un_Comp_Suf	BiAspectual	MonoAspectual	Paired	FullSynthComparison	NoSynthComparative	NoSynthSuperlative	OnlySuperlative	MOne	MTwo	MThree	NormalClassifyingCapitalization	Future	Past	Present	Noun	ZeroDoubleConjunct	NotCommonChild	Instrumental	RCDemonstrative	RCAttributive	RCPossessive	RCIndefinite	RCPersonal	RCInterrogative	RCNegative	RCReflexive	RCNoun	NoPlacement	Imperfective	Perfective	NotDefaultFiller	Feminine	NoLeftmostPlacement	Iterat	UnIterat	NoRightmostPlacement	NotLeftConjunct	PersonFirst	PersonSecond	PersonThird	PersonZero	Active	VoiceSya	Passive	VerbIntransitive	VerbIntransitiveSpecial	VerbTransitive	VerbTransitiveSpecial	NotRightConjunct	NoSpecialCaseForm	NoContrast	NormalCapitalization	PO_Prefixoid	Rus_Prefixoid	VPOL_Prefixoid	NE_Prefixoid	Eval_Prefixoid	Intern_Prefixoid	Reduced_Prefixoid	InternHy_Prefixoid	Letter_Prefixoid	BEZ_Prefixoid	BES_Prefixoid	BEZer_Prefixoid	V_Prefixoid	InternModEr_Prefixoid	RusHy_Prefixoid	NAI_Prefixoid	POL_Prefixoid	NI_Prefixoid	KOE_Prefixoid	Intern_ReducedPrefixoid	InternMod_Prefixoid	Chem_Prefixoid	ProperNamePrefixoid	Chemical_Possible	ParticipleFullForm	ParticipleShortForm	Singular	FiveAndMore	Three	Four	Two	SevenEight	AdjectiveFullForm	AdjectiveShortForm	AdjectiveShortFlectional	NounProperGeneral	NounProperSurNameFlective	NounProperTown	NounProperName	AdjectiveProper	NounProperPatronymic	NounProperNameDimin	AbbrProperGeneral	NounProperSurNameForeign	NormalNumberParadigm	FullRealization
81	75	а	а	285371	285370	Animate	Inanimate	Reflexive	FullReflexivity	NonReflexive	ImperfectiveReflexivity	NormalMorphForm	DefectOne	DefectTwo	Byt	DefectThree	DefectFour	GTInvariable	NotEllipted	VocalForm	NForm	NotControlled	ZeroTypeOfCoordination	Composite_ski	Composite_iko	Composite_sko	NoCompositeness	Composite_o	Composite_e	Composite_usek	Composite_null	Composite_Numeral	Composite_cko	Composite_cki	Composite_ComplexNumeral	Composite_NumeralFull	Composite_NumeralShort	DegreeComparative	DegreePositive	DegreeSuperlative	Adverb_Un_Hyphen	Adverb_With_Hyphen	DeclensionAdjectival	DeclensionNominal	DeclensionMixed	Indeclinable	Comp_Suffixoid	Un_Comp_Suf	Comp_Suffixoid_Num_OJ	Comp_Suffixoid_Num_YJ	Comp_Suffixoid_Num_IJ	Comp_Suffixoid_Num_J	Comp_PunctuatorPost	Comp_PunctuatorPref	Comp_PunctuatorPostSeparable	Comp_PunctuatorPrefSeparable	Comp_Prefixoid	Comp_Suffixoid_Num_PercentYJ	Comp_Noun	Comp_Suffixoid_Chem	Comp_Adj	Comp_SuffixoidAbbr	BiAspectual	MonoAspectual	Paired	FullSynthComparison	NoSynthComparative	NoSynthSuperlative	OnlySuperlative	MOne	MTwo	MThree	NormalClassifyingCapitalization	Future	Past	Present	Conjunction	ZeroDoubleConjunct	NotCommonChild	Accusative	Dative	Genitive	Instrumental	Locative	Nominative	Partitive	Prepositional	DativeSpecial	ZeroCase	Vocative	RCDemonstrative	RCAttributive	RCPossessive	RCIndefinite	RCPersonal	RCInterrogative	RCNegative	RCReflexive	RCNoun	NoPlacement	Imperfective	Perfective	NotDefaultFiller	Feminine	Masculine	Neuter	Common	NoLeftmostPlacement	Iterat	UnIterat	NoRightmostPlacement	NotLeftConjunct	PersonFirst	PersonSecond	PersonThird	PersonZero	Active	VoiceSya	Passive	VerbIntransitive	VerbIntransitiveSpecial	VerbTransitive	VerbTransitiveSpecial	NotRightConjunct	NoSpecialCaseForm	Locative_u	Genitive_u	Plural_consonant	Genitive_Locative_u	GenitivePlural_Zero	NominativePlural_a	SpecialPlual	SpecialVocative	NoContrast	NormalCapitalization	PO_Prefixoid	Rus_Prefixoid	VPOL_Prefixoid	NE_Prefixoid	Eval_Prefixoid	Intern_Prefixoid	Reduced_Prefixoid	InternHy_Prefixoid	Letter_Prefixoid	BEZ_Prefixoid	BES_Prefixoid	BEZer_Prefixoid	V_Prefixoid	InternModEr_Prefixoid	RusHy_Prefixoid	NAI_Prefixoid	POL_Prefixoid	NI_Prefixoid	KOE_Prefixoid	Intern_ReducedPrefixoid	InternMod_Prefixoid	Chem_Prefixoid	ProperNamePrefixoid	Chemical_Possible	ParticipleFullForm	ParticipleShortForm	Plural	Singular	FiveAndMore	Three	Four	Two	SevenEight	AdjectiveFullForm	AdjectiveShortForm	AdjectiveShortFlectional	NounProperGeneral	NounProperSurNameFlective	NounProperTown	NounProperName	AdjectiveProper	NounProperPatronymic	NounProperNameDimin	AbbrProperGeneral	NounProperSurNameForeign	NormalNumberParadigm	FullRealization
81	77	продолжала	продолжала	285370	285359	Animate	Inanimate	FullReflexivity	NormalMorphForm	DefectOne	DefectTwo	Byt	DefectThree	DefectFour	GTVerb	NotEllipted	VocalForm	NForm	NotControlled	ZeroTypeOfCoordination	Composite_ski	Composite_iko	Composite_sko	NoCompositeness	Composite_o	Composite_e	Composite_usek	Composite_null	Composite_Numeral	Composite_cko	Composite_cki	Composite_ComplexNumeral	Composite_NumeralFull	Composite_NumeralShort	DegreeComparative	DegreePositive	DegreeSuperlative	Adverb_Un_Hyphen	Adverb_With_Hyphen	DeclensionAdjectival	DeclensionNominal	DeclensionMixed	Indeclinable	Comp_Suffixoid	Un_Comp_Suf	Comp_Suffixoid_Num_OJ	Comp_Suffixoid_Num_YJ	Comp_Suffixoid_Num_IJ	Comp_Suffixoid_Num_J	Comp_PunctuatorPost	Comp_PunctuatorPref	Comp_PunctuatorPostSeparable	Comp_PunctuatorPrefSeparable	Comp_Prefixoid	Comp_Suffixoid_Num_PercentYJ	Comp_Noun	Comp_Suffixoid_Chem	Comp_Adj	Comp_SuffixoidAbbr	Paired	FullSynthComparison	NoSynthComparative	NoSynthSuperlative	OnlySuperlative	MOne	MTwo	MThree	NormalClassifyingCapitalization	Past	Verb	ZeroDoubleConjunct	NotCommonChild	Accusative	Dative	Genitive	Instrumental	Locative	Nominative	Partitive	Prepositional	DativeSpecial	ZeroCase	Vocative	RCDemonstrative	RCAttributive	RCPossessive	RCIndefinite	RCPersonal	RCInterrogative	RCNegative	RCReflexive	RCNoun	NoPlacement	Imperfective	NotDefaultFiller	Feminine	NoLeftmostPlacement	UnIterat	NoRightmostPlacement	NotLeftConjunct	PersonFirst	PersonSecond	PersonThird	PersonZero	Active	VerbTransitive	NotRightConjunct	NoSpecialCaseForm	Locative_u	Genitive_u	Plural_consonant	Genitive_Locative_u	GenitivePlural_Zero	NominativePlural_a	SpecialPlual	SpecialVocative	NoContrast	NormalCapitalization	PO_Prefixoid	Rus_Prefixoid	VPOL_Prefixoid	NE_Prefixoid	Eval_Prefixoid	Intern_Prefixoid	Reduced_Prefixoid	InternHy_Prefixoid	Letter_Prefixoid	BEZ_Prefixoid	BES_Prefixoid	BEZer_Prefixoid	V_Prefixoid	InternModEr_Prefixoid	RusHy_Prefixoid	NAI_Prefixoid	POL_Prefixoid	NI_Prefixoid	KOE_Prefixoid	Intern_ReducedPrefixoid	InternMod_Prefixoid	Chem_Prefixoid	ProperNamePrefixoid	Chemical_Possible	ParticipleFullForm	ParticipleShortForm	Singular	FiveAndMore	Three	Four	Two	SevenEight	AdjectiveFullForm	AdjectiveShortForm	AdjectiveShortFlectional	NounProperGeneral	NounProperSurNameFlective	NounProperTown	NounProperName	AdjectiveProper	NounProperPatronymic	NounProperNameDimin	AbbrProperGeneral	NounProperSurNameForeign	NormalNumberParadigm	FullRealization
81	88	поиски	поиски	285372	285370	Inanimate	Reflexive	FullReflexivity	NonReflexive	ImperfectiveReflexivity	NormalMorphForm	DefectOne	DefectTwo	Byt	DefectThree	DefectFour	GTNoun	NotEllipted	VocalForm	NForm	NotControlled	ZeroTypeOfCoordination	NoCompositeness	DegreeComparative	DegreePositive	DegreeSuperlative	Adverb_Un_Hyphen	Adverb_With_Hyphen	DeclensionNominal	Un_Comp_Suf	BiAspectual	MonoAspectual	Paired	FullSynthComparison	NoSynthComparative	NoSynthSuperlative	OnlySuperlative	MOne	MTwo	MThree	NormalClassifyingCapitalization	Future	Past	Present	Noun	ZeroDoubleConjunct	NotCommonChild	Accusative	Nominative	RCDemonstrative	RCAttributive	RCPossessive	RCIndefinite	RCPersonal	RCInterrogative	RCNegative	RCReflexive	RCNoun	NoPlacement	Imperfective	Perfective	NotDefaultFiller	Masculine	NoLeftmostPlacement	Iterat	UnIterat	NoRightmostPlacement	NotLeftConjunct	PersonFirst	PersonSecond	PersonThird	PersonZero	Active	VoiceSya	Passive	VerbIntransitive	VerbIntransitiveSpecial	VerbTransitive	VerbTransitiveSpecial	NotRightConjunct	NoSpecialCaseForm	NoContrast	NormalCapitalization	PO_Prefixoid	Rus_Prefixoid	VPOL_Prefixoid	NE_Prefixoid	Eval_Prefixoid	Intern_Prefixoid	Reduced_Prefixoid	InternHy_Prefixoid	Letter_Prefixoid	BEZ_Prefixoid	BES_Prefixoid	BEZer_Prefixoid	V_Prefixoid	InternModEr_Prefixoid	RusHy_Prefixoid	NAI_Prefixoid	POL_Prefixoid	NI_Prefixoid	KOE_Prefixoid	Intern_ReducedPrefixoid	InternMod_Prefixoid	Chem_Prefixoid	ProperNamePrefixoid	Chemical_Possible	ParticipleFullForm	ParticipleShortForm	Plural	FiveAndMore	Three	Four	Two	SevenEight	AdjectiveFullForm	AdjectiveShortForm	AdjectiveShortFlectional	NounProperGeneral	NounProperSurNameFlective	NounProperTown	NounProperName	AdjectiveProper	NounProperPatronymic	NounProperNameDimin	AbbrProperGeneral	NounProperSurNameForeign	NormalNumberParadigm	FullRealization
81	95	новых	новых	285374	285373	Animate	Inanimate	Inanimate	Reflexive	FullReflexivity	NonReflexive	ImperfectiveReflexivity	Reflexive	FullReflexivity	NonReflexive	ImperfectiveReflexivity	NormalMorphForm	NormalMorphForm	DefectOne	DefectTwo	Byt	DefectThree	DefectFour	DefectOne	DefectTwo	Byt	DefectThree	DefectFour	GTAdjective	GTNoun	NotEllipted	NotEllipted	VocalForm	NForm	VocalForm	NForm	NotControlled	NotControlled	ZeroTypeOfCoordination	ZeroTypeOfCoordination	NoCompositeness	NoCompositeness	DegreePositive	DegreeComparative	DegreePositive	DegreeSuperlative	Adverb_Un_Hyphen	Adverb_With_Hyphen	Adverb_Un_Hyphen	Adverb_With_Hyphen	DeclensionAdjectival	DeclensionNominal	DeclensionMixed	Indeclinable	DeclensionAdjectival	Un_Comp_Suf	Un_Comp_Suf	BiAspectual	MonoAspectual	Paired	BiAspectual	MonoAspectual	Paired	FullSynthComparison	FullSynthComparison	NoSynthComparative	NoSynthSuperlative	OnlySuperlative	MOne	MTwo	MThree	MOne	MTwo	MThree	NormalClassifyingCapitalization	NormalClassifyingCapitalization	Future	Past	Present	Future	Past	Present	Adjective	Noun	ZeroDoubleConjunct	ZeroDoubleConjunct	NotCommonChild	NotCommonChild	Accusative	Genitive	Locative	Partitive	Prepositional	Genitive	Locative	Partitive	Prepositional	RCDemonstrative	RCAttributive	RCPossessive	RCIndefinite	RCPersonal	RCInterrogative	RCNegative	RCReflexive	RCNoun	RCDemonstrative	RCAttributive	RCPossessive	RCIndefinite	RCPersonal	RCInterrogative	RCNegative	RCReflexive	RCNoun	NoPlacement	NoPlacement	Imperfective	Perfective	Imperfective	Perfective	NotDefaultFiller	NotDefaultFiller	Feminine	Masculine	Neuter	Common	Feminine	NoLeftmostPlacement	NoLeftmostPlacement	Iterat	UnIterat	Iterat	UnIterat	NoRightmostPlacement	NoRightmostPlacement	NotLeftConjunct	NotLeftConjunct	PersonFirst	PersonSecond	PersonThird	PersonZero	PersonFirst	PersonSecond	PersonThird	PersonZero	Active	VoiceSya	Passive	Active	VoiceSya	Passive	VerbIntransitive	VerbIntransitiveSpecial	VerbTransitive	VerbTransitiveSpecial	VerbIntransitive	VerbIntransitiveSpecial	VerbTransitive	VerbTransitiveSpecial	NotRightConjunct	NotRightConjunct	NoSpecialCaseForm	Locative_u	Genitive_u	Plural_consonant	Genitive_Locative_u	GenitivePlural_Zero	NominativePlural_a	SpecialPlual	SpecialVocative	NoSpecialCaseForm	NoContrast	NoContrast	NormalCapitalization	NormalCapitalization	PO_Prefixoid	Rus_Prefixoid	VPOL_Prefixoid	NE_Prefixoid	Eval_Prefixoid	Intern_Prefixoid	Reduced_Prefixoid	InternHy_Prefixoid	Letter_Prefixoid	BEZ_Prefixoid	BES_Prefixoid	BEZer_Prefixoid	V_Prefixoid	InternModEr_Prefixoid	RusHy_Prefixoid	NAI_Prefixoid	POL_Prefixoid	NI_Prefixoid	KOE_Prefixoid	Intern_ReducedPrefixoid	InternMod_Prefixoid	Chem_Prefixoid	ProperNamePrefixoid	Chemical_Possible	PO_Prefixoid	Rus_Prefixoid	VPOL_Prefixoid	NE_Prefixoid	Eval_Prefixoid	Intern_Prefixoid	Reduced_Prefixoid	InternHy_Prefixoid	Letter_Prefixoid	BEZ_Prefixoid	BES_Prefixoid	BEZer_Prefixoid	V_Prefixoid	InternModEr_Prefixoid	RusHy_Prefixoid	NAI_Prefixoid	POL_Prefixoid	NI_Prefixoid	KOE_Prefixoid	Intern_ReducedPrefixoid	InternMod_Prefixoid	Chem_Prefixoid	ProperNamePrefixoid	Chemical_Possible	ParticipleFullForm	ParticipleShortForm	ParticipleFullForm	ParticipleShortForm	Plural	Plural	FiveAndMore	Three	Four	Two	SevenEight	FiveAndMore	Three	Four	Two	SevenEight	AdjectiveFullForm	AdjectiveFullForm	AdjectiveShortForm	AdjectiveShortFlectional	NounProperGeneral	NounProperSurNameFlective	NounProperTown	NounProperName	AdjectiveProper	NounProperPatronymic	NounProperNameDimin	AbbrProperGeneral	NounProperSurNameForeign	NounProperGeneral	NounProperSurNameFlective	NounProperTown	NounProperName	AdjectiveProper	NounProperPatronymic	NounProperNameDimin	AbbrProperGeneral	NounProperSurNameForeign	NormalNumberParadigm	NormalNumberParadigm	FullRealization	FullRealization
81	101	подходов	подходов	285373	285372	Inanimate	Reflexive	FullReflexivity	NonReflexive	ImperfectiveReflexivity	NormalMorphForm	DefectOne	DefectTwo	Byt	DefectThree	DefectFour	GTNoun	NotEllipted	VocalForm	NForm	NotControlled	ZeroTypeOfCoordination	NoCompositeness	DegreeComparative	DegreePositive	DegreeSuperlative	Adverb_Un_Hyphen	Adverb_With_Hyphen	DeclensionNominal	Un_Comp_Suf	BiAspectual	MonoAspectual	Paired	FullSynthComparison	NoSynthComparative	NoSynthSuperlative	OnlySuperlative	MOne	MTwo	MThree	NormalClassifyingCapitalization	Future	Past	Present	Noun	ZeroDoubleConjunct	NotCommonChild	Genitive	Partitive	RCDemonstrative	RCAttributive	RCPossessive	RCIndefinite	RCPersonal	RCInterrogative	RCNegative	RCReflexive	RCNoun	NoPlacement	Imperfective	Perfective	NotDefaultFiller	Masculine	NoLeftmostPlacement	Iterat	UnIterat	NoRightmostPlacement	NotLeftConjunct	PersonFirst	PersonSecond	PersonThird	PersonZero	Active	VoiceSya	Passive	VerbIntransitive	VerbIntransitiveSpecial	VerbTransitive	VerbTransitiveSpecial	NotRightConjunct	NoSpecialCaseForm	NoContrast	NormalCapitalization	PO_Prefixoid	Rus_Prefixoid	VPOL_Prefixoid	NE_Prefixoid	Eval_Prefixoid	Intern_Prefixoid	Reduced_Prefixoid	InternHy_Prefixoid	Letter_Prefixoid	BEZ_Prefixoid	BES_Prefixoid	BEZer_Prefixoid	V_Prefixoid	InternModEr_Prefixoid	RusHy_Prefixoid	NAI_Prefixoid	POL_Prefixoid	NI_Prefixoid	KOE_Prefixoid	Intern_ReducedPrefixoid	InternMod_Prefixoid	Chem_Prefixoid	ProperNamePrefixoid	Chemical_Possible	ParticipleFullForm	ParticipleShortForm	Plural	FiveAndMore	Three	Four	Two	SevenEight	AdjectiveFullForm	AdjectiveShortForm	AdjectiveShortFlectional	NounProperGeneral	NounProperSurNameFlective	NounProperTown	NounProperName	AdjectiveProper	NounProperPatronymic	NounProperNameDimin	AbbrProperGeneral	NounProperSurNameForeign	NormalNumberParadigm	FullRealization
81	110	к	к	285376	285375	Animate	Inanimate	Inanimate	Reflexive	FullReflexivity	NonReflexive	ImperfectiveReflexivity	Reflexive	FullReflexivity	NonReflexive	ImperfectiveReflexivity	NormalMorphForm	NormalMorphForm	DefectOne	DefectTwo	Byt	DefectThree	DefectFour	DefectOne	DefectTwo	Byt	DefectThree	DefectFour	GTInvariable	GTNoun	NotEllipted	NotEllipted	VocalForm	NForm	VocalForm	NForm	NotControlled	NotControlled	ZeroTypeOfCoordination	ZeroTypeOfCoordination	Composite_ski	Composite_iko	Composite_sko	NoCompositeness	Composite_o	Composite_e	Composite_usek	Composite_null	Composite_Numeral	Composite_cko	Composite_cki	Composite_ComplexNumeral	Composite_NumeralFull	Composite_NumeralShort	NoCompositeness	DegreeComparative	DegreePositive	DegreeSuperlative	DegreeComparative	DegreePositive	DegreeSuperlative	Adverb_Un_Hyphen	Adverb_With_Hyphen	Adverb_Un_Hyphen	Adverb_With_Hyphen	DeclensionAdjectival	DeclensionNominal	DeclensionMixed	Indeclinable	Indeclinable	Comp_Suffixoid	Un_Comp_Suf	Comp_Suffixoid_Num_OJ	Comp_Suffixoid_Num_YJ	Comp_Suffixoid_Num_IJ	Comp_Suffixoid_Num_J	Comp_PunctuatorPost	Comp_PunctuatorPref	Comp_PunctuatorPostSeparable	Comp_PunctuatorPrefSeparable	Comp_Prefixoid	Comp_Suffixoid_Num_PercentYJ	Comp_Noun	Comp_Suffixoid_Chem	Comp_Adj	Comp_SuffixoidAbbr	Comp_PunctuatorPrefSeparable	BiAspectual	MonoAspectual	Paired	BiAspectual	MonoAspectual	Paired	FullSynthComparison	NoSynthComparative	NoSynthSuperlative	OnlySuperlative	FullSynthComparison	NoSynthComparative	NoSynthSuperlative	OnlySuperlative	MOne	MTwo	MThree	MOne	MTwo	MThree	NormalClassifyingCapitalization	NormalClassifyingCapitalization	Future	Past	Present	Future	Past	Present	Preposition	Noun	ZeroDoubleConjunct	ZeroDoubleConjunct	NotCommonChild	NotCommonChild	Accusative	Dative	Genitive	Instrumental	Locative	Nominative	Partitive	Prepositional	DativeSpecial	ZeroCase	Vocative	Accusative	Dative	Genitive	Instrumental	Locative	Nominative	Partitive	Prepositional	RCDemonstrative	RCAttributive	RCPossessive	RCIndefinite	RCPersonal	RCInterrogative	RCNegative	RCReflexive	RCNoun	RCDemonstrative	RCAttributive	RCPossessive	RCIndefinite	RCPersonal	RCInterrogative	RCNegative	RCReflexive	RCNoun	NoPlacement	NoPlacement	Imperfective	Perfective	Imperfective	Perfective	NotDefaultFiller	NotDefaultFiller	Feminine	Masculine	Neuter	Common	Masculine	NoLeftmostPlacement	NoLeftmostPlacement	Iterat	UnIterat	Iterat	UnIterat	NoRightmostPlacement	NoRightmostPlacement	NotLeftConjunct	NotLeftConjunct	PersonFirst	PersonSecond	PersonThird	PersonZero	PersonFirst	PersonSecond	PersonThird	PersonZero	Active	VoiceSya	Passive	Active	VoiceSya	Passive	VerbIntransitive	VerbIntransitiveSpecial	VerbTransitive	VerbTransitiveSpecial	VerbIntransitive	VerbIntransitiveSpecial	VerbTransitive	VerbTransitiveSpecial	NotRightConjunct	NotRightConjunct	NoSpecialCaseForm	Locative_u	Genitive_u	Plural_consonant	Genitive_Locative_u	GenitivePlural_Zero	NominativePlural_a	SpecialPlual	SpecialVocative	NoSpecialCaseForm	Locative_u	Genitive_u	Plural_consonant	Genitive_Locative_u	GenitivePlural_Zero	NominativePlural_a	SpecialPlual	SpecialVocative	NoContrast	NoContrast	NormalCapitalization	NormalCapitalization	PO_Prefixoid	Rus_Prefixoid	VPOL_Prefixoid	NE_Prefixoid	Eval_Prefixoid	Intern_Prefixoid	Reduced_Prefixoid	InternHy_Prefixoid	Letter_Prefixoid	BEZ_Prefixoid	BES_Prefixoid	BEZer_Prefixoid	V_Prefixoid	InternModEr_Prefixoid	RusHy_Prefixoid	NAI_Prefixoid	POL_Prefixoid	NI_Prefixoid	KOE_Prefixoid	Intern_ReducedPrefixoid	InternMod_Prefixoid	Chem_Prefixoid	ProperNamePrefixoid	Chemical_Possible	PO_Prefixoid	Rus_Prefixoid	VPOL_Prefixoid	NE_Prefixoid	Eval_Prefixoid	Intern_Prefixoid	Reduced_Prefixoid	InternHy_Prefixoid	Letter_Prefixoid	BEZ_Prefixoid	BES_Prefixoid	BEZer_Prefixoid	V_Prefixoid	InternModEr_Prefixoid	RusHy_Prefixoid	NAI_Prefixoid	POL_Prefixoid	NI_Prefixoid	KOE_Prefixoid	Intern_ReducedPrefixoid	InternMod_Prefixoid	Chem_Prefixoid	ProperNamePrefixoid	Chemical_Possible	ParticipleFullForm	ParticipleShortForm	ParticipleFullForm	ParticipleShortForm	Plural	Singular	Singular	FiveAndMore	Three	Four	Two	SevenEight	FiveAndMore	Three	Four	Two	SevenEight	AdjectiveFullForm	AdjectiveShortForm	AdjectiveShortFlectional	AdjectiveFullForm	AdjectiveShortForm	AdjectiveShortFlectional	NounProperGeneral	NounProperSurNameFlective	NounProperTown	NounProperName	AdjectiveProper	NounProperPatronymic	NounProperNameDimin	AbbrProperGeneral	NounProperSurNameForeign	AbbrProperGeneral	NormalNumberParadigm	SingulariaTantum	FullRealization	FullRealization
81	112	лечению	лечению	285375	285373	Inanimate	Reflexive	FullReflexivity	NonReflexive	ImperfectiveReflexivity	NormalMorphForm	DefectOne	DefectTwo	Byt	DefectThree	DefectFour	GTNoun	NotEllipted	VocalForm	NForm	NotControlled	ZeroTypeOfCoordination	NoCompositeness	DegreeComparative	DegreePositive	DegreeSuperlative	Adverb_Un_Hyphen	Adverb_With_Hyphen	DeclensionNominal	Un_Comp_Suf	BiAspectual	MonoAspectual	Paired	FullSynthComparison	NoSynthComparative	NoSynthSuperlative	OnlySuperlative	MOne	MTwo	MThree	NormalClassifyingCapitalization	Future	Past	Present	Noun	ZeroDoubleConjunct	NotCommonChild	Dative	RCDemonstrative	RCAttributive	RCPossessive	RCIndefinite	RCPersonal	RCInterrogative	RCNegative	RCReflexive	RCNoun	NoPlacement	Imperfective	Perfective	NotDefaultFiller	Neuter	NoLeftmostPlacement	Iterat	UnIterat	NoRightmostPlacement	NotLeftConjunct	PersonFirst	PersonSecond	PersonThird	PersonZero	Active	VoiceSya	Passive	VerbIntransitive	VerbIntransitiveSpecial	VerbTransitive	VerbTransitiveSpecial	NotRightConjunct	NoSpecialCaseForm	NoContrast	NormalCapitalization	PO_Prefixoid	Rus_Prefixoid	VPOL_Prefixoid	NE_Prefixoid	Eval_Prefixoid	Intern_Prefixoid	Reduced_Prefixoid	InternHy_Prefixoid	Letter_Prefixoid	BEZ_Prefixoid	BES_Prefixoid	BEZer_Prefixoid	V_Prefixoid	InternModEr_Prefixoid	RusHy_Prefixoid	NAI_Prefixoid	POL_Prefixoid	NI_Prefixoid	KOE_Prefixoid	Intern_ReducedPrefixoid	InternMod_Prefixoid	Chem_Prefixoid	ProperNamePrefixoid	Chemical_Possible	ParticipleFullForm	ParticipleShortForm	Singular	FiveAndMore	Three	Four	Two	SevenEight	AdjectiveFullForm	AdjectiveShortForm	AdjectiveShortFlectional	NounProperGeneral	NounProperSurNameFlective	NounProperTown	NounProperName	AdjectiveProper	NounProperPatronymic	NounProperNameDimin	AbbrProperGeneral	NounProperSurNameForeign	NormalNumberParadigm	FullRealization
81	120	инсульта	инсульта	285377	285375	Inanimate	Reflexive	FullReflexivity	NonReflexive	ImperfectiveReflexivity	NormalMorphForm	DefectOne	DefectTwo	Byt	DefectThree	DefectFour	GTNoun	NotEllipted	VocalForm	NForm	NotControlled	ZeroTypeOfCoordination	NoCompositeness	DegreeComparative	DegreePositive	DegreeSuperlative	Adverb_Un_Hyphen	Adverb_With_Hyphen	DeclensionNominal	Un_Comp_Suf	BiAspectual	MonoAspectual	Paired	FullSynthComparison	NoSynthComparative	NoSynthSuperlative	OnlySuperlative	MOne	MTwo	MThree	NormalClassifyingCapitalization	Future	Past	Present	Noun	ZeroDoubleConjunct	NotCommonChild	Genitive	Partitive	RCDemonstrative	RCAttributive	RCPossessive	RCIndefinite	RCPersonal	RCInterrogative	RCNegative	RCReflexive	RCNoun	NoPlacement	Imperfective	Perfective	NotDefaultFiller	Masculine	NoLeftmostPlacement	Iterat	UnIterat	NoRightmostPlacement	NotLeftConjunct	PersonFirst	PersonSecond	PersonThird	PersonZero	Active	VoiceSya	Passive	VerbIntransitive	VerbIntransitiveSpecial	VerbTransitive	VerbTransitiveSpecial	NotRightConjunct	NoSpecialCaseForm	NoContrast	NormalCapitalization	PO_Prefixoid	Rus_Prefixoid	VPOL_Prefixoid	NE_Prefixoid	Eval_Prefixoid	Intern_Prefixoid	Reduced_Prefixoid	InternHy_Prefixoid	Letter_Prefixoid	BEZ_Prefixoid	BES_Prefixoid	BEZer_Prefixoid	V_Prefixoid	InternModEr_Prefixoid	RusHy_Prefixoid	NAI_Prefixoid	POL_Prefixoid	NI_Prefixoid	KOE_Prefixoid	Intern_ReducedPrefixoid	InternMod_Prefixoid	Chem_Prefixoid	ProperNamePrefixoid	Chemical_Possible	ParticipleFullForm	ParticipleShortForm	Singular	FiveAndMore	Three	Four	Two	SevenEight	AdjectiveFullForm	AdjectiveShortForm	AdjectiveShortFlectional	NounProperGeneral	NounProperSurNameFlective	NounProperTown	NounProperName	AdjectiveProper	NounProperPatronymic	NounProperNameDimin	AbbrProperGeneral	NounProperSurNameForeign	NormalNumberParadigm	FullRealization
81	129	и	и	285379	285378	Animate	Inanimate	Reflexive	FullReflexivity	NonReflexive	ImperfectiveReflexivity	NormalMorphForm	DefectOne	DefectTwo	Byt	DefectThree	DefectFour	GTInvariable	NotEllipted	VocalForm	NForm	NotControlled	ZeroTypeOfCoordination	Composite_ski	Composite_iko	Composite_sko	NoCompositeness	Composite_o	Composite_e	Composite_usek	Composite_null	Composite_Numeral	Composite_cko	Composite_cki	Composite_ComplexNumeral	Composite_NumeralFull	Composite_NumeralShort	DegreeComparative	DegreePositive	DegreeSuperlative	Adverb_Un_Hyphen	Adverb_With_Hyphen	DeclensionAdjectival	DeclensionNominal	DeclensionMixed	Indeclinable	Comp_Suffixoid	Un_Comp_Suf	Comp_Suffixoid_Num_OJ	Comp_Suffixoid_Num_YJ	Comp_Suffixoid_Num_IJ	Comp_Suffixoid_Num_J	Comp_PunctuatorPost	Comp_PunctuatorPref	Comp_PunctuatorPostSeparable	Comp_PunctuatorPrefSeparable	Comp_Prefixoid	Comp_Suffixoid_Num_PercentYJ	Comp_Noun	Comp_Suffixoid_Chem	Comp_Adj	Comp_SuffixoidAbbr	BiAspectual	MonoAspectual	Paired	FullSynthComparison	NoSynthComparative	NoSynthSuperlative	OnlySuperlative	MOne	MTwo	MThree	NormalClassifyingCapitalization	Future	Past	Present	Conjunction	Particle	ZeroDoubleConjunct	NotCommonChild	Accusative	Dative	Genitive	Instrumental	Locative	Nominative	Partitive	Prepositional	DativeSpecial	ZeroCase	Vocative	RCDemonstrative	RCAttributive	RCPossessive	RCIndefinite	RCPersonal	RCInterrogative	RCNegative	RCReflexive	RCNoun	NoPlacement	Imperfective	Perfective	NotDefaultFiller	Feminine	Masculine	Neuter	Common	NoLeftmostPlacement	Iterat	UnIterat	NoRightmostPlacement	NotLeftConjunct	PersonFirst	PersonSecond	PersonThird	PersonZero	Active	VoiceSya	Passive	VerbIntransitive	VerbIntransitiveSpecial	VerbTransitive	VerbTransitiveSpecial	NotRightConjunct	NoSpecialCaseForm	Locative_u	Genitive_u	Plural_consonant	Genitive_Locative_u	GenitivePlural_Zero	NominativePlural_a	SpecialPlual	SpecialVocative	NoContrast	NormalCapitalization	PO_Prefixoid	Rus_Prefixoid	VPOL_Prefixoid	NE_Prefixoid	Eval_Prefixoid	Intern_Prefixoid	Reduced_Prefixoid	InternHy_Prefixoid	Letter_Prefixoid	BEZ_Prefixoid	BES_Prefixoid	BEZer_Prefixoid	V_Prefixoid	InternModEr_Prefixoid	RusHy_Prefixoid	NAI_Prefixoid	POL_Prefixoid	NI_Prefixoid	KOE_Prefixoid	Intern_ReducedPrefixoid	InternMod_Prefixoid	Chem_Prefixoid	ProperNamePrefixoid	Chemical_Possible	ParticipleFullForm	ParticipleShortForm	Plural	Singular	FiveAndMore	Three	Four	Two	SevenEight	AdjectiveFullForm	AdjectiveShortForm	AdjectiveShortFlectional	NounProperGeneral	NounProperSurNameFlective	NounProperTown	NounProperName	AdjectiveProper	NounProperPatronymic	NounProperNameDimin	AbbrProperGeneral	NounProperSurNameForeign	NormalNumberParadigm	FullRealization
81	131	его	его	285380	285378	Animate	Inanimate	Animate	Inanimate	Reflexive	FullReflexivity	NonReflexive	ImperfectiveReflexivity	Reflexive	FullReflexivity	NonReflexive	ImperfectiveReflexivity	NormalMorphForm	NormalMorphForm	DefectOne	DefectTwo	Byt	DefectThree	DefectFour	DefectOne	DefectTwo	Byt	DefectThree	DefectFour	GTAdjectiveAttributive	GTNoun	NotEllipted	NotEllipted	VocalForm	NForm	VocalForm	NotControlled	NotControlled	ZeroTypeOfCoordination	ZeroTypeOfCoordination	Composite_ski	Composite_iko	Composite_sko	NoCompositeness	Composite_o	Composite_e	Composite_usek	Composite_null	Composite_Numeral	Composite_cko	Composite_cki	Composite_ComplexNumeral	Composite_NumeralFull	Composite_NumeralShort	Composite_ski	Composite_iko	Composite_sko	NoCompositeness	Composite_o	Composite_e	Composite_usek	Composite_null	Composite_Numeral	Composite_cko	Composite_cki	Composite_ComplexNumeral	Composite_NumeralFull	Composite_NumeralShort	DegreeComparative	DegreePositive	DegreeSuperlative	DegreeComparative	DegreePositive	DegreeSuperlative	Adverb_Un_Hyphen	Adverb_With_Hyphen	Adverb_Un_Hyphen	Adverb_With_Hyphen	DeclensionAdjectival	DeclensionNominal	DeclensionMixed	Indeclinable	DeclensionAdjectival	DeclensionNominal	DeclensionMixed	Indeclinable	Comp_Suffixoid	Un_Comp_Suf	Comp_Suffixoid_Num_OJ	Comp_Suffixoid_Num_YJ	Comp_Suffixoid_Num_IJ	Comp_Suffixoid_Num_J	Comp_PunctuatorPost	Comp_PunctuatorPref	Comp_PunctuatorPostSeparable	Comp_PunctuatorPrefSeparable	Comp_Prefixoid	Comp_Suffixoid_Num_PercentYJ	Comp_Noun	Comp_Suffixoid_Chem	Comp_Adj	Comp_SuffixoidAbbr	Comp_Suffixoid	Un_Comp_Suf	Comp_Suffixoid_Num_OJ	Comp_Suffixoid_Num_YJ	Comp_Suffixoid_Num_IJ	Comp_Suffixoid_Num_J	Comp_PunctuatorPost	Comp_PunctuatorPref	Comp_PunctuatorPostSeparable	Comp_PunctuatorPrefSeparable	Comp_Prefixoid	Comp_Suffixoid_Num_PercentYJ	Comp_Noun	Comp_Suffixoid_Chem	Comp_Adj	Comp_SuffixoidAbbr	BiAspectual	MonoAspectual	Paired	BiAspectual	MonoAspectual	Paired	FullSynthComparison	NoSynthComparative	NoSynthSuperlative	OnlySuperlative	FullSynthComparison	NoSynthComparative	NoSynthSuperlative	OnlySuperlative	MOne	MTwo	MThree	MOne	MTwo	MThree	NormalClassifyingCapitalization	NormalClassifyingCapitalization	Future	Past	Present	Future	Past	Present	Pronoun	Pronoun	ZeroDoubleConjunct	ZeroDoubleConjunct	NotCommonChild	NotCommonChild	Accusative	Dative	Genitive	Instrumental	Locative	Nominative	Partitive	Prepositional	Accusative	Genitive	RCPossessive	RCPersonal	NoPlacement	NoPlacement	Imperfective	Perfective	Imperfective	Perfective	NotDefaultFiller	NotDefaultFiller	Feminine	Masculine	Neuter	Common	Masculine	Neuter	NoLeftmostPlacement	NoLeftmostPlacement	Iterat	UnIterat	Iterat	UnIterat	NoRightmostPlacement	NoRightmostPlacement	NotLeftConjunct	NotLeftConjunct	PersonThird	PersonThird	Active	VoiceSya	Passive	Active	VoiceSya	Passive	VerbIntransitive	VerbIntransitiveSpecial	VerbTransitive	VerbTransitiveSpecial	VerbIntransitive	VerbIntransitiveSpecial	VerbTransitive	VerbTransitiveSpecial	NotRightConjunct	NotRightConjunct	NoSpecialCaseForm	Locative_u	Genitive_u	Plural_consonant	Genitive_Locative_u	GenitivePlural_Zero	NominativePlural_a	SpecialPlual	SpecialVocative	NoSpecialCaseForm	Locative_u	Genitive_u	Plural_consonant	Genitive_Locative_u	GenitivePlural_Zero	NominativePlural_a	SpecialPlual	SpecialVocative	NoContrast	NoContrast	NormalCapitalization	NormalCapitalization	PO_Prefixoid	Rus_Prefixoid	VPOL_Prefixoid	NE_Prefixoid	Eval_Prefixoid	Intern_Prefixoid	Reduced_Prefixoid	InternHy_Prefixoid	Letter_Prefixoid	BEZ_Prefixoid	BES_Prefixoid	BEZer_Prefixoid	V_Prefixoid	InternModEr_Prefixoid	RusHy_Prefixoid	NAI_Prefixoid	POL_Prefixoid	NI_Prefixoid	KOE_Prefixoid	Intern_ReducedPrefixoid	InternMod_Prefixoid	Chem_Prefixoid	ProperNamePrefixoid	Chemical_Possible	PO_Prefixoid	Rus_Prefixoid	VPOL_Prefixoid	NE_Prefixoid	Eval_Prefixoid	Intern_Prefixoid	Reduced_Prefixoid	InternHy_Prefixoid	Letter_Prefixoid	BEZ_Prefixoid	BES_Prefixoid	BEZer_Prefixoid	V_Prefixoid	InternModEr_Prefixoid	RusHy_Prefixoid	NAI_Prefixoid	POL_Prefixoid	NI_Prefixoid	KOE_Prefixoid	Intern_ReducedPrefixoid	InternMod_Prefixoid	Chem_Prefixoid	ProperNamePrefixoid	Chemical_Possible	ParticipleFullForm	ParticipleShortForm	ParticipleFullForm	ParticipleShortForm	Plural	Singular	Singular	FiveAndMore	Three	Four	Two	SevenEight	FiveAndMore	Three	Four	Two	SevenEight	AdjectiveFullForm	AdjectiveFullForm	AdjectiveShortForm	AdjectiveShortFlectional	NounProperGeneral	NounProperSurNameFlective	NounProperTown	NounProperName	AdjectiveProper	NounProperPatronymic	NounProperNameDimin	AbbrProperGeneral	NounProperSurNameForeign	NounProperGeneral	NounProperSurNameFlective	NounProperTown	NounProperName	AdjectiveProper	NounProperPatronymic	NounProperNameDimin	AbbrProperGeneral	NounProperSurNameForeign	NormalNumberParadigm	NormalNumberParadigm	FullRealization	FullRealization
81	135	последствий	последствий	285378	285375	Inanimate	Reflexive	FullReflexivity	NonReflexive	ImperfectiveReflexivity	NormalMorphForm	DefectOne	DefectTwo	Byt	DefectThree	DefectFour	GTNoun	NotEllipted	VocalForm	NForm	NotControlled	ZeroTypeOfCoordination	NoCompositeness	DegreeComparative	DegreePositive	DegreeSuperlative	Adverb_Un_Hyphen	Adverb_With_Hyphen	DeclensionNominal	Un_Comp_Suf	BiAspectual	MonoAspectual	Paired	FullSynthComparison	NoSynthComparative	NoSynthSuperlative	OnlySuperlative	MOne	MTwo	MThree	NormalClassifyingCapitalization	Future	Past	Present	Noun	ZeroDoubleConjunct	NotCommonChild	Genitive	Partitive	RCDemonstrative	RCAttributive	RCPossessive	RCIndefinite	RCPersonal	RCInterrogative	RCNegative	RCReflexive	RCNoun	NoPlacement	Imperfective	Perfective	NotDefaultFiller	Neuter	NoLeftmostPlacement	Iterat	UnIterat	NoRightmostPlacement	NotLeftConjunct	PersonFirst	PersonSecond	PersonThird	PersonZero	Active	VoiceSya	Passive	VerbIntransitive	VerbIntransitiveSpecial	VerbTransitive	VerbTransitiveSpecial	NotRightConjunct	NoSpecialCaseForm	NoContrast	NormalCapitalization	PO_Prefixoid	Rus_Prefixoid	VPOL_Prefixoid	NE_Prefixoid	Eval_Prefixoid	Intern_Prefixoid	Reduced_Prefixoid	InternHy_Prefixoid	Letter_Prefixoid	BEZ_Prefixoid	BES_Prefixoid	BEZer_Prefixoid	V_Prefixoid	InternModEr_Prefixoid	RusHy_Prefixoid	NAI_Prefixoid	POL_Prefixoid	NI_Prefixoid	KOE_Prefixoid	Intern_ReducedPrefixoid	InternMod_Prefixoid	Chem_Prefixoid	ProperNamePrefixoid	Chemical_Possible	ParticipleFullForm	ParticipleShortForm	Plural	FiveAndMore	Three	Four	Two	SevenEight	AdjectiveFullForm	AdjectiveShortForm	AdjectiveShortFlectional	NounProperGeneral	NounProperSurNameFlective	NounProperTown	NounProperName	AdjectiveProper	NounProperPatronymic	NounProperNameDimin	AbbrProperGeneral	NounProperSurNameForeign	NormalNumberParadigm	FullRealization
85	0	Минздравсоцразвития	Минздравсоцразвития	285387	285386	Inanimate	Reflexive	FullReflexivity	NonReflexive	ImperfectiveReflexivity	NormalMorphForm	DefectOne	DefectTwo	Byt	DefectThree	DefectFour	GTNoun	NotEllipted	VocalForm	NForm	NotControlled	ZeroTypeOfCoordination	NoCompositeness	DegreeComparative	DegreePositive	DegreeSuperlative	Adverb_Un_Hyphen	Adverb_With_Hyphen	Indeclinable	Un_Comp_Suf	BiAspectual	MonoAspectual	Paired	FullSynthComparison	NoSynthComparative	NoSynthSuperlative	OnlySuperlative	MOne	MTwo	MThree	NormalClassifyingCapitalization	Future	Past	Present	Noun	ZeroDoubleConjunct	NotCommonChild	Accusative	Dative	Genitive	Instrumental	Locative	Nominative	Partitive	Prepositional	RCDemonstrative	RCAttributive	RCPossessive	RCIndefinite	RCPersonal	RCInterrogative	RCNegative	RCReflexive	RCNoun	NoPlacement	Imperfective	Perfective	NotDefaultFiller	Neuter	NoLeftmostPlacement	Iterat	UnIterat	NoRightmostPlacement	NotLeftConjunct	PersonFirst	PersonSecond	PersonThird	PersonZero	Active	VoiceSya	Passive	VerbIntransitive	VerbIntransitiveSpecial	VerbTransitive	VerbTransitiveSpecial	NotRightConjunct	NoSpecialCaseForm	Locative_u	Genitive_u	Plural_consonant	Genitive_Locative_u	GenitivePlural_Zero	NominativePlural_a	SpecialPlual	SpecialVocative	NoContrast	NormalCapitalization	PO_Prefixoid	Rus_Prefixoid	VPOL_Prefixoid	NE_Prefixoid	Eval_Prefixoid	Intern_Prefixoid	Reduced_Prefixoid	InternHy_Prefixoid	Letter_Prefixoid	BEZ_Prefixoid	BES_Prefixoid	BEZer_Prefixoid	V_Prefixoid	InternModEr_Prefixoid	RusHy_Prefixoid	NAI_Prefixoid	POL_Prefixoid	NI_Prefixoid	KOE_Prefixoid	Intern_ReducedPrefixoid	InternMod_Prefixoid	Chem_Prefixoid	ProperNamePrefixoid	Chemical_Possible	ParticipleFullForm	ParticipleShortForm	Singular	FiveAndMore	Three	Four	Two	SevenEight	AdjectiveFullForm	AdjectiveShortForm	AdjectiveShortFlectional	NounProperGeneral	NounProperSurNameFlective	NounProperTown	NounProperName	AdjectiveProper	NounProperPatronymic	NounProperNameDimin	AbbrProperGeneral	NounProperSurNameForeign	SingulariaTantum	FullRealization
85	20	было	было	285388	285386	Animate	Inanimate	Animate	Inanimate	NonReflexive	Reflexive	FullReflexivity	NonReflexive	ImperfectiveReflexivity	NormalMorphForm	NormalMorphForm	Byt	DefectOne	DefectTwo	Byt	DefectThree	DefectFour	GTVerb	GTInvariable	NotEllipted	NotEllipted	VocalForm	NForm	VocalForm	NForm	NotControlled	NotControlled	ZeroTypeOfCoordination	ZeroTypeOfCoordination	Composite_ski	Composite_iko	Composite_sko	NoCompositeness	Composite_o	Composite_e	Composite_usek	Composite_null	Composite_Numeral	Composite_cko	Composite_cki	Composite_ComplexNumeral	Composite_NumeralFull	Composite_NumeralShort	Composite_ski	Composite_iko	Composite_sko	NoCompositeness	Composite_o	Composite_e	Composite_usek	Composite_null	Composite_Numeral	Composite_cko	Composite_cki	Composite_ComplexNumeral	Composite_NumeralFull	Composite_NumeralShort	DegreeComparative	DegreePositive	DegreeSuperlative	DegreeComparative	DegreePositive	DegreeSuperlative	Adverb_Un_Hyphen	Adverb_With_Hyphen	Adverb_Un_Hyphen	Adverb_With_Hyphen	DeclensionAdjectival	DeclensionNominal	DeclensionMixed	Indeclinable	DeclensionAdjectival	DeclensionNominal	DeclensionMixed	Indeclinable	Comp_Suffixoid	Un_Comp_Suf	Comp_Suffixoid_Num_OJ	Comp_Suffixoid_Num_YJ	Comp_Suffixoid_Num_IJ	Comp_Suffixoid_Num_J	Comp_PunctuatorPost	Comp_PunctuatorPref	Comp_PunctuatorPostSeparable	Comp_PunctuatorPrefSeparable	Comp_Prefixoid	Comp_Suffixoid_Num_PercentYJ	Comp_Noun	Comp_Suffixoid_Chem	Comp_Adj	Comp_SuffixoidAbbr	Comp_Suffixoid	Un_Comp_Suf	Comp_Suffixoid_Num_OJ	Comp_Suffixoid_Num_YJ	Comp_Suffixoid_Num_IJ	Comp_Suffixoid_Num_J	Comp_PunctuatorPost	Comp_PunctuatorPref	Comp_PunctuatorPostSeparable	Comp_PunctuatorPrefSeparable	Comp_Prefixoid	Comp_Suffixoid_Num_PercentYJ	Comp_Noun	Comp_Suffixoid_Chem	Comp_Adj	Comp_SuffixoidAbbr	MonoAspectual	BiAspectual	MonoAspectual	Paired	FullSynthComparison	NoSynthComparative	NoSynthSuperlative	OnlySuperlative	FullSynthComparison	NoSynthComparative	NoSynthSuperlative	OnlySuperlative	MOne	MTwo	MThree	MOne	MTwo	MThree	NormalClassifyingCapitalization	NormalClassifyingCapitalization	Past	Future	Past	Present	Verb	Particle	ZeroDoubleConjunct	ZeroDoubleConjunct	NotCommonChild	NotCommonChild	Accusative	Dative	Genitive	Instrumental	Locative	Nominative	Partitive	Prepositional	DativeSpecial	ZeroCase	Vocative	Accusative	Dative	Genitive	Instrumental	Locative	Nominative	Partitive	Prepositional	DativeSpecial	ZeroCase	Vocative	RCDemonstrative	RCAttributive	RCPossessive	RCIndefinite	RCPersonal	RCInterrogative	RCNegative	RCReflexive	RCNoun	RCDemonstrative	RCAttributive	RCPossessive	RCIndefinite	RCPersonal	RCInterrogative	RCNegative	RCReflexive	RCNoun	NoPlacement	NoPlacement	Imperfective	Imperfective	Perfective	NotDefaultFiller	NotDefaultFiller	Neuter	Feminine	Masculine	Neuter	Common	NoLeftmostPlacement	NoLeftmostPlacement	UnIterat	Iterat	UnIterat	NoRightmostPlacement	NoRightmostPlacement	NotLeftConjunct	NotLeftConjunct	PersonFirst	PersonSecond	PersonThird	PersonZero	PersonFirst	PersonSecond	PersonThird	PersonZero	Active	Active	VoiceSya	Passive	VerbIntransitive	VerbIntransitive	VerbIntransitiveSpecial	VerbTransitive	VerbTransitiveSpecial	NotRightConjunct	NotRightConjunct	NoSpecialCaseForm	Locative_u	Genitive_u	Plural_consonant	Genitive_Locative_u	GenitivePlural_Zero	NominativePlural_a	SpecialPlual	SpecialVocative	NoSpecialCaseForm	Locative_u	Genitive_u	Plural_consonant	Genitive_Locative_u	GenitivePlural_Zero	NominativePlural_a	SpecialPlual	SpecialVocative	NoContrast	NoContrast	NormalCapitalization	NormalCapitalization	PO_Prefixoid	Rus_Prefixoid	VPOL_Prefixoid	NE_Prefixoid	Eval_Prefixoid	Intern_Prefixoid	Reduced_Prefixoid	InternHy_Prefixoid	Letter_Prefixoid	BEZ_Prefixoid	BES_Prefixoid	BEZer_Prefixoid	V_Prefixoid	InternModEr_Prefixoid	RusHy_Prefixoid	NAI_Prefixoid	POL_Prefixoid	NI_Prefixoid	KOE_Prefixoid	Intern_ReducedPrefixoid	InternMod_Prefixoid	Chem_Prefixoid	ProperNamePrefixoid	Chemical_Possible	PO_Prefixoid	Rus_Prefixoid	VPOL_Prefixoid	NE_Prefixoid	Eval_Prefixoid	Intern_Prefixoid	Reduced_Prefixoid	InternHy_Prefixoid	Letter_Prefixoid	BEZ_Prefixoid	BES_Prefixoid	BEZer_Prefixoid	V_Prefixoid	InternModEr_Prefixoid	RusHy_Prefixoid	NAI_Prefixoid	POL_Prefixoid	NI_Prefixoid	KOE_Prefixoid	Intern_ReducedPrefixoid	InternMod_Prefixoid	Chem_Prefixoid	ProperNamePrefixoid	Chemical_Possible	ParticipleFullForm	ParticipleShortForm	ParticipleFullForm	ParticipleShortForm	Singular	Plural	Singular	FiveAndMore	Three	Four	Two	SevenEight	FiveAndMore	Three	Four	Two	SevenEight	AdjectiveFullForm	AdjectiveShortForm	AdjectiveShortFlectional	AdjectiveFullForm	AdjectiveShortForm	AdjectiveShortFlectional	NounProperGeneral	NounProperSurNameFlective	NounProperTown	NounProperName	AdjectiveProper	NounProperPatronymic	NounProperNameDimin	AbbrProperGeneral	NounProperSurNameForeign	NounProperGeneral	NounProperSurNameFlective	NounProperTown	NounProperName	AdjectiveProper	NounProperPatronymic	NounProperNameDimin	AbbrProperGeneral	NounProperSurNameForeign	NormalNumberParadigm	NormalNumberParadigm	FullRealization	FullRealization
85	25	разделено	разделено	285386	-1	Animate	Inanimate	FullReflexivity	NormalMorphForm	DefectOne	DefectTwo	Byt	DefectThree	DefectFour	GTParticiple	NotEllipted	VocalForm	NForm	NotControlled	ZeroTypeOfCoordination	Composite_ski	Composite_iko	Composite_sko	NoCompositeness	Composite_o	Composite_e	Composite_usek	Composite_null	Composite_Numeral	Composite_cko	Composite_cki	Composite_ComplexNumeral	Composite_NumeralFull	Composite_NumeralShort	DegreeComparative	DegreePositive	DegreeSuperlative	Adverb_Un_Hyphen	Adverb_With_Hyphen	DeclensionAdjectival	DeclensionNominal	DeclensionMixed	Indeclinable	Comp_Suffixoid	Un_Comp_Suf	Comp_Suffixoid_Num_OJ	Comp_Suffixoid_Num_YJ	Comp_Suffixoid_Num_IJ	Comp_Suffixoid_Num_J	Comp_PunctuatorPost	Comp_PunctuatorPref	Comp_PunctuatorPostSeparable	Comp_PunctuatorPrefSeparable	Comp_Prefixoid	Comp_Suffixoid_Num_PercentYJ	Comp_Noun	Comp_Suffixoid_Chem	Comp_Adj	Comp_SuffixoidAbbr	Paired	FullSynthComparison	NoSynthComparative	NoSynthSuperlative	OnlySuperlative	MOne	MTwo	MThree	NormalClassifyingCapitalization	Past	Verb	ZeroDoubleConjunct	NotCommonChild	Accusative	Dative	Genitive	Instrumental	Locative	Nominative	Partitive	Prepositional	DativeSpecial	ZeroCase	Vocative	RCDemonstrative	RCAttributive	RCPossessive	RCIndefinite	RCPersonal	RCInterrogative	RCNegative	RCReflexive	RCNoun	NoPlacement	Perfective	NotDefaultFiller	Neuter	NoLeftmostPlacement	UnIterat	NoRightmostPlacement	NotLeftConjunct	PersonFirst	PersonSecond	PersonThird	PersonZero	Passive	VerbTransitive	NotRightConjunct	NoSpecialCaseForm	Locative_u	Genitive_u	Plural_consonant	Genitive_Locative_u	GenitivePlural_Zero	NominativePlural_a	SpecialPlual	SpecialVocative	NoContrast	NormalCapitalization	PO_Prefixoid	Rus_Prefixoid	VPOL_Prefixoid	NE_Prefixoid	Eval_Prefixoid	Intern_Prefixoid	Reduced_Prefixoid	InternHy_Prefixoid	Letter_Prefixoid	BEZ_Prefixoid	BES_Prefixoid	BEZer_Prefixoid	V_Prefixoid	InternModEr_Prefixoid	RusHy_Prefixoid	NAI_Prefixoid	POL_Prefixoid	NI_Prefixoid	KOE_Prefixoid	Intern_ReducedPrefixoid	InternMod_Prefixoid	Chem_Prefixoid	ProperNamePrefixoid	Chemical_Possible	ParticipleShortForm	Singular	FiveAndMore	Three	Four	Two	SevenEight	AdjectiveFullForm	AdjectiveShortForm	AdjectiveShortFlectional	NounProperGeneral	NounProperSurNameFlective	NounProperTown	NounProperName	AdjectiveProper	NounProperPatronymic	NounProperNameDimin	AbbrProperGeneral	NounProperSurNameForeign	NormalNumberParadigm	FullRealization
85	35	на	на	285390	285389	Animate	Inanimate	Reflexive	FullReflexivity	NonReflexive	ImperfectiveReflexivity	NormalMorphForm	DefectOne	DefectTwo	Byt	DefectThree	DefectFour	GTInvariable	NotEllipted	VocalForm	NForm	NotControlled	ZeroTypeOfCoordination	Composite_ski	Composite_iko	Composite_sko	NoCompositeness	Composite_o	Composite_e	Composite_usek	Composite_null	Composite_Numeral	Composite_cko	Composite_cki	Composite_ComplexNumeral	Composite_NumeralFull	Composite_NumeralShort	DegreeComparative	DegreePositive	DegreeSuperlative	Adverb_Un_Hyphen	Adverb_With_Hyphen	DeclensionAdjectival	DeclensionNominal	DeclensionMixed	Indeclinable	Comp_Suffixoid	Un_Comp_Suf	Comp_Suffixoid_Num_OJ	Comp_Suffixoid_Num_YJ	Comp_Suffixoid_Num_IJ	Comp_Suffixoid_Num_J	Comp_PunctuatorPost	Comp_PunctuatorPref	Comp_PunctuatorPostSeparable	Comp_PunctuatorPrefSeparable	Comp_Prefixoid	Comp_Suffixoid_Num_PercentYJ	Comp_Noun	Comp_Suffixoid_Chem	Comp_Adj	Comp_SuffixoidAbbr	BiAspectual	MonoAspectual	Paired	FullSynthComparison	NoSynthComparative	NoSynthSuperlative	OnlySuperlative	MOne	MTwo	MThree	NormalClassifyingCapitalization	Future	Past	Present	Preposition	ZeroDoubleConjunct	NotCommonChild	Accusative	Dative	Genitive	Instrumental	Locative	Nominative	Partitive	Prepositional	DativeSpecial	ZeroCase	Vocative	RCDemonstrative	RCAttributive	RCPossessive	RCIndefinite	RCPersonal	RCInterrogative	RCNegative	RCReflexive	RCNoun	NoPlacement	Imperfective	Perfective	NotDefaultFiller	Feminine	Masculine	Neuter	Common	NoLeftmostPlacement	Iterat	UnIterat	NoRightmostPlacement	NotLeftConjunct	PersonFirst	PersonSecond	PersonThird	PersonZero	Active	VoiceSya	Passive	VerbIntransitive	VerbIntransitiveSpecial	VerbTransitive	VerbTransitiveSpecial	NotRightConjunct	NoSpecialCaseForm	Locative_u	Genitive_u	Plural_consonant	Genitive_Locative_u	GenitivePlural_Zero	NominativePlural_a	SpecialPlual	SpecialVocative	NoContrast	NormalCapitalization	PO_Prefixoid	Rus_Prefixoid	VPOL_Prefixoid	NE_Prefixoid	Eval_Prefixoid	Intern_Prefixoid	Reduced_Prefixoid	InternHy_Prefixoid	Letter_Prefixoid	BEZ_Prefixoid	BES_Prefixoid	BEZer_Prefixoid	V_Prefixoid	InternModEr_Prefixoid	RusHy_Prefixoid	NAI_Prefixoid	POL_Prefixoid	NI_Prefixoid	KOE_Prefixoid	Intern_ReducedPrefixoid	InternMod_Prefixoid	Chem_Prefixoid	ProperNamePrefixoid	Chemical_Possible	ParticipleFullForm	ParticipleShortForm	Plural	Singular	FiveAndMore	Three	Four	Two	SevenEight	AdjectiveFullForm	AdjectiveShortForm	AdjectiveShortFlectional	NounProperGeneral	NounProperSurNameFlective	NounProperTown	NounProperName	AdjectiveProper	NounProperPatronymic	NounProperNameDimin	AbbrProperGeneral	NounProperSurNameForeign	NormalNumberParadigm	FullRealization
85	38	два	два	285391	285389	Animate	Inanimate	Reflexive	FullReflexivity	NonReflexive	ImperfectiveReflexivity	NormalMorphForm	DefectOne	DefectTwo	Byt	DefectThree	DefectFour	GTNumeral	NotEllipted	VocalForm	NForm	NotControlled	ZeroTypeOfCoordination	Composite_ski	Composite_iko	Composite_sko	NoCompositeness	Composite_o	Composite_e	Composite_usek	Composite_null	Composite_Numeral	Composite_cko	Composite_cki	Composite_ComplexNumeral	Composite_NumeralFull	Composite_NumeralShort	DegreeComparative	DegreePositive	DegreeSuperlative	Adverb_Un_Hyphen	Adverb_With_Hyphen	DeclensionAdjectival	DeclensionNominal	DeclensionMixed	Indeclinable	Un_Comp_Suf	BiAspectual	MonoAspectual	Paired	FullSynthComparison	NoSynthComparative	NoSynthSuperlative	OnlySuperlative	MOne	MTwo	MThree	NormalClassifyingCapitalization	Future	Past	Present	Numeral	ZeroDoubleConjunct	NotCommonChild	Accusative	Nominative	RCDemonstrative	RCAttributive	RCPossessive	RCIndefinite	RCPersonal	RCInterrogative	RCNegative	RCReflexive	RCNoun	NoPlacement	Imperfective	Perfective	NotDefaultFiller	Masculine	Neuter	NoLeftmostPlacement	Iterat	UnIterat	NoRightmostPlacement	NotLeftConjunct	PersonFirst	PersonSecond	PersonThird	PersonZero	Active	VoiceSya	Passive	VerbIntransitive	VerbIntransitiveSpecial	VerbTransitive	VerbTransitiveSpecial	NotRightConjunct	NoSpecialCaseForm	Locative_u	Genitive_u	Plural_consonant	Genitive_Locative_u	GenitivePlural_Zero	NominativePlural_a	SpecialPlual	SpecialVocative	NoContrast	NormalCapitalization	PO_Prefixoid	Rus_Prefixoid	VPOL_Prefixoid	NE_Prefixoid	Eval_Prefixoid	Intern_Prefixoid	Reduced_Prefixoid	InternHy_Prefixoid	Letter_Prefixoid	BEZ_Prefixoid	BES_Prefixoid	BEZer_Prefixoid	V_Prefixoid	InternModEr_Prefixoid	RusHy_Prefixoid	NAI_Prefixoid	POL_Prefixoid	NI_Prefixoid	KOE_Prefixoid	Intern_ReducedPrefixoid	InternMod_Prefixoid	Chem_Prefixoid	ProperNamePrefixoid	Chemical_Possible	ParticipleFullForm	ParticipleShortForm	Singular	FiveAndMore	Three	Four	Two	SevenEight	AdjectiveFullForm	AdjectiveShortForm	AdjectiveShortFlectional	NounProperGeneral	NounProperSurNameFlective	NounProperTown	NounProperName	AdjectiveProper	NounProperPatronymic	NounProperNameDimin	AbbrProperGeneral	NounProperSurNameForeign	NormalNumberParadigm	FullRealization
85	42	ведомства	ведомства	285389	285386	Inanimate	Reflexive	FullReflexivity	NonReflexive	ImperfectiveReflexivity	NormalMorphForm	DefectOne	DefectTwo	Byt	DefectThree	DefectFour	GTNoun	NotEllipted	VocalForm	NForm	NotControlled	ZeroTypeOfCoordination	NoCompositeness	DegreeComparative	DegreePositive	DegreeSuperlative	Adverb_Un_Hyphen	Adverb_With_Hyphen	DeclensionNominal	Un_Comp_Suf	BiAspectual	MonoAspectual	Paired	FullSynthComparison	NoSynthComparative	NoSynthSuperlative	OnlySuperlative	MOne	MTwo	MThree	NormalClassifyingCapitalization	Future	Past	Present	Noun	ZeroDoubleConjunct	NotCommonChild	Accusative	Genitive	Nominative	Partitive	RCDemonstrative	RCAttributive	RCPossessive	RCIndefinite	RCPersonal	RCInterrogative	RCNegative	RCReflexive	RCNoun	NoPlacement	Imperfective	Perfective	NotDefaultFiller	Neuter	NoLeftmostPlacement	Iterat	UnIterat	NoRightmostPlacement	NotLeftConjunct	PersonFirst	PersonSecond	PersonThird	PersonZero	Active	VoiceSya	Passive	VerbIntransitive	VerbIntransitiveSpecial	VerbTransitive	VerbTransitiveSpecial	NotRightConjunct	NominativePlural_a	NoContrast	NormalCapitalization	PO_Prefixoid	Rus_Prefixoid	VPOL_Prefixoid	NE_Prefixoid	Eval_Prefixoid	Intern_Prefixoid	Reduced_Prefixoid	InternHy_Prefixoid	Letter_Prefixoid	BEZ_Prefixoid	BES_Prefixoid	BEZer_Prefixoid	V_Prefixoid	InternModEr_Prefixoid	RusHy_Prefixoid	NAI_Prefixoid	POL_Prefixoid	NI_Prefixoid	KOE_Prefixoid	Intern_ReducedPrefixoid	InternMod_Prefixoid	Chem_Prefixoid	ProperNamePrefixoid	Chemical_Possible	ParticipleFullForm	ParticipleShortForm	Plural	Singular	FiveAndMore	Three	Four	Two	SevenEight	AdjectiveFullForm	AdjectiveShortForm	AdjectiveShortFlectional	NounProperGeneral	NounProperSurNameFlective	NounProperTown	NounProperName	AdjectiveProper	NounProperPatronymic	NounProperNameDimin	AbbrProperGeneral	NounProperSurNameForeign	NormalNumberParadigm	FullRealization
85	53	пост	пост	285393	285392	Animate	Inanimate	Inanimate	Reflexive	FullReflexivity	NonReflexive	ImperfectiveReflexivity	Reflexive	FullReflexivity	NonReflexive	ImperfectiveReflexivity	NormalMorphForm	NormalMorphForm	DefectOne	DefectTwo	Byt	DefectThree	DefectFour	DefectOne	DefectTwo	Byt	DefectThree	DefectFour	GTInvariable	GTNoun	NotEllipted	NotEllipted	VocalForm	NForm	VocalForm	NForm	NotControlled	NotControlled	ZeroTypeOfCoordination	ZeroTypeOfCoordination	Composite_ski	Composite_iko	Composite_sko	NoCompositeness	Composite_o	Composite_e	Composite_usek	Composite_null	Composite_Numeral	Composite_cko	Composite_cki	Composite_ComplexNumeral	Composite_NumeralFull	Composite_NumeralShort	NoCompositeness	DegreeComparative	DegreePositive	DegreeSuperlative	DegreeComparative	DegreePositive	DegreeSuperlative	Adverb_Un_Hyphen	Adverb_With_Hyphen	Adverb_Un_Hyphen	Adverb_With_Hyphen	DeclensionAdjectival	DeclensionNominal	DeclensionMixed	Indeclinable	DeclensionNominal	Un_Comp_Suf	Un_Comp_Suf	BiAspectual	MonoAspectual	Paired	BiAspectual	MonoAspectual	Paired	FullSynthComparison	NoSynthComparative	NoSynthSuperlative	OnlySuperlative	FullSynthComparison	NoSynthComparative	NoSynthSuperlative	OnlySuperlative	MOne	MTwo	MThree	MOne	MTwo	MThree	NormalClassifyingCapitalization	NormalClassifyingCapitalization	Future	Past	Present	Future	Past	Present	Prefixoid	Noun	ZeroDoubleConjunct	ZeroDoubleConjunct	NotCommonChild	NotCommonChild	Accusative	Dative	Genitive	Instrumental	Locative	Nominative	Partitive	Prepositional	DativeSpecial	ZeroCase	Vocative	Accusative	Nominative	RCDemonstrative	RCAttributive	RCPossessive	RCIndefinite	RCPersonal	RCInterrogative	RCNegative	RCReflexive	RCNoun	RCDemonstrative	RCAttributive	RCPossessive	RCIndefinite	RCPersonal	RCInterrogative	RCNegative	RCReflexive	RCNoun	NoPlacement	NoPlacement	Imperfective	Perfective	Imperfective	Perfective	NotDefaultFiller	NotDefaultFiller	Feminine	Masculine	Neuter	Common	Masculine	NoLeftmostPlacement	NoLeftmostPlacement	Iterat	UnIterat	Iterat	UnIterat	NoRightmostPlacement	NoRightmostPlacement	NotLeftConjunct	NotLeftConjunct	PersonFirst	PersonSecond	PersonThird	PersonZero	PersonFirst	PersonSecond	PersonThird	PersonZero	Active	VoiceSya	Passive	Active	VoiceSya	Passive	VerbIntransitive	VerbIntransitiveSpecial	VerbTransitive	VerbTransitiveSpecial	VerbIntransitive	VerbIntransitiveSpecial	VerbTransitive	VerbTransitiveSpecial	NotRightConjunct	NotRightConjunct	NoSpecialCaseForm	Locative_u	Genitive_u	Plural_consonant	Genitive_Locative_u	GenitivePlural_Zero	NominativePlural_a	SpecialPlual	SpecialVocative	Locative_u	NoContrast	NoContrast	NormalCapitalization	NormalCapitalization	InternMod_Prefixoid	PO_Prefixoid	Rus_Prefixoid	VPOL_Prefixoid	NE_Prefixoid	Eval_Prefixoid	Intern_Prefixoid	Reduced_Prefixoid	InternHy_Prefixoid	Letter_Prefixoid	BEZ_Prefixoid	BES_Prefixoid	BEZer_Prefixoid	V_Prefixoid	InternModEr_Prefixoid	RusHy_Prefixoid	NAI_Prefixoid	POL_Prefixoid	NI_Prefixoid	KOE_Prefixoid	Intern_ReducedPrefixoid	InternMod_Prefixoid	Chem_Prefixoid	ProperNamePrefixoid	Chemical_Possible	ParticipleFullForm	ParticipleShortForm	ParticipleFullForm	ParticipleShortForm	Plural	Singular	Singular	FiveAndMore	Three	Four	Two	SevenEight	FiveAndMore	Three	Four	Two	SevenEight	AdjectiveFullForm	AdjectiveShortForm	AdjectiveShortFlectional	AdjectiveFullForm	AdjectiveShortForm	AdjectiveShortFlectional	NounProperGeneral	NounProperSurNameFlective	NounProperTown	NounProperName	AdjectiveProper	NounProperPatronymic	NounProperNameDimin	AbbrProperGeneral	NounProperSurNameForeign	NounProperGeneral	NounProperSurNameFlective	NounProperTown	NounProperName	AdjectiveProper	NounProperPatronymic	NounProperNameDimin	AbbrProperGeneral	NounProperSurNameForeign	NormalNumberParadigm	NormalNumberParadigm	FullRealization	FullRealization
85	58	главы	главы	285394	285393	Animate	Inanimate	Reflexive	FullReflexivity	NonReflexive	ImperfectiveReflexivity	NormalMorphForm	DefectOne	DefectTwo	Byt	DefectThree	DefectFour	GTNoun	NotEllipted	VocalForm	NForm	NotControlled	ZeroTypeOfCoordination	NoCompositeness	DegreeComparative	DegreePositive	DegreeSuperlative	Adverb_Un_Hyphen	Adverb_With_Hyphen	DeclensionNominal	DeclensionMixed	Un_Comp_Suf	BiAspectual	MonoAspectual	Paired	FullSynthComparison	NoSynthComparative	NoSynthSuperlative	OnlySuperlative	MOne	MTwo	MThree	NormalClassifyingCapitalization	Future	Past	Present	Noun	ZeroDoubleConjunct	NotCommonChild	Accusative	Genitive	Nominative	Partitive	RCDemonstrative	RCAttributive	RCPossessive	RCIndefinite	RCPersonal	RCInterrogative	RCNegative	RCReflexive	RCNoun	NoPlacement	Imperfective	Perfective	NotDefaultFiller	Feminine	Masculine	NoLeftmostPlacement	Iterat	UnIterat	NoRightmostPlacement	NotLeftConjunct	PersonFirst	PersonSecond	PersonThird	PersonZero	Active	VoiceSya	Passive	VerbIntransitive	VerbIntransitiveSpecial	VerbTransitive	VerbTransitiveSpecial	NotRightConjunct	NoSpecialCaseForm	NoContrast	NormalCapitalization	PO_Prefixoid	Rus_Prefixoid	VPOL_Prefixoid	NE_Prefixoid	Eval_Prefixoid	Intern_Prefixoid	Reduced_Prefixoid	InternHy_Prefixoid	Letter_Prefixoid	BEZ_Prefixoid	BES_Prefixoid	BEZer_Prefixoid	V_Prefixoid	InternModEr_Prefixoid	RusHy_Prefixoid	NAI_Prefixoid	POL_Prefixoid	NI_Prefixoid	KOE_Prefixoid	Intern_ReducedPrefixoid	InternMod_Prefixoid	Chem_Prefixoid	ProperNamePrefixoid	Chemical_Possible	ParticipleFullForm	ParticipleShortForm	Plural	Singular	FiveAndMore	Three	Four	Two	SevenEight	AdjectiveFullForm	AdjectiveShortForm	AdjectiveShortFlectional	NounProperGeneral	NounProperSurNameFlective	NounProperTown	NounProperName	AdjectiveProper	NounProperPatronymic	NounProperNameDimin	AbbrProperGeneral	NounProperSurNameForeign	NormalNumberParadigm	FullRealization
85	64	министерства	министерства	285395	285394	Inanimate	Reflexive	FullReflexivity	NonReflexive	ImperfectiveReflexivity	NormalMorphForm	DefectOne	DefectTwo	Byt	DefectThree	DefectFour	GTNoun	NotEllipted	VocalForm	NForm	NotControlled	ZeroTypeOfCoordination	NoCompositeness	DegreeComparative	DegreePositive	DegreeSuperlative	Adverb_Un_Hyphen	Adverb_With_Hyphen	DeclensionNominal	Un_Comp_Suf	BiAspectual	MonoAspectual	Paired	FullSynthComparison	NoSynthComparative	NoSynthSuperlative	OnlySuperlative	MOne	MTwo	MThree	NormalClassifyingCapitalization	Future	Past	Present	Noun	ZeroDoubleConjunct	NotCommonChild	Accusative	Genitive	Nominative	Partitive	RCDemonstrative	RCAttributive	RCPossessive	RCIndefinite	RCPersonal	RCInterrogative	RCNegative	RCReflexive	RCNoun	NoPlacement	Imperfective	Perfective	NotDefaultFiller	Neuter	NoLeftmostPlacement	Iterat	UnIterat	NoRightmostPlacement	NotLeftConjunct	PersonFirst	PersonSecond	PersonThird	PersonZero	Active	VoiceSya	Passive	VerbIntransitive	VerbIntransitiveSpecial	VerbTransitive	VerbTransitiveSpecial	NotRightConjunct	NominativePlural_a	NoContrast	NormalCapitalization	PO_Prefixoid	Rus_Prefixoid	VPOL_Prefixoid	NE_Prefixoid	Eval_Prefixoid	Intern_Prefixoid	Reduced_Prefixoid	InternHy_Prefixoid	Letter_Prefixoid	BEZ_Prefixoid	BES_Prefixoid	BEZer_Prefixoid	V_Prefixoid	InternModEr_Prefixoid	RusHy_Prefixoid	NAI_Prefixoid	POL_Prefixoid	NI_Prefixoid	KOE_Prefixoid	Intern_ReducedPrefixoid	InternMod_Prefixoid	Chem_Prefixoid	ProperNamePrefixoid	Chemical_Possible	ParticipleFullForm	ParticipleShortForm	Plural	Singular	FiveAndMore	Three	Four	Two	SevenEight	AdjectiveFullForm	AdjectiveShortForm	AdjectiveShortFlectional	NounProperGeneral	NounProperSurNameFlective	NounProperTown	NounProperName	AdjectiveProper	NounProperPatronymic	NounProperNameDimin	AbbrProperGeneral	NounProperSurNameForeign	NormalNumberParadigm	FullRealization
85	77	здравоохранения	здравоохранения	285396	285395	Inanimate	Reflexive	FullReflexivity	NonReflexive	ImperfectiveReflexivity	NormalMorphForm	DefectOne	DefectTwo	Byt	DefectThree	DefectFour	GTNoun	NotEllipted	VocalForm	NForm	NotControlled	ZeroTypeOfCoordination	NoCompositeness	DegreeComparative	DegreePositive	DegreeSuperlative	Adverb_Un_Hyphen	Adverb_With_Hyphen	DeclensionNominal	Un_Comp_Suf	BiAspectual	MonoAspectual	Paired	FullSynthComparison	NoSynthComparative	NoSynthSuperlative	OnlySuperlative	MOne	MTwo	MThree	NormalClassifyingCapitalization	Future	Past	Present	Noun	ZeroDoubleConjunct	NotCommonChild	Genitive	Partitive	RCDemonstrative	RCAttributive	RCPossessive	RCIndefinite	RCPersonal	RCInterrogative	RCNegative	RCReflexive	RCNoun	NoPlacement	Imperfective	Perfective	NotDefaultFiller	Neuter	NoLeftmostPlacement	Iterat	UnIterat	NoRightmostPlacement	NotLeftConjunct	PersonFirst	PersonSecond	PersonThird	PersonZero	Active	VoiceSya	Passive	VerbIntransitive	VerbIntransitiveSpecial	VerbTransitive	VerbTransitiveSpecial	NotRightConjunct	NoSpecialCaseForm	NoContrast	NormalCapitalization	PO_Prefixoid	Rus_Prefixoid	VPOL_Prefixoid	NE_Prefixoid	Eval_Prefixoid	Intern_Prefixoid	Reduced_Prefixoid	InternHy_Prefixoid	Letter_Prefixoid	BEZ_Prefixoid	BES_Prefixoid	BEZer_Prefixoid	V_Prefixoid	InternModEr_Prefixoid	RusHy_Prefixoid	NAI_Prefixoid	POL_Prefixoid	NI_Prefixoid	KOE_Prefixoid	Intern_ReducedPrefixoid	InternMod_Prefixoid	Chem_Prefixoid	ProperNamePrefixoid	Chemical_Possible	ParticipleFullForm	ParticipleShortForm	Singular	FiveAndMore	Three	Four	Two	SevenEight	AdjectiveFullForm	AdjectiveShortForm	AdjectiveShortFlectional	NounProperGeneral	NounProperSurNameFlective	NounProperTown	NounProperName	AdjectiveProper	NounProperPatronymic	NounProperNameDimin	AbbrProperGeneral	NounProperSurNameForeign	SingulariaTantum	FullRealization
85	93	заняла	заняла	285392	285386	Animate	Inanimate	ImperfectiveReflexivity	NormalMorphForm	DefectOne	DefectTwo	Byt	DefectThree	DefectFour	GTVerb	NotEllipted	VocalForm	NForm	NotControlled	ZeroTypeOfCoordination	Composite_ski	Composite_iko	Composite_sko	NoCompositeness	Composite_o	Composite_e	Composite_usek	Composite_null	Composite_Numeral	Composite_cko	Composite_cki	Composite_ComplexNumeral	Composite_NumeralFull	Composite_NumeralShort	DegreeComparative	DegreePositive	DegreeSuperlative	Adverb_Un_Hyphen	Adverb_With_Hyphen	DeclensionAdjectival	DeclensionNominal	DeclensionMixed	Indeclinable	Comp_Suffixoid	Un_Comp_Suf	Comp_Suffixoid_Num_OJ	Comp_Suffixoid_Num_YJ	Comp_Suffixoid_Num_IJ	Comp_Suffixoid_Num_J	Comp_PunctuatorPost	Comp_PunctuatorPref	Comp_PunctuatorPostSeparable	Comp_PunctuatorPrefSeparable	Comp_Prefixoid	Comp_Suffixoid_Num_PercentYJ	Comp_Noun	Comp_Suffixoid_Chem	Comp_Adj	Comp_SuffixoidAbbr	Paired	FullSynthComparison	NoSynthComparative	NoSynthSuperlative	OnlySuperlative	MOne	MTwo	MThree	NormalClassifyingCapitalization	Past	Verb	ZeroDoubleConjunct	NotCommonChild	Accusative	Dative	Genitive	Instrumental	Locative	Nominative	Partitive	Prepositional	DativeSpecial	ZeroCase	Vocative	RCDemonstrative	RCAttributive	RCPossessive	RCIndefinite	RCPersonal	RCInterrogative	RCNegative	RCReflexive	RCNoun	NoPlacement	Perfective	NotDefaultFiller	Feminine	NoLeftmostPlacement	UnIterat	NoRightmostPlacement	NotLeftConjunct	PersonFirst	PersonSecond	PersonThird	PersonZero	Active	VerbTransitive	NotRightConjunct	NoSpecialCaseForm	Locative_u	Genitive_u	Plural_consonant	Genitive_Locative_u	GenitivePlural_Zero	NominativePlural_a	SpecialPlual	SpecialVocative	NoContrast	NormalCapitalization	PO_Prefixoid	Rus_Prefixoid	VPOL_Prefixoid	NE_Prefixoid	Eval_Prefixoid	Intern_Prefixoid	Reduced_Prefixoid	InternHy_Prefixoid	Letter_Prefixoid	BEZ_Prefixoid	BES_Prefixoid	BEZer_Prefixoid	V_Prefixoid	InternModEr_Prefixoid	RusHy_Prefixoid	NAI_Prefixoid	POL_Prefixoid	NI_Prefixoid	KOE_Prefixoid	Intern_ReducedPrefixoid	InternMod_Prefixoid	Chem_Prefixoid	ProperNamePrefixoid	Chemical_Possible	ParticipleFullForm	ParticipleShortForm	Singular	FiveAndMore	Three	Four	Two	SevenEight	AdjectiveFullForm	AdjectiveShortForm	AdjectiveShortFlectional	NounProperGeneral	NounProperSurNameFlective	NounProperTown	NounProperName	AdjectiveProper	NounProperPatronymic	NounProperNameDimin	AbbrProperGeneral	NounProperSurNameForeign	NormalNumberParadigm	FullRealization
85	100	Скворцова	Скворцова	285397	285392	Animate	Reflexive	FullReflexivity	NonReflexive	ImperfectiveReflexivity	NormalMorphForm	DefectOne	DefectTwo	Byt	DefectThree	DefectFour	GTNoun	NotEllipted	VocalForm	NForm	NotControlled	ZeroTypeOfCoordination	NoCompositeness	DegreeComparative	DegreePositive	DegreeSuperlative	Adverb_Un_Hyphen	Adverb_With_Hyphen	DeclensionNominal	Un_Comp_Suf	BiAspectual	MonoAspectual	Paired	FullSynthComparison	NoSynthComparative	NoSynthSuperlative	OnlySuperlative	MOne	MTwo	MThree	NormalClassifyingCapitalization	Future	Past	Present	Noun	ZeroDoubleConjunct	NotCommonChild	Accusative	Genitive	Nominative	Partitive	RCDemonstrative	RCAttributive	RCPossessive	RCIndefinite	RCPersonal	RCInterrogative	RCNegative	RCReflexive	RCNoun	NoPlacement	Imperfective	Perfective	NotDefaultFiller	Feminine	Masculine	NoLeftmostPlacement	Iterat	UnIterat	NoRightmostPlacement	NotLeftConjunct	PersonFirst	PersonSecond	PersonThird	PersonZero	Active	VoiceSya	Passive	VerbIntransitive	VerbIntransitiveSpecial	VerbTransitive	VerbTransitiveSpecial	NotRightConjunct	NoSpecialCaseForm	NoContrast	NormalCapitalization	PO_Prefixoid	Rus_Prefixoid	VPOL_Prefixoid	NE_Prefixoid	Eval_Prefixoid	Intern_Prefixoid	Reduced_Prefixoid	InternHy_Prefixoid	Letter_Prefixoid	BEZ_Prefixoid	BES_Prefixoid	BEZer_Prefixoid	V_Prefixoid	InternModEr_Prefixoid	RusHy_Prefixoid	NAI_Prefixoid	POL_Prefixoid	NI_Prefixoid	KOE_Prefixoid	Intern_ReducedPrefixoid	InternMod_Prefixoid	Chem_Prefixoid	ProperNamePrefixoid	Chemical_Possible	ParticipleFullForm	ParticipleShortForm	Singular	FiveAndMore	Three	Four	Two	SevenEight	AdjectiveFullForm	AdjectiveShortForm	AdjectiveShortFlectional	NounProperSurNameFlective	NormalNumberParadigm	FullRealization
85	111	а	а	285399	285398	Animate	Inanimate	Reflexive	FullReflexivity	NonReflexive	ImperfectiveReflexivity	NormalMorphForm	DefectOne	DefectTwo	Byt	DefectThree	DefectFour	GTInvariable	NotEllipted	VocalForm	NForm	NotControlled	ZeroTypeOfCoordination	Composite_ski	Composite_iko	Composite_sko	NoCompositeness	Composite_o	Composite_e	Composite_usek	Composite_null	Composite_Numeral	Composite_cko	Composite_cki	Composite_ComplexNumeral	Composite_NumeralFull	Composite_NumeralShort	DegreeComparative	DegreePositive	DegreeSuperlative	Adverb_Un_Hyphen	Adverb_With_Hyphen	DeclensionAdjectival	DeclensionNominal	DeclensionMixed	Indeclinable	Comp_Suffixoid	Un_Comp_Suf	Comp_Suffixoid_Num_OJ	Comp_Suffixoid_Num_YJ	Comp_Suffixoid_Num_IJ	Comp_Suffixoid_Num_J	Comp_PunctuatorPost	Comp_PunctuatorPref	Comp_PunctuatorPostSeparable	Comp_PunctuatorPrefSeparable	Comp_Prefixoid	Comp_Suffixoid_Num_PercentYJ	Comp_Noun	Comp_Suffixoid_Chem	Comp_Adj	Comp_SuffixoidAbbr	BiAspectual	MonoAspectual	Paired	FullSynthComparison	NoSynthComparative	NoSynthSuperlative	OnlySuperlative	MOne	MTwo	MThree	NormalClassifyingCapitalization	Future	Past	Present	Conjunction	ZeroDoubleConjunct	NotCommonChild	Accusative	Dative	Genitive	Instrumental	Locative	Nominative	Partitive	Prepositional	DativeSpecial	ZeroCase	Vocative	RCDemonstrative	RCAttributive	RCPossessive	RCIndefinite	RCPersonal	RCInterrogative	RCNegative	RCReflexive	RCNoun	NoPlacement	Imperfective	Perfective	NotDefaultFiller	Feminine	Masculine	Neuter	Common	NoLeftmostPlacement	Iterat	UnIterat	NoRightmostPlacement	NotLeftConjunct	PersonFirst	PersonSecond	PersonThird	PersonZero	Active	VoiceSya	Passive	VerbIntransitive	VerbIntransitiveSpecial	VerbTransitive	VerbTransitiveSpecial	NotRightConjunct	NoSpecialCaseForm	Locative_u	Genitive_u	Plural_consonant	Genitive_Locative_u	GenitivePlural_Zero	NominativePlural_a	SpecialPlual	SpecialVocative	NoContrast	NormalCapitalization	PO_Prefixoid	Rus_Prefixoid	VPOL_Prefixoid	NE_Prefixoid	Eval_Prefixoid	Intern_Prefixoid	Reduced_Prefixoid	InternHy_Prefixoid	Letter_Prefixoid	BEZ_Prefixoid	BES_Prefixoid	BEZer_Prefixoid	V_Prefixoid	InternModEr_Prefixoid	RusHy_Prefixoid	NAI_Prefixoid	POL_Prefixoid	NI_Prefixoid	KOE_Prefixoid	Intern_ReducedPrefixoid	InternMod_Prefixoid	Chem_Prefixoid	ProperNamePrefixoid	Chemical_Possible	ParticipleFullForm	ParticipleShortForm	Plural	Singular	FiveAndMore	Three	Four	Two	SevenEight	AdjectiveFullForm	AdjectiveShortForm	AdjectiveShortFlectional	NounProperGeneral	NounProperSurNameFlective	NounProperTown	NounProperName	AdjectiveProper	NounProperPatronymic	NounProperNameDimin	AbbrProperGeneral	NounProperSurNameForeign	NormalNumberParadigm	FullRealization
85	113	руководителем	руководителем	285400	285398	Animate	Reflexive	FullReflexivity	NonReflexive	ImperfectiveReflexivity	NormalMorphForm	DefectOne	DefectTwo	Byt	DefectThree	DefectFour	GTNoun	NotEllipted	VocalForm	NForm	NotControlled	ZeroTypeOfCoordination	NoCompositeness	DegreeComparative	DegreePositive	DegreeSuperlative	Adverb_Un_Hyphen	Adverb_With_Hyphen	DeclensionNominal	Un_Comp_Suf	BiAspectual	MonoAspectual	Paired	FullSynthComparison	NoSynthComparative	NoSynthSuperlative	OnlySuperlative	MOne	MTwo	MThree	NormalClassifyingCapitalization	Future	Past	Present	Noun	ZeroDoubleConjunct	NotCommonChild	Instrumental	RCDemonstrative	RCAttributive	RCPossessive	RCIndefinite	RCPersonal	RCInterrogative	RCNegative	RCReflexive	RCNoun	NoPlacement	Imperfective	Perfective	NotDefaultFiller	Masculine	NoLeftmostPlacement	Iterat	UnIterat	NoRightmostPlacement	NotLeftConjunct	PersonFirst	PersonSecond	PersonThird	PersonZero	Active	VoiceSya	Passive	VerbIntransitive	VerbIntransitiveSpecial	VerbTransitive	VerbTransitiveSpecial	NotRightConjunct	NoSpecialCaseForm	NoContrast	NormalCapitalization	PO_Prefixoid	Rus_Prefixoid	VPOL_Prefixoid	NE_Prefixoid	Eval_Prefixoid	Intern_Prefixoid	Reduced_Prefixoid	InternHy_Prefixoid	Letter_Prefixoid	BEZ_Prefixoid	BES_Prefixoid	BEZer_Prefixoid	V_Prefixoid	InternModEr_Prefixoid	RusHy_Prefixoid	NAI_Prefixoid	POL_Prefixoid	NI_Prefixoid	KOE_Prefixoid	Intern_ReducedPrefixoid	InternMod_Prefixoid	Chem_Prefixoid	ProperNamePrefixoid	Chemical_Possible	ParticipleFullForm	ParticipleShortForm	Singular	FiveAndMore	Three	Four	Two	SevenEight	AdjectiveFullForm	AdjectiveShortForm	AdjectiveShortFlectional	NounProperGeneral	NounProperSurNameFlective	NounProperTown	NounProperName	AdjectiveProper	NounProperPatronymic	NounProperNameDimin	AbbrProperGeneral	NounProperSurNameForeign	NormalNumberParadigm	FullRealization
85	127	министерства	министерства	285401	285400	Inanimate	Reflexive	FullReflexivity	NonReflexive	ImperfectiveReflexivity	NormalMorphForm	DefectOne	DefectTwo	Byt	DefectThree	DefectFour	GTNoun	NotEllipted	VocalForm	NForm	NotControlled	ZeroTypeOfCoordination	NoCompositeness	DegreeComparative	DegreePositive	DegreeSuperlative	Adverb_Un_Hyphen	Adverb_With_Hyphen	DeclensionNominal	Un_Comp_Suf	BiAspectual	MonoAspectual	Paired	FullSynthComparison	NoSynthComparative	NoSynthSuperlative	OnlySuperlative	MOne	MTwo	MThree	NormalClassifyingCapitalization	Future	Past	Present	Noun	ZeroDoubleConjunct	NotCommonChild	Accusative	Genitive	Nominative	Partitive	RCDemonstrative	RCAttributive	RCPossessive	RCIndefinite	RCPersonal	RCInterrogative	RCNegative	RCReflexive	RCNoun	NoPlacement	Imperfective	Perfective	NotDefaultFiller	Neuter	NoLeftmostPlacement	Iterat	UnIterat	NoRightmostPlacement	NotLeftConjunct	PersonFirst	PersonSecond	PersonThird	PersonZero	Active	VoiceSya	Passive	VerbIntransitive	VerbIntransitiveSpecial	VerbTransitive	VerbTransitiveSpecial	NotRightConjunct	NominativePlural_a	NoContrast	NormalCapitalization	PO_Prefixoid	Rus_Prefixoid	VPOL_Prefixoid	NE_Prefixoid	Eval_Prefixoid	Intern_Prefixoid	Reduced_Prefixoid	InternHy_Prefixoid	Letter_Prefixoid	BEZ_Prefixoid	BES_Prefixoid	BEZer_Prefixoid	V_Prefixoid	InternModEr_Prefixoid	RusHy_Prefixoid	NAI_Prefixoid	POL_Prefixoid	NI_Prefixoid	KOE_Prefixoid	Intern_ReducedPrefixoid	InternMod_Prefixoid	Chem_Prefixoid	ProperNamePrefixoid	Chemical_Possible	ParticipleFullForm	ParticipleShortForm	Plural	Singular	FiveAndMore	Three	Four	Two	SevenEight	AdjectiveFullForm	AdjectiveShortForm	AdjectiveShortFlectional	NounProperGeneral	NounProperSurNameFlective	NounProperTown	NounProperName	AdjectiveProper	NounProperPatronymic	NounProperNameDimin	AbbrProperGeneral	NounProperSurNameForeign	NormalNumberParadigm	FullRealization
85	140	труда	труда	285402	285401	Inanimate	Reflexive	FullReflexivity	NonReflexive	ImperfectiveReflexivity	NormalMorphForm	DefectOne	DefectTwo	Byt	DefectThree	DefectFour	GTNoun	NotEllipted	VocalForm	NForm	NotControlled	ZeroTypeOfCoordination	NoCompositeness	DegreeComparative	DegreePositive	DegreeSuperlative	Adverb_Un_Hyphen	Adverb_With_Hyphen	DeclensionNominal	Un_Comp_Suf	BiAspectual	MonoAspectual	Paired	FullSynthComparison	NoSynthComparative	NoSynthSuperlative	OnlySuperlative	MOne	MTwo	MThree	NormalClassifyingCapitalization	Future	Past	Present	Noun	ZeroDoubleConjunct	NotCommonChild	Genitive	Partitive	RCDemonstrative	RCAttributive	RCPossessive	RCIndefinite	RCPersonal	RCInterrogative	RCNegative	RCReflexive	RCNoun	NoPlacement	Imperfective	Perfective	NotDefaultFiller	Masculine	NoLeftmostPlacement	Iterat	UnIterat	NoRightmostPlacement	NotLeftConjunct	PersonFirst	PersonSecond	PersonThird	PersonZero	Active	VoiceSya	Passive	VerbIntransitive	VerbIntransitiveSpecial	VerbTransitive	VerbTransitiveSpecial	NotRightConjunct	NoSpecialCaseForm	NoContrast	NormalCapitalization	PO_Prefixoid	Rus_Prefixoid	VPOL_Prefixoid	NE_Prefixoid	Eval_Prefixoid	Intern_Prefixoid	Reduced_Prefixoid	InternHy_Prefixoid	Letter_Prefixoid	BEZ_Prefixoid	BES_Prefixoid	BEZer_Prefixoid	V_Prefixoid	InternModEr_Prefixoid	RusHy_Prefixoid	NAI_Prefixoid	POL_Prefixoid	NI_Prefixoid	KOE_Prefixoid	Intern_ReducedPrefixoid	InternMod_Prefixoid	Chem_Prefixoid	ProperNamePrefixoid	Chemical_Possible	ParticipleFullForm	ParticipleShortForm	Singular	FiveAndMore	Three	Four	Two	SevenEight	AdjectiveFullForm	AdjectiveShortForm	AdjectiveShortFlectional	NounProperGeneral	NounProperSurNameFlective	NounProperTown	NounProperName	AdjectiveProper	NounProperPatronymic	NounProperNameDimin	AbbrProperGeneral	NounProperSurNameForeign	NormalNumberParadigm	FullRealization
85	146	и	и	285404	285403	Animate	Inanimate	Reflexive	FullReflexivity	NonReflexive	ImperfectiveReflexivity	NormalMorphForm	DefectOne	DefectTwo	Byt	DefectThree	DefectFour	GTInvariable	NotEllipted	VocalForm	NForm	NotControlled	ZeroTypeOfCoordination	Composite_ski	Composite_iko	Composite_sko	NoCompositeness	Composite_o	Composite_e	Composite_usek	Composite_null	Composite_Numeral	Composite_cko	Composite_cki	Composite_ComplexNumeral	Composite_NumeralFull	Composite_NumeralShort	DegreeComparative	DegreePositive	DegreeSuperlative	Adverb_Un_Hyphen	Adverb_With_Hyphen	DeclensionAdjectival	DeclensionNominal	DeclensionMixed	Indeclinable	Comp_Suffixoid	Un_Comp_Suf	Comp_Suffixoid_Num_OJ	Comp_Suffixoid_Num_YJ	Comp_Suffixoid_Num_IJ	Comp_Suffixoid_Num_J	Comp_PunctuatorPost	Comp_PunctuatorPref	Comp_PunctuatorPostSeparable	Comp_PunctuatorPrefSeparable	Comp_Prefixoid	Comp_Suffixoid_Num_PercentYJ	Comp_Noun	Comp_Suffixoid_Chem	Comp_Adj	Comp_SuffixoidAbbr	BiAspectual	MonoAspectual	Paired	FullSynthComparison	NoSynthComparative	NoSynthSuperlative	OnlySuperlative	MOne	MTwo	MThree	NormalClassifyingCapitalization	Future	Past	Present	Conjunction	Particle	ZeroDoubleConjunct	NotCommonChild	Accusative	Dative	Genitive	Instrumental	Locative	Nominative	Partitive	Prepositional	DativeSpecial	ZeroCase	Vocative	RCDemonstrative	RCAttributive	RCPossessive	RCIndefinite	RCPersonal	RCInterrogative	RCNegative	RCReflexive	RCNoun	NoPlacement	Imperfective	Perfective	NotDefaultFiller	Feminine	Masculine	Neuter	Common	NoLeftmostPlacement	Iterat	UnIterat	NoRightmostPlacement	NotLeftConjunct	PersonFirst	PersonSecond	PersonThird	PersonZero	Active	VoiceSya	Passive	VerbIntransitive	VerbIntransitiveSpecial	VerbTransitive	VerbTransitiveSpecial	NotRightConjunct	NoSpecialCaseForm	Locative_u	Genitive_u	Plural_consonant	Genitive_Locative_u	GenitivePlural_Zero	NominativePlural_a	SpecialPlual	SpecialVocative	NoContrast	NormalCapitalization	PO_Prefixoid	Rus_Prefixoid	VPOL_Prefixoid	NE_Prefixoid	Eval_Prefixoid	Intern_Prefixoid	Reduced_Prefixoid	InternHy_Prefixoid	Letter_Prefixoid	BEZ_Prefixoid	BES_Prefixoid	BEZer_Prefixoid	V_Prefixoid	InternModEr_Prefixoid	RusHy_Prefixoid	NAI_Prefixoid	POL_Prefixoid	NI_Prefixoid	KOE_Prefixoid	Intern_ReducedPrefixoid	InternMod_Prefixoid	Chem_Prefixoid	ProperNamePrefixoid	Chemical_Possible	ParticipleFullForm	ParticipleShortForm	Plural	Singular	FiveAndMore	Three	Four	Two	SevenEight	AdjectiveFullForm	AdjectiveShortForm	AdjectiveShortFlectional	NounProperGeneral	NounProperSurNameFlective	NounProperTown	NounProperName	AdjectiveProper	NounProperPatronymic	NounProperNameDimin	AbbrProperGeneral	NounProperSurNameForeign	NormalNumberParadigm	FullRealization
85	148	социальной	социальной	285405	285403	Animate	Inanimate	Reflexive	FullReflexivity	NonReflexive	ImperfectiveReflexivity	NormalMorphForm	DefectOne	DefectTwo	Byt	DefectThree	DefectFour	GTAdjective	NotEllipted	VocalForm	NForm	NotControlled	ZeroTypeOfCoordination	NoCompositeness	DegreePositive	Adverb_Un_Hyphen	Adverb_With_Hyphen	DeclensionAdjectival	DeclensionNominal	DeclensionMixed	Indeclinable	Un_Comp_Suf	BiAspectual	MonoAspectual	Paired	NoSynthComparative	MOne	MTwo	MThree	NormalClassifyingCapitalization	Future	Past	Present	Adjective	ZeroDoubleConjunct	NotCommonChild	Dative	Genitive	Instrumental	Locative	Partitive	Prepositional	RCDemonstrative	RCAttributive	RCPossessive	RCIndefinite	RCPersonal	RCInterrogative	RCNegative	RCReflexive	RCNoun	NoPlacement	Imperfective	Perfective	NotDefaultFiller	Feminine	NoLeftmostPlacement	Iterat	UnIterat	NoRightmostPlacement	NotLeftConjunct	PersonFirst	PersonSecond	PersonThird	PersonZero	Active	VoiceSya	Passive	VerbIntransitive	VerbIntransitiveSpecial	VerbTransitive	VerbTransitiveSpecial	NotRightConjunct	NoSpecialCaseForm	Locative_u	Genitive_u	Plural_consonant	Genitive_Locative_u	GenitivePlural_Zero	NominativePlural_a	SpecialPlual	SpecialVocative	NoContrast	NormalCapitalization	PO_Prefixoid	Rus_Prefixoid	VPOL_Prefixoid	NE_Prefixoid	Eval_Prefixoid	Intern_Prefixoid	Reduced_Prefixoid	InternHy_Prefixoid	Letter_Prefixoid	BEZ_Prefixoid	BES_Prefixoid	BEZer_Prefixoid	V_Prefixoid	InternModEr_Prefixoid	RusHy_Prefixoid	NAI_Prefixoid	POL_Prefixoid	NI_Prefixoid	KOE_Prefixoid	Intern_ReducedPrefixoid	InternMod_Prefixoid	Chem_Prefixoid	ProperNamePrefixoid	Chemical_Possible	ParticipleFullForm	ParticipleShortForm	Singular	FiveAndMore	Three	Four	Two	SevenEight	AdjectiveFullForm	NounProperGeneral	NounProperSurNameFlective	NounProperTown	NounProperName	AdjectiveProper	NounProperPatronymic	NounProperNameDimin	AbbrProperGeneral	NounProperSurNameForeign	NormalNumberParadigm	FullRealization
85	159	защиты	защиты	285403	285401	Inanimate	Reflexive	FullReflexivity	NonReflexive	ImperfectiveReflexivity	NormalMorphForm	DefectOne	DefectTwo	Byt	DefectThree	DefectFour	GTNoun	NotEllipted	VocalForm	NForm	NotControlled	ZeroTypeOfCoordination	NoCompositeness	DegreeComparative	DegreePositive	DegreeSuperlative	Adverb_Un_Hyphen	Adverb_With_Hyphen	DeclensionNominal	Un_Comp_Suf	BiAspectual	MonoAspectual	Paired	FullSynthComparison	NoSynthComparative	NoSynthSuperlative	OnlySuperlative	MOne	MTwo	MThree	NormalClassifyingCapitalization	Future	Past	Present	Noun	ZeroDoubleConjunct	NotCommonChild	Accusative	Genitive	Nominative	Partitive	RCDemonstrative	RCAttributive	RCPossessive	RCIndefinite	RCPersonal	RCInterrogative	RCNegative	RCReflexive	RCNoun	NoPlacement	Imperfective	Perfective	NotDefaultFiller	Feminine	NoLeftmostPlacement	Iterat	UnIterat	NoRightmostPlacement	NotLeftConjunct	PersonFirst	PersonSecond	PersonThird	PersonZero	Active	VoiceSya	Passive	VerbIntransitive	VerbIntransitiveSpecial	VerbTransitive	VerbTransitiveSpecial	NotRightConjunct	NoSpecialCaseForm	NoContrast	NormalCapitalization	PO_Prefixoid	Rus_Prefixoid	VPOL_Prefixoid	NE_Prefixoid	Eval_Prefixoid	Intern_Prefixoid	Reduced_Prefixoid	InternHy_Prefixoid	Letter_Prefixoid	BEZ_Prefixoid	BES_Prefixoid	BEZer_Prefixoid	V_Prefixoid	InternModEr_Prefixoid	RusHy_Prefixoid	NAI_Prefixoid	POL_Prefixoid	NI_Prefixoid	KOE_Prefixoid	Intern_ReducedPrefixoid	InternMod_Prefixoid	Chem_Prefixoid	ProperNamePrefixoid	Chemical_Possible	ParticipleFullForm	ParticipleShortForm	Plural	Singular	FiveAndMore	Three	Four	Two	SevenEight	AdjectiveFullForm	AdjectiveShortForm	AdjectiveShortFlectional	NounProperGeneral	NounProperSurNameFlective	NounProperTown	NounProperName	AdjectiveProper	NounProperPatronymic	NounProperNameDimin	AbbrProperGeneral	NounProperSurNameForeign	NormalNumberParadigm	FullRealization
85	166	стал	стал	285398	-1	Animate	Inanimate	FullReflexivity	ImperfectiveReflexivity	NormalMorphForm	DefectOne	DefectTwo	Byt	DefectThree	DefectFour	GTVerb	NotEllipted	VocalForm	NForm	NotControlled	ZeroTypeOfCoordination	Composite_ski	Composite_iko	Composite_sko	NoCompositeness	Composite_o	Composite_e	Composite_usek	Composite_null	Composite_Numeral	Composite_cko	Composite_cki	Composite_ComplexNumeral	Composite_NumeralFull	Composite_NumeralShort	DegreeComparative	DegreePositive	DegreeSuperlative	Adverb_Un_Hyphen	Adverb_With_Hyphen	DeclensionAdjectival	DeclensionNominal	DeclensionMixed	Indeclinable	Comp_Suffixoid	Un_Comp_Suf	Comp_Suffixoid_Num_OJ	Comp_Suffixoid_Num_YJ	Comp_Suffixoid_Num_IJ	Comp_Suffixoid_Num_J	Comp_PunctuatorPost	Comp_PunctuatorPref	Comp_PunctuatorPostSeparable	Comp_PunctuatorPrefSeparable	Comp_Prefixoid	Comp_Suffixoid_Num_PercentYJ	Comp_Noun	Comp_Suffixoid_Chem	Comp_Adj	Comp_SuffixoidAbbr	MonoAspectual	Paired	FullSynthComparison	NoSynthComparative	NoSynthSuperlative	OnlySuperlative	MOne	MTwo	MThree	NormalClassifyingCapitalization	Past	Verb	ZeroDoubleConjunct	NotCommonChild	Accusative	Dative	Genitive	Instrumental	Locative	Nominative	Partitive	Prepositional	DativeSpecial	ZeroCase	Vocative	RCDemonstrative	RCAttributive	RCPossessive	RCIndefinite	RCPersonal	RCInterrogative	RCNegative	RCReflexive	RCNoun	NoPlacement	Perfective	NotDefaultFiller	Masculine	NoLeftmostPlacement	UnIterat	NoRightmostPlacement	NotLeftConjunct	PersonFirst	PersonSecond	PersonThird	PersonZero	Active	VerbIntransitive	NotRightConjunct	NoSpecialCaseForm	Locative_u	Genitive_u	Plural_consonant	Genitive_Locative_u	GenitivePlural_Zero	NominativePlural_a	SpecialPlual	SpecialVocative	NoContrast	NormalCapitalization	PO_Prefixoid	Rus_Prefixoid	VPOL_Prefixoid	NE_Prefixoid	Eval_Prefixoid	Intern_Prefixoid	Reduced_Prefixoid	InternHy_Prefixoid	Letter_Prefixoid	BEZ_Prefixoid	BES_Prefixoid	BEZer_Prefixoid	V_Prefixoid	InternModEr_Prefixoid	RusHy_Prefixoid	NAI_Prefixoid	POL_Prefixoid	NI_Prefixoid	KOE_Prefixoid	Intern_ReducedPrefixoid	InternMod_Prefixoid	Chem_Prefixoid	ProperNamePrefixoid	Chemical_Possible	ParticipleFullForm	ParticipleShortForm	Singular	FiveAndMore	Three	Four	Two	SevenEight	AdjectiveFullForm	AdjectiveShortForm	AdjectiveShortFlectional	NounProperGeneral	NounProperSurNameFlective	NounProperTown	NounProperName	AdjectiveProper	NounProperPatronymic	NounProperNameDimin	AbbrProperGeneral	NounProperSurNameForeign	NormalNumberParadigm	FullRealization
85	171	Максим	Максим	285406	285398	Animate	Inanimate	Reflexive	FullReflexivity	NonReflexive	ImperfectiveReflexivity	Reflexive	FullReflexivity	NonReflexive	ImperfectiveReflexivity	NormalMorphForm	NormalMorphForm	NormalMorphForm	DefectOne	DefectTwo	Byt	DefectThree	DefectFour	DefectOne	DefectTwo	Byt	DefectThree	DefectFour	GTNoun	GTNoun	NotEllipted	NotEllipted	NotEllipted	VocalForm	NForm	VocalForm	NForm	NotControlled	NotControlled	NotControlled	ZeroTypeOfCoordination	ZeroTypeOfCoordination	ZeroTypeOfCoordination	NoCompositeness	NoCompositeness	DegreeComparative	DegreePositive	DegreeSuperlative	DegreeComparative	DegreePositive	DegreeSuperlative	Adverb_Un_Hyphen	Adverb_With_Hyphen	Adverb_Un_Hyphen	Adverb_With_Hyphen	DeclensionNominal	DeclensionNominal	Un_Comp_Suf	Un_Comp_Suf	BiAspectual	MonoAspectual	Paired	BiAspectual	MonoAspectual	Paired	FullSynthComparison	NoSynthComparative	NoSynthSuperlative	OnlySuperlative	FullSynthComparison	NoSynthComparative	NoSynthSuperlative	OnlySuperlative	MOne	MTwo	MThree	MOne	MTwo	MThree	NormalClassifyingCapitalization	NormalClassifyingCapitalization	NormalClassifyingCapitalization	Future	Past	Present	Future	Past	Present	Noun	Noun	ZeroDoubleConjunct	ZeroDoubleConjunct	ZeroDoubleConjunct	NotCommonChild	NotCommonChild	NotCommonChild	Nominative	Genitive	Partitive	RCDemonstrative	RCAttributive	RCPossessive	RCIndefinite	RCPersonal	RCInterrogative	RCNegative	RCReflexive	RCNoun	RCDemonstrative	RCAttributive	RCPossessive	RCIndefinite	RCPersonal	RCInterrogative	RCNegative	RCReflexive	RCNoun	NoPlacement	NoPlacement	NoPlacement	Imperfective	Perfective	Imperfective	Perfective	NotDefaultFiller	NotDefaultFiller	NotDefaultFiller	Masculine	Feminine	NoLeftmostPlacement	NoLeftmostPlacement	NoLeftmostPlacement	Iterat	UnIterat	Iterat	UnIterat	NoRightmostPlacement	NoRightmostPlacement	NoRightmostPlacement	NotLeftConjunct	NotLeftConjunct	NotLeftConjunct	PersonFirst	PersonSecond	PersonThird	PersonZero	PersonFirst	PersonSecond	PersonThird	PersonZero	Active	VoiceSya	Passive	Active	VoiceSya	Passive	VerbIntransitive	VerbIntransitiveSpecial	VerbTransitive	VerbTransitiveSpecial	VerbIntransitive	VerbIntransitiveSpecial	VerbTransitive	VerbTransitiveSpecial	NotRightConjunct	NotRightConjunct	NotRightConjunct	NoSpecialCaseForm	NoSpecialCaseForm	NoContrast	NoContrast	NoContrast	NormalCapitalization	NormalCapitalization	NormalCapitalization	PO_Prefixoid	Rus_Prefixoid	VPOL_Prefixoid	NE_Prefixoid	Eval_Prefixoid	Intern_Prefixoid	Reduced_Prefixoid	InternHy_Prefixoid	Letter_Prefixoid	BEZ_Prefixoid	BES_Prefixoid	BEZer_Prefixoid	V_Prefixoid	InternModEr_Prefixoid	RusHy_Prefixoid	NAI_Prefixoid	POL_Prefixoid	NI_Prefixoid	KOE_Prefixoid	Intern_ReducedPrefixoid	InternMod_Prefixoid	Chem_Prefixoid	ProperNamePrefixoid	Chemical_Possible	PO_Prefixoid	Rus_Prefixoid	VPOL_Prefixoid	NE_Prefixoid	Eval_Prefixoid	Intern_Prefixoid	Reduced_Prefixoid	InternHy_Prefixoid	Letter_Prefixoid	BEZ_Prefixoid	BES_Prefixoid	BEZer_Prefixoid	V_Prefixoid	InternModEr_Prefixoid	RusHy_Prefixoid	NAI_Prefixoid	POL_Prefixoid	NI_Prefixoid	KOE_Prefixoid	Intern_ReducedPrefixoid	InternMod_Prefixoid	Chem_Prefixoid	ProperNamePrefixoid	Chemical_Possible	ParticipleFullForm	ParticipleShortForm	ParticipleFullForm	ParticipleShortForm	Singular	Plural	FiveAndMore	Three	Four	Two	SevenEight	FiveAndMore	Three	Four	Two	SevenEight	AdjectiveFullForm	AdjectiveShortForm	AdjectiveShortFlectional	AdjectiveFullForm	AdjectiveShortForm	AdjectiveShortFlectional	NounProperName	NounProperGeneral	NounProperSurNameFlective	NounProperTown	NounProperName	AdjectiveProper	NounProperPatronymic	NounProperNameDimin	AbbrProperGeneral	NounProperSurNameForeign	NormalNumberParadigm	NormalNumberParadigm	NormalNumberParadigm	FullRealization	FullRealization	FullRealization
85	178	Топилин	Топилин	285407	285406	Animate	Reflexive	FullReflexivity	NonReflexive	ImperfectiveReflexivity	NormalMorphForm	DefectOne	DefectTwo	Byt	DefectThree	DefectFour	GTNoun	NotEllipted	VocalForm	NForm	NotControlled	ZeroTypeOfCoordination	NoCompositeness	DegreeComparative	DegreePositive	DegreeSuperlative	Adverb_Un_Hyphen	Adverb_With_Hyphen	DeclensionNominal	Un_Comp_Suf	BiAspectual	MonoAspectual	Paired	FullSynthComparison	NoSynthComparative	NoSynthSuperlative	OnlySuperlative	MOne	MTwo	MThree	NormalClassifyingCapitalization	Future	Past	Present	Noun	ZeroDoubleConjunct	NotCommonChild	Nominative	RCDemonstrative	RCAttributive	RCPossessive	RCIndefinite	RCPersonal	RCInterrogative	RCNegative	RCReflexive	RCNoun	NoPlacement	Imperfective	Perfective	NotDefaultFiller	Masculine	NoLeftmostPlacement	Iterat	UnIterat	NoRightmostPlacement	NotLeftConjunct	PersonFirst	PersonSecond	PersonThird	PersonZero	Active	VoiceSya	Passive	VerbIntransitive	VerbIntransitiveSpecial	VerbTransitive	VerbTransitiveSpecial	NotRightConjunct	NoSpecialCaseForm	NoContrast	NormalCapitalization	PO_Prefixoid	Rus_Prefixoid	VPOL_Prefixoid	NE_Prefixoid	Eval_Prefixoid	Intern_Prefixoid	Reduced_Prefixoid	InternHy_Prefixoid	Letter_Prefixoid	BEZ_Prefixoid	BES_Prefixoid	BEZer_Prefixoid	V_Prefixoid	InternModEr_Prefixoid	RusHy_Prefixoid	NAI_Prefixoid	POL_Prefixoid	NI_Prefixoid	KOE_Prefixoid	Intern_ReducedPrefixoid	InternMod_Prefixoid	Chem_Prefixoid	ProperNamePrefixoid	Chemical_Possible	ParticipleFullForm	ParticipleShortForm	Singular	FiveAndMore	Three	Four	Two	SevenEight	AdjectiveFullForm	AdjectiveShortForm	AdjectiveShortFlectional	NounProperSurNameFlective	NormalNumberParadigm	FullRealization
87	0	Вследствие	Вследствие	285410	285409	Animate	Inanimate	Reflexive	FullReflexivity	NonReflexive	ImperfectiveReflexivity	NormalMorphForm	DefectOne	DefectTwo	Byt	DefectThree	DefectFour	GTInvariable	NotEllipted	VocalForm	NForm	NotControlled	ZeroTypeOfCoordination	Composite_ski	Composite_iko	Composite_sko	NoCompositeness	Composite_o	Composite_e	Composite_usek	Composite_null	Composite_Numeral	Composite_cko	Composite_cki	Composite_ComplexNumeral	Composite_NumeralFull	Composite_NumeralShort	DegreeComparative	DegreePositive	DegreeSuperlative	Adverb_Un_Hyphen	Adverb_With_Hyphen	DeclensionAdjectival	DeclensionNominal	DeclensionMixed	Indeclinable	Comp_Suffixoid	Un_Comp_Suf	Comp_Suffixoid_Num_OJ	Comp_Suffixoid_Num_YJ	Comp_Suffixoid_Num_IJ	Comp_Suffixoid_Num_J	Comp_PunctuatorPost	Comp_PunctuatorPref	Comp_PunctuatorPostSeparable	Comp_PunctuatorPrefSeparable	Comp_Prefixoid	Comp_Suffixoid_Num_PercentYJ	Comp_Noun	Comp_Suffixoid_Chem	Comp_Adj	Comp_SuffixoidAbbr	BiAspectual	MonoAspectual	Paired	FullSynthComparison	NoSynthComparative	NoSynthSuperlative	OnlySuperlative	MOne	MTwo	MThree	NormalClassifyingCapitalization	Future	Past	Present	Preposition	ZeroDoubleConjunct	NotCommonChild	Accusative	Dative	Genitive	Instrumental	Locative	Nominative	Partitive	Prepositional	DativeSpecial	ZeroCase	Vocative	RCDemonstrative	RCAttributive	RCPossessive	RCIndefinite	RCPersonal	RCInterrogative	RCNegative	RCReflexive	RCNoun	NoPlacement	Imperfective	Perfective	NotDefaultFiller	Feminine	Masculine	Neuter	Common	NoLeftmostPlacement	Iterat	UnIterat	NoRightmostPlacement	NotLeftConjunct	PersonFirst	PersonSecond	PersonThird	PersonZero	Active	VoiceSya	Passive	VerbIntransitive	VerbIntransitiveSpecial	VerbTransitive	VerbTransitiveSpecial	NotRightConjunct	NoSpecialCaseForm	Locative_u	Genitive_u	Plural_consonant	Genitive_Locative_u	GenitivePlural_Zero	NominativePlural_a	SpecialPlual	SpecialVocative	NoContrast	NormalCapitalization	PO_Prefixoid	Rus_Prefixoid	VPOL_Prefixoid	NE_Prefixoid	Eval_Prefixoid	Intern_Prefixoid	Reduced_Prefixoid	InternHy_Prefixoid	Letter_Prefixoid	BEZ_Prefixoid	BES_Prefixoid	BEZer_Prefixoid	V_Prefixoid	InternModEr_Prefixoid	RusHy_Prefixoid	NAI_Prefixoid	POL_Prefixoid	NI_Prefixoid	KOE_Prefixoid	Intern_ReducedPrefixoid	InternMod_Prefixoid	Chem_Prefixoid	ProperNamePrefixoid	Chemical_Possible	ParticipleFullForm	ParticipleShortForm	Plural	Singular	FiveAndMore	Three	Four	Two	SevenEight	AdjectiveFullForm	AdjectiveShortForm	AdjectiveShortFlectional	NounProperGeneral	NounProperSurNameFlective	NounProperTown	NounProperName	AdjectiveProper	NounProperPatronymic	NounProperNameDimin	AbbrProperGeneral	NounProperSurNameForeign	NormalNumberParadigm	FullRealization
87	11	реформы	реформы	285409	285408	Inanimate	Reflexive	FullReflexivity	NonReflexive	ImperfectiveReflexivity	NormalMorphForm	DefectOne	DefectTwo	Byt	DefectThree	DefectFour	GTNoun	NotEllipted	VocalForm	NForm	NotControlled	ZeroTypeOfCoordination	NoCompositeness	DegreeComparative	DegreePositive	DegreeSuperlative	Adverb_Un_Hyphen	Adverb_With_Hyphen	DeclensionNominal	Un_Comp_Suf	BiAspectual	MonoAspectual	Paired	FullSynthComparison	NoSynthComparative	NoSynthSuperlative	OnlySuperlative	MOne	MTwo	MThree	NormalClassifyingCapitalization	Future	Past	Present	Noun	ZeroDoubleConjunct	NotCommonChild	Accusative	Genitive	Nominative	Partitive	RCDemonstrative	RCAttributive	RCPossessive	RCIndefinite	RCPersonal	RCInterrogative	RCNegative	RCReflexive	RCNoun	NoPlacement	Imperfective	Perfective	NotDefaultFiller	Feminine	NoLeftmostPlacement	Iterat	UnIterat	NoRightmostPlacement	NotLeftConjunct	PersonFirst	PersonSecond	PersonThird	PersonZero	Active	VoiceSya	Passive	VerbIntransitive	VerbIntransitiveSpecial	VerbTransitive	VerbTransitiveSpecial	NotRightConjunct	NoSpecialCaseForm	NoContrast	NormalCapitalization	PO_Prefixoid	Rus_Prefixoid	VPOL_Prefixoid	NE_Prefixoid	Eval_Prefixoid	Intern_Prefixoid	Reduced_Prefixoid	InternHy_Prefixoid	Letter_Prefixoid	BEZ_Prefixoid	BES_Prefixoid	BEZer_Prefixoid	V_Prefixoid	InternModEr_Prefixoid	RusHy_Prefixoid	NAI_Prefixoid	POL_Prefixoid	NI_Prefixoid	KOE_Prefixoid	Intern_ReducedPrefixoid	InternMod_Prefixoid	Chem_Prefixoid	ProperNamePrefixoid	Chemical_Possible	ParticipleFullForm	ParticipleShortForm	Plural	Singular	FiveAndMore	Three	Four	Two	SevenEight	AdjectiveFullForm	AdjectiveShortForm	AdjectiveShortFlectional	NounProperGeneral	NounProperSurNameFlective	NounProperTown	NounProperName	AdjectiveProper	NounProperPatronymic	NounProperNameDimin	AbbrProperGeneral	NounProperSurNameForeign	NormalNumberParadigm	FullRealization
87	19	к	к	285412	285411	Animate	Inanimate	Inanimate	Reflexive	FullReflexivity	NonReflexive	ImperfectiveReflexivity	Reflexive	FullReflexivity	NonReflexive	ImperfectiveReflexivity	NormalMorphForm	NormalMorphForm	DefectOne	DefectTwo	Byt	DefectThree	DefectFour	DefectOne	DefectTwo	Byt	DefectThree	DefectFour	GTInvariable	GTNoun	NotEllipted	NotEllipted	VocalForm	NForm	VocalForm	NForm	NotControlled	NotControlled	ZeroTypeOfCoordination	ZeroTypeOfCoordination	Composite_ski	Composite_iko	Composite_sko	NoCompositeness	Composite_o	Composite_e	Composite_usek	Composite_null	Composite_Numeral	Composite_cko	Composite_cki	Composite_ComplexNumeral	Composite_NumeralFull	Composite_NumeralShort	NoCompositeness	DegreeComparative	DegreePositive	DegreeSuperlative	DegreeComparative	DegreePositive	DegreeSuperlative	Adverb_Un_Hyphen	Adverb_With_Hyphen	Adverb_Un_Hyphen	Adverb_With_Hyphen	DeclensionAdjectival	DeclensionNominal	DeclensionMixed	Indeclinable	Indeclinable	Comp_Suffixoid	Un_Comp_Suf	Comp_Suffixoid_Num_OJ	Comp_Suffixoid_Num_YJ	Comp_Suffixoid_Num_IJ	Comp_Suffixoid_Num_J	Comp_PunctuatorPost	Comp_PunctuatorPref	Comp_PunctuatorPostSeparable	Comp_PunctuatorPrefSeparable	Comp_Prefixoid	Comp_Suffixoid_Num_PercentYJ	Comp_Noun	Comp_Suffixoid_Chem	Comp_Adj	Comp_SuffixoidAbbr	Comp_PunctuatorPrefSeparable	BiAspectual	MonoAspectual	Paired	BiAspectual	MonoAspectual	Paired	FullSynthComparison	NoSynthComparative	NoSynthSuperlative	OnlySuperlative	FullSynthComparison	NoSynthComparative	NoSynthSuperlative	OnlySuperlative	MOne	MTwo	MThree	MOne	MTwo	MThree	NormalClassifyingCapitalization	NormalClassifyingCapitalization	Future	Past	Present	Future	Past	Present	Preposition	Noun	ZeroDoubleConjunct	ZeroDoubleConjunct	NotCommonChild	NotCommonChild	Accusative	Dative	Genitive	Instrumental	Locative	Nominative	Partitive	Prepositional	DativeSpecial	ZeroCase	Vocative	Accusative	Dative	Genitive	Instrumental	Locative	Nominative	Partitive	Prepositional	RCDemonstrative	RCAttributive	RCPossessive	RCIndefinite	RCPersonal	RCInterrogative	RCNegative	RCReflexive	RCNoun	RCDemonstrative	RCAttributive	RCPossessive	RCIndefinite	RCPersonal	RCInterrogative	RCNegative	RCReflexive	RCNoun	NoPlacement	NoPlacement	Imperfective	Perfective	Imperfective	Perfective	NotDefaultFiller	NotDefaultFiller	Feminine	Masculine	Neuter	Common	Masculine	NoLeftmostPlacement	NoLeftmostPlacement	Iterat	UnIterat	Iterat	UnIterat	NoRightmostPlacement	NoRightmostPlacement	NotLeftConjunct	NotLeftConjunct	PersonFirst	PersonSecond	PersonThird	PersonZero	PersonFirst	PersonSecond	PersonThird	PersonZero	Active	VoiceSya	Passive	Active	VoiceSya	Passive	VerbIntransitive	VerbIntransitiveSpecial	VerbTransitive	VerbTransitiveSpecial	VerbIntransitive	VerbIntransitiveSpecial	VerbTransitive	VerbTransitiveSpecial	NotRightConjunct	NotRightConjunct	NoSpecialCaseForm	Locative_u	Genitive_u	Plural_consonant	Genitive_Locative_u	GenitivePlural_Zero	NominativePlural_a	SpecialPlual	SpecialVocative	NoSpecialCaseForm	Locative_u	Genitive_u	Plural_consonant	Genitive_Locative_u	GenitivePlural_Zero	NominativePlural_a	SpecialPlual	SpecialVocative	NoContrast	NoContrast	NormalCapitalization	NormalCapitalization	PO_Prefixoid	Rus_Prefixoid	VPOL_Prefixoid	NE_Prefixoid	Eval_Prefixoid	Intern_Prefixoid	Reduced_Prefixoid	InternHy_Prefixoid	Letter_Prefixoid	BEZ_Prefixoid	BES_Prefixoid	BEZer_Prefixoid	V_Prefixoid	InternModEr_Prefixoid	RusHy_Prefixoid	NAI_Prefixoid	POL_Prefixoid	NI_Prefixoid	KOE_Prefixoid	Intern_ReducedPrefixoid	InternMod_Prefixoid	Chem_Prefixoid	ProperNamePrefixoid	Chemical_Possible	PO_Prefixoid	Rus_Prefixoid	VPOL_Prefixoid	NE_Prefixoid	Eval_Prefixoid	Intern_Prefixoid	Reduced_Prefixoid	InternHy_Prefixoid	Letter_Prefixoid	BEZ_Prefixoid	BES_Prefixoid	BEZer_Prefixoid	V_Prefixoid	InternModEr_Prefixoid	RusHy_Prefixoid	NAI_Prefixoid	POL_Prefixoid	NI_Prefixoid	KOE_Prefixoid	Intern_ReducedPrefixoid	InternMod_Prefixoid	Chem_Prefixoid	ProperNamePrefixoid	Chemical_Possible	ParticipleFullForm	ParticipleShortForm	ParticipleFullForm	ParticipleShortForm	Plural	Singular	Singular	FiveAndMore	Three	Four	Two	SevenEight	FiveAndMore	Three	Four	Two	SevenEight	AdjectiveFullForm	AdjectiveShortForm	AdjectiveShortFlectional	AdjectiveFullForm	AdjectiveShortForm	AdjectiveShortFlectional	NounProperGeneral	NounProperSurNameFlective	NounProperTown	NounProperName	AdjectiveProper	NounProperPatronymic	NounProperNameDimin	AbbrProperGeneral	NounProperSurNameForeign	AbbrProperGeneral	NormalNumberParadigm	SingulariaTantum	FullRealization	FullRealization
87	21	ведомству	ведомству	285411	285409	Inanimate	Reflexive	FullReflexivity	NonReflexive	ImperfectiveReflexivity	NormalMorphForm	DefectOne	DefectTwo	Byt	DefectThree	DefectFour	GTNoun	NotEllipted	VocalForm	NForm	NotControlled	ZeroTypeOfCoordination	NoCompositeness	DegreeComparative	DegreePositive	DegreeSuperlative	Adverb_Un_Hyphen	Adverb_With_Hyphen	DeclensionNominal	Un_Comp_Suf	BiAspectual	MonoAspectual	Paired	FullSynthComparison	NoSynthComparative	NoSynthSuperlative	OnlySuperlative	MOne	MTwo	MThree	NormalClassifyingCapitalization	Future	Past	Present	Noun	ZeroDoubleConjunct	NotCommonChild	Dative	RCDemonstrative	RCAttributive	RCPossessive	RCIndefinite	RCPersonal	RCInterrogative	RCNegative	RCReflexive	RCNoun	NoPlacement	Imperfective	Perfective	NotDefaultFiller	Neuter	NoLeftmostPlacement	Iterat	UnIterat	NoRightmostPlacement	NotLeftConjunct	PersonFirst	PersonSecond	PersonThird	PersonZero	Active	VoiceSya	Passive	VerbIntransitive	VerbIntransitiveSpecial	VerbTransitive	VerbTransitiveSpecial	NotRightConjunct	NominativePlural_a	NoContrast	NormalCapitalization	PO_Prefixoid	Rus_Prefixoid	VPOL_Prefixoid	NE_Prefixoid	Eval_Prefixoid	Intern_Prefixoid	Reduced_Prefixoid	InternHy_Prefixoid	Letter_Prefixoid	BEZ_Prefixoid	BES_Prefixoid	BEZer_Prefixoid	V_Prefixoid	InternModEr_Prefixoid	RusHy_Prefixoid	NAI_Prefixoid	POL_Prefixoid	NI_Prefixoid	KOE_Prefixoid	Intern_ReducedPrefixoid	InternMod_Prefixoid	Chem_Prefixoid	ProperNamePrefixoid	Chemical_Possible	ParticipleFullForm	ParticipleShortForm	Singular	FiveAndMore	Three	Four	Two	SevenEight	AdjectiveFullForm	AdjectiveShortForm	AdjectiveShortFlectional	NounProperGeneral	NounProperSurNameFlective	NounProperTown	NounProperName	AdjectiveProper	NounProperPatronymic	NounProperNameDimin	AbbrProperGeneral	NounProperSurNameForeign	NormalNumberParadigm	FullRealization
87	31	Скворцовой	Скворцовой	285413	285411	Animate	Reflexive	FullReflexivity	NonReflexive	ImperfectiveReflexivity	NormalMorphForm	DefectOne	DefectTwo	Byt	DefectThree	DefectFour	GTNoun	NotEllipted	VocalForm	NForm	NotControlled	ZeroTypeOfCoordination	NoCompositeness	DegreeComparative	DegreePositive	DegreeSuperlative	Adverb_Un_Hyphen	Adverb_With_Hyphen	DeclensionNominal	Un_Comp_Suf	BiAspectual	MonoAspectual	Paired	FullSynthComparison	NoSynthComparative	NoSynthSuperlative	OnlySuperlative	MOne	MTwo	MThree	NormalClassifyingCapitalization	Future	Past	Present	Noun	ZeroDoubleConjunct	NotCommonChild	Dative	Genitive	Instrumental	Locative	Partitive	Prepositional	RCDemonstrative	RCAttributive	RCPossessive	RCIndefinite	RCPersonal	RCInterrogative	RCNegative	RCReflexive	RCNoun	NoPlacement	Imperfective	Perfective	NotDefaultFiller	Feminine	NoLeftmostPlacement	Iterat	UnIterat	NoRightmostPlacement	NotLeftConjunct	PersonFirst	PersonSecond	PersonThird	PersonZero	Active	VoiceSya	Passive	VerbIntransitive	VerbIntransitiveSpecial	VerbTransitive	VerbTransitiveSpecial	NotRightConjunct	NoSpecialCaseForm	NoContrast	NormalCapitalization	PO_Prefixoid	Rus_Prefixoid	VPOL_Prefixoid	NE_Prefixoid	Eval_Prefixoid	Intern_Prefixoid	Reduced_Prefixoid	InternHy_Prefixoid	Letter_Prefixoid	BEZ_Prefixoid	BES_Prefixoid	BEZer_Prefixoid	V_Prefixoid	InternModEr_Prefixoid	RusHy_Prefixoid	NAI_Prefixoid	POL_Prefixoid	NI_Prefixoid	KOE_Prefixoid	Intern_ReducedPrefixoid	InternMod_Prefixoid	Chem_Prefixoid	ProperNamePrefixoid	Chemical_Possible	ParticipleFullForm	ParticipleShortForm	Singular	FiveAndMore	Three	Four	Two	SevenEight	AdjectiveFullForm	AdjectiveShortForm	AdjectiveShortFlectional	NounProperSurNameFlective	NormalNumberParadigm	FullRealization
87	42	в	в	285415	285414	Animate	Inanimate	Inanimate	Reflexive	FullReflexivity	NonReflexive	ImperfectiveReflexivity	Reflexive	FullReflexivity	NonReflexive	ImperfectiveReflexivity	NormalMorphForm	NormalMorphForm	DefectOne	DefectTwo	Byt	DefectThree	DefectFour	DefectOne	DefectTwo	Byt	DefectThree	DefectFour	GTInvariable	GTNoun	NotEllipted	NotEllipted	VocalForm	NForm	VocalForm	NForm	NotControlled	NotControlled	ZeroTypeOfCoordination	ZeroTypeOfCoordination	Composite_ski	Composite_iko	Composite_sko	NoCompositeness	Composite_o	Composite_e	Composite_usek	Composite_null	Composite_Numeral	Composite_cko	Composite_cki	Composite_ComplexNumeral	Composite_NumeralFull	Composite_NumeralShort	NoCompositeness	DegreeComparative	DegreePositive	DegreeSuperlative	DegreeComparative	DegreePositive	DegreeSuperlative	Adverb_Un_Hyphen	Adverb_With_Hyphen	Adverb_Un_Hyphen	Adverb_With_Hyphen	DeclensionAdjectival	DeclensionNominal	DeclensionMixed	Indeclinable	Indeclinable	Comp_Suffixoid	Un_Comp_Suf	Comp_Suffixoid_Num_OJ	Comp_Suffixoid_Num_YJ	Comp_Suffixoid_Num_IJ	Comp_Suffixoid_Num_J	Comp_PunctuatorPost	Comp_PunctuatorPref	Comp_PunctuatorPostSeparable	Comp_PunctuatorPrefSeparable	Comp_Prefixoid	Comp_Suffixoid_Num_PercentYJ	Comp_Noun	Comp_Suffixoid_Chem	Comp_Adj	Comp_SuffixoidAbbr	Comp_PunctuatorPostSeparable	BiAspectual	MonoAspectual	Paired	BiAspectual	MonoAspectual	Paired	FullSynthComparison	NoSynthComparative	NoSynthSuperlative	OnlySuperlative	FullSynthComparison	NoSynthComparative	NoSynthSuperlative	OnlySuperlative	MOne	MTwo	MThree	MOne	MTwo	MThree	NormalClassifyingCapitalization	NormalClassifyingCapitalization	Future	Past	Present	Future	Past	Present	Preposition	Noun	ZeroDoubleConjunct	ZeroDoubleConjunct	NotCommonChild	NotCommonChild	Accusative	Dative	Genitive	Instrumental	Locative	Nominative	Partitive	Prepositional	DativeSpecial	ZeroCase	Vocative	Accusative	Dative	Genitive	Instrumental	Locative	Nominative	Partitive	Prepositional	RCDemonstrative	RCAttributive	RCPossessive	RCIndefinite	RCPersonal	RCInterrogative	RCNegative	RCReflexive	RCNoun	RCDemonstrative	RCAttributive	RCPossessive	RCIndefinite	RCPersonal	RCInterrogative	RCNegative	RCReflexive	RCNoun	NoPlacement	NoPlacement	Imperfective	Perfective	Imperfective	Perfective	NotDefaultFiller	NotDefaultFiller	Feminine	Masculine	Neuter	Common	Masculine	NoLeftmostPlacement	NoLeftmostPlacement	Iterat	UnIterat	Iterat	UnIterat	NoRightmostPlacement	NoRightmostPlacement	NotLeftConjunct	NotLeftConjunct	PersonFirst	PersonSecond	PersonThird	PersonZero	PersonFirst	PersonSecond	PersonThird	PersonZero	Active	VoiceSya	Passive	Active	VoiceSya	Passive	VerbIntransitive	VerbIntransitiveSpecial	VerbTransitive	VerbTransitiveSpecial	VerbIntransitive	VerbIntransitiveSpecial	VerbTransitive	VerbTransitiveSpecial	NotRightConjunct	NotRightConjunct	NoSpecialCaseForm	Locative_u	Genitive_u	Plural_consonant	Genitive_Locative_u	GenitivePlural_Zero	NominativePlural_a	SpecialPlual	SpecialVocative	NoSpecialCaseForm	Locative_u	Genitive_u	Plural_consonant	Genitive_Locative_u	GenitivePlural_Zero	NominativePlural_a	SpecialPlual	SpecialVocative	NoContrast	NoContrast	NormalCapitalization	NormalCapitalization	PO_Prefixoid	Rus_Prefixoid	VPOL_Prefixoid	NE_Prefixoid	Eval_Prefixoid	Intern_Prefixoid	Reduced_Prefixoid	InternHy_Prefixoid	Letter_Prefixoid	BEZ_Prefixoid	BES_Prefixoid	BEZer_Prefixoid	V_Prefixoid	InternModEr_Prefixoid	RusHy_Prefixoid	NAI_Prefixoid	POL_Prefixoid	NI_Prefixoid	KOE_Prefixoid	Intern_ReducedPrefixoid	InternMod_Prefixoid	Chem_Prefixoid	ProperNamePrefixoid	Chemical_Possible	PO_Prefixoid	Rus_Prefixoid	VPOL_Prefixoid	NE_Prefixoid	Eval_Prefixoid	Intern_Prefixoid	Reduced_Prefixoid	InternHy_Prefixoid	Letter_Prefixoid	BEZ_Prefixoid	BES_Prefixoid	BEZer_Prefixoid	V_Prefixoid	InternModEr_Prefixoid	RusHy_Prefixoid	NAI_Prefixoid	POL_Prefixoid	NI_Prefixoid	KOE_Prefixoid	Intern_ReducedPrefixoid	InternMod_Prefixoid	Chem_Prefixoid	ProperNamePrefixoid	Chemical_Possible	ParticipleFullForm	ParticipleShortForm	ParticipleFullForm	ParticipleShortForm	Plural	Singular	Plural	Singular	FiveAndMore	Three	Four	Two	SevenEight	FiveAndMore	Three	Four	Two	SevenEight	AdjectiveFullForm	AdjectiveShortForm	AdjectiveShortFlectional	AdjectiveFullForm	AdjectiveShortForm	AdjectiveShortFlectional	NounProperGeneral	NounProperSurNameFlective	NounProperTown	NounProperName	AdjectiveProper	NounProperPatronymic	NounProperNameDimin	AbbrProperGeneral	NounProperSurNameForeign	NounProperGeneral	NounProperSurNameFlective	NounProperTown	NounProperName	AdjectiveProper	NounProperPatronymic	NounProperNameDimin	AbbrProperGeneral	NounProperSurNameForeign	NormalNumberParadigm	NormalNumberParadigm	FullRealization	FullRealization
87	44	подчинение	подчинение	285414	285408	Inanimate	Reflexive	FullReflexivity	NonReflexive	ImperfectiveReflexivity	NormalMorphForm	DefectOne	DefectTwo	Byt	DefectThree	DefectFour	GTNoun	NotEllipted	VocalForm	NForm	NotControlled	ZeroTypeOfCoordination	NoCompositeness	DegreeComparative	DegreePositive	DegreeSuperlative	Adverb_Un_Hyphen	Adverb_With_Hyphen	DeclensionNominal	Un_Comp_Suf	BiAspectual	MonoAspectual	Paired	FullSynthComparison	NoSynthComparative	NoSynthSuperlative	OnlySuperlative	MOne	MTwo	MThree	NormalClassifyingCapitalization	Future	Past	Present	Noun	ZeroDoubleConjunct	NotCommonChild	Accusative	Nominative	RCDemonstrative	RCAttributive	RCPossessive	RCIndefinite	RCPersonal	RCInterrogative	RCNegative	RCReflexive	RCNoun	NoPlacement	Imperfective	Perfective	NotDefaultFiller	Neuter	NoLeftmostPlacement	Iterat	UnIterat	NoRightmostPlacement	NotLeftConjunct	PersonFirst	PersonSecond	PersonThird	PersonZero	Active	VoiceSya	Passive	VerbIntransitive	VerbIntransitiveSpecial	VerbTransitive	VerbTransitiveSpecial	NotRightConjunct	NoSpecialCaseForm	NoContrast	NormalCapitalization	PO_Prefixoid	Rus_Prefixoid	VPOL_Prefixoid	NE_Prefixoid	Eval_Prefixoid	Intern_Prefixoid	Reduced_Prefixoid	InternHy_Prefixoid	Letter_Prefixoid	BEZ_Prefixoid	BES_Prefixoid	BEZer_Prefixoid	V_Prefixoid	InternModEr_Prefixoid	RusHy_Prefixoid	NAI_Prefixoid	POL_Prefixoid	NI_Prefixoid	KOE_Prefixoid	Intern_ReducedPrefixoid	InternMod_Prefixoid	Chem_Prefixoid	ProperNamePrefixoid	Chemical_Possible	ParticipleFullForm	ParticipleShortForm	Singular	FiveAndMore	Three	Four	Two	SevenEight	AdjectiveFullForm	AdjectiveShortForm	AdjectiveShortFlectional	NounProperGeneral	NounProperSurNameFlective	NounProperTown	NounProperName	AdjectiveProper	NounProperPatronymic	NounProperNameDimin	AbbrProperGeneral	NounProperSurNameForeign	NormalNumberParadigm	FullRealization
87	55	перешли	перешли	285408	-1	Animate	Inanimate	Animate	Inanimate	ImperfectiveReflexivity	FullReflexivity	NormalMorphForm	NormalMorphForm	DefectOne	DefectTwo	Byt	DefectThree	DefectFour	DefectOne	DefectTwo	Byt	DefectThree	DefectFour	GTVerb	GTImperative	NotEllipted	NotEllipted	VocalForm	NForm	VocalForm	NForm	NotControlled	NotControlled	ZeroTypeOfCoordination	ZeroTypeOfCoordination	Composite_ski	Composite_iko	Composite_sko	NoCompositeness	Composite_o	Composite_e	Composite_usek	Composite_null	Composite_Numeral	Composite_cko	Composite_cki	Composite_ComplexNumeral	Composite_NumeralFull	Composite_NumeralShort	Composite_ski	Composite_iko	Composite_sko	NoCompositeness	Composite_o	Composite_e	Composite_usek	Composite_null	Composite_Numeral	Composite_cko	Composite_cki	Composite_ComplexNumeral	Composite_NumeralFull	Composite_NumeralShort	DegreeComparative	DegreePositive	DegreeSuperlative	DegreeComparative	DegreePositive	DegreeSuperlative	Adverb_Un_Hyphen	Adverb_With_Hyphen	Adverb_Un_Hyphen	Adverb_With_Hyphen	DeclensionAdjectival	DeclensionNominal	DeclensionMixed	Indeclinable	DeclensionAdjectival	DeclensionNominal	DeclensionMixed	Indeclinable	Comp_Suffixoid	Un_Comp_Suf	Comp_Suffixoid_Num_OJ	Comp_Suffixoid_Num_YJ	Comp_Suffixoid_Num_IJ	Comp_Suffixoid_Num_J	Comp_PunctuatorPost	Comp_PunctuatorPref	Comp_PunctuatorPostSeparable	Comp_PunctuatorPrefSeparable	Comp_Prefixoid	Comp_Suffixoid_Num_PercentYJ	Comp_Noun	Comp_Suffixoid_Chem	Comp_Adj	Comp_SuffixoidAbbr	Comp_Suffixoid	Un_Comp_Suf	Comp_Suffixoid_Num_OJ	Comp_Suffixoid_Num_YJ	Comp_Suffixoid_Num_IJ	Comp_Suffixoid_Num_J	Comp_PunctuatorPost	Comp_PunctuatorPref	Comp_PunctuatorPostSeparable	Comp_PunctuatorPrefSeparable	Comp_Prefixoid	Comp_Suffixoid_Num_PercentYJ	Comp_Noun	Comp_Suffixoid_Chem	Comp_Adj	Comp_SuffixoidAbbr	Paired	Paired	FullSynthComparison	NoSynthComparative	NoSynthSuperlative	OnlySuperlative	FullSynthComparison	NoSynthComparative	NoSynthSuperlative	OnlySuperlative	MOne	MTwo	MThree	MOne	MTwo	MThree	NormalClassifyingCapitalization	NormalClassifyingCapitalization	Past	Future	Past	Present	Verb	Verb	ZeroDoubleConjunct	ZeroDoubleConjunct	NotCommonChild	NotCommonChild	Accusative	Dative	Genitive	Instrumental	Locative	Nominative	Partitive	Prepositional	DativeSpecial	ZeroCase	Vocative	Accusative	Dative	Genitive	Instrumental	Locative	Nominative	Partitive	Prepositional	DativeSpecial	ZeroCase	Vocative	RCDemonstrative	RCAttributive	RCPossessive	RCIndefinite	RCPersonal	RCInterrogative	RCNegative	RCReflexive	RCNoun	RCDemonstrative	RCAttributive	RCPossessive	RCIndefinite	RCPersonal	RCInterrogative	RCNegative	RCReflexive	RCNoun	NoPlacement	NoPlacement	Perfective	Perfective	NotDefaultFiller	NotDefaultFiller	Feminine	Masculine	Neuter	Common	Feminine	Masculine	Neuter	Common	NoLeftmostPlacement	NoLeftmostPlacement	UnIterat	UnIterat	NoRightmostPlacement	NoRightmostPlacement	NotLeftConjunct	NotLeftConjunct	PersonFirst	PersonSecond	PersonThird	PersonZero	PersonSecond	Active	Active	VerbTransitive	VerbTransitive	NotRightConjunct	NotRightConjunct	NoSpecialCaseForm	Locative_u	Genitive_u	Plural_consonant	Genitive_Locative_u	GenitivePlural_Zero	NominativePlural_a	SpecialPlual	SpecialVocative	NoSpecialCaseForm	Locative_u	Genitive_u	Plural_consonant	Genitive_Locative_u	GenitivePlural_Zero	NominativePlural_a	SpecialPlual	SpecialVocative	NoContrast	NoContrast	NormalCapitalization	NormalCapitalization	PO_Prefixoid	Rus_Prefixoid	VPOL_Prefixoid	NE_Prefixoid	Eval_Prefixoid	Intern_Prefixoid	Reduced_Prefixoid	InternHy_Prefixoid	Letter_Prefixoid	BEZ_Prefixoid	BES_Prefixoid	BEZer_Prefixoid	V_Prefixoid	InternModEr_Prefixoid	RusHy_Prefixoid	NAI_Prefixoid	POL_Prefixoid	NI_Prefixoid	KOE_Prefixoid	Intern_ReducedPrefixoid	InternMod_Prefixoid	Chem_Prefixoid	ProperNamePrefixoid	Chemical_Possible	PO_Prefixoid	Rus_Prefixoid	VPOL_Prefixoid	NE_Prefixoid	Eval_Prefixoid	Intern_Prefixoid	Reduced_Prefixoid	InternHy_Prefixoid	Letter_Prefixoid	BEZ_Prefixoid	BES_Prefixoid	BEZer_Prefixoid	V_Prefixoid	InternModEr_Prefixoid	RusHy_Prefixoid	NAI_Prefixoid	POL_Prefixoid	NI_Prefixoid	KOE_Prefixoid	Intern_ReducedPrefixoid	InternMod_Prefixoid	Chem_Prefixoid	ProperNamePrefixoid	Chemical_Possible	ParticipleFullForm	ParticipleShortForm	ParticipleFullForm	ParticipleShortForm	Plural	Singular	FiveAndMore	Three	Four	Two	SevenEight	FiveAndMore	Three	Four	Two	SevenEight	AdjectiveFullForm	AdjectiveShortForm	AdjectiveShortFlectional	AdjectiveFullForm	AdjectiveShortForm	AdjectiveShortFlectional	NounProperGeneral	NounProperSurNameFlective	NounProperTown	NounProperName	AdjectiveProper	NounProperPatronymic	NounProperNameDimin	AbbrProperGeneral	NounProperSurNameForeign	NounProperGeneral	NounProperSurNameFlective	NounProperTown	NounProperName	AdjectiveProper	NounProperPatronymic	NounProperNameDimin	AbbrProperGeneral	NounProperSurNameForeign	NormalNumberParadigm	NormalNumberParadigm	FullRealization	FullRealization
87	63	три	три	285417	285416	Animate	Inanimate	Animate	Inanimate	Reflexive	FullReflexivity	NonReflexive	ImperfectiveReflexivity	FullReflexivity	NormalMorphForm	NormalMorphForm	DefectOne	DefectTwo	Byt	DefectThree	DefectFour	DefectOne	DefectTwo	Byt	DefectThree	DefectFour	GTInvariable	GTNumeral	GTImperative	NotEllipted	NotEllipted	VocalForm	NForm	VocalForm	NForm	NotControlled	NotControlled	ZeroTypeOfCoordination	ZeroTypeOfCoordination	Composite_ski	Composite_iko	Composite_sko	NoCompositeness	Composite_o	Composite_e	Composite_usek	Composite_null	Composite_Numeral	Composite_cko	Composite_cki	Composite_ComplexNumeral	Composite_NumeralFull	Composite_NumeralShort	Composite_ski	Composite_iko	Composite_sko	NoCompositeness	Composite_o	Composite_e	Composite_usek	Composite_null	Composite_Numeral	Composite_cko	Composite_cki	Composite_ComplexNumeral	Composite_NumeralFull	Composite_NumeralShort	DegreeComparative	DegreePositive	DegreeSuperlative	DegreeComparative	DegreePositive	DegreeSuperlative	Adverb_Un_Hyphen	Adverb_With_Hyphen	Adverb_Un_Hyphen	Adverb_With_Hyphen	DeclensionAdjectival	DeclensionNominal	DeclensionMixed	Indeclinable	DeclensionAdjectival	DeclensionNominal	DeclensionMixed	Indeclinable	Un_Comp_Suf	Comp_Suffixoid	Un_Comp_Suf	Comp_Suffixoid_Num_OJ	Comp_Suffixoid_Num_YJ	Comp_Suffixoid_Num_IJ	Comp_Suffixoid_Num_J	Comp_PunctuatorPost	Comp_PunctuatorPref	Comp_PunctuatorPostSeparable	Comp_PunctuatorPrefSeparable	Comp_Prefixoid	Comp_Suffixoid_Num_PercentYJ	Comp_Noun	Comp_Suffixoid_Chem	Comp_Adj	Comp_SuffixoidAbbr	BiAspectual	MonoAspectual	Paired	MonoAspectual	FullSynthComparison	NoSynthComparative	NoSynthSuperlative	OnlySuperlative	FullSynthComparison	NoSynthComparative	NoSynthSuperlative	OnlySuperlative	MOne	MTwo	MThree	MOne	MTwo	MThree	NormalClassifyingCapitalization	NormalClassifyingCapitalization	Future	Past	Present	Future	Past	Present	Numeral	Prefixoid	Verb	ZeroDoubleConjunct	ZeroDoubleConjunct	NotCommonChild	NotCommonChild	Accusative	Dative	Genitive	Instrumental	Locative	Nominative	Partitive	Prepositional	DativeSpecial	ZeroCase	Vocative	Accusative	Dative	Genitive	Instrumental	Locative	Nominative	Partitive	Prepositional	DativeSpecial	ZeroCase	Vocative	RCDemonstrative	RCAttributive	RCPossessive	RCIndefinite	RCPersonal	RCInterrogative	RCNegative	RCReflexive	RCNoun	RCDemonstrative	RCAttributive	RCPossessive	RCIndefinite	RCPersonal	RCInterrogative	RCNegative	RCReflexive	RCNoun	NoPlacement	NoPlacement	Imperfective	Perfective	Imperfective	NotDefaultFiller	NotDefaultFiller	Feminine	Masculine	Neuter	Common	Feminine	Masculine	Neuter	Common	NoLeftmostPlacement	NoLeftmostPlacement	Iterat	UnIterat	UnIterat	NoRightmostPlacement	NoRightmostPlacement	NotLeftConjunct	NotLeftConjunct	PersonFirst	PersonSecond	PersonThird	PersonZero	PersonSecond	Active	VoiceSya	Passive	Active	VerbIntransitive	VerbIntransitiveSpecial	VerbTransitive	VerbTransitiveSpecial	VerbTransitive	NotRightConjunct	NotRightConjunct	NoSpecialCaseForm	Locative_u	Genitive_u	Plural_consonant	Genitive_Locative_u	GenitivePlural_Zero	NominativePlural_a	SpecialPlual	SpecialVocative	NoSpecialCaseForm	Locative_u	Genitive_u	Plural_consonant	Genitive_Locative_u	GenitivePlural_Zero	NominativePlural_a	SpecialPlual	SpecialVocative	NoContrast	NoContrast	NormalCapitalization	NormalCapitalization	PO_Prefixoid	Rus_Prefixoid	VPOL_Prefixoid	NE_Prefixoid	Eval_Prefixoid	Intern_Prefixoid	Reduced_Prefixoid	InternHy_Prefixoid	Letter_Prefixoid	BEZ_Prefixoid	BES_Prefixoid	BEZer_Prefixoid	V_Prefixoid	InternModEr_Prefixoid	RusHy_Prefixoid	NAI_Prefixoid	POL_Prefixoid	NI_Prefixoid	KOE_Prefixoid	Intern_ReducedPrefixoid	InternMod_Prefixoid	Chem_Prefixoid	ProperNamePrefixoid	Chemical_Possible	PO_Prefixoid	Rus_Prefixoid	VPOL_Prefixoid	NE_Prefixoid	Eval_Prefixoid	Intern_Prefixoid	Reduced_Prefixoid	InternHy_Prefixoid	Letter_Prefixoid	BEZ_Prefixoid	BES_Prefixoid	BEZer_Prefixoid	V_Prefixoid	InternModEr_Prefixoid	RusHy_Prefixoid	NAI_Prefixoid	POL_Prefixoid	NI_Prefixoid	KOE_Prefixoid	Intern_ReducedPrefixoid	InternMod_Prefixoid	Chem_Prefixoid	ProperNamePrefixoid	Chemical_Possible	ParticipleFullForm	ParticipleShortForm	ParticipleFullForm	ParticipleShortForm	Plural	Singular	Singular	FiveAndMore	Three	Four	Two	SevenEight	FiveAndMore	Three	Four	Two	SevenEight	AdjectiveFullForm	AdjectiveShortForm	AdjectiveShortFlectional	AdjectiveFullForm	AdjectiveShortForm	AdjectiveShortFlectional	NounProperGeneral	NounProperSurNameFlective	NounProperTown	NounProperName	AdjectiveProper	NounProperPatronymic	NounProperNameDimin	AbbrProperGeneral	NounProperSurNameForeign	NounProperGeneral	NounProperSurNameFlective	NounProperTown	NounProperName	AdjectiveProper	NounProperPatronymic	NounProperNameDimin	AbbrProperGeneral	NounProperSurNameForeign	NormalNumberParadigm	NormalNumberParadigm	FullRealization	FullRealization
87	67	службы	службы	285416	285408	Inanimate	Reflexive	FullReflexivity	NonReflexive	ImperfectiveReflexivity	NormalMorphForm	DefectOne	DefectTwo	Byt	DefectThree	DefectFour	GTNoun	NotEllipted	VocalForm	NForm	NotControlled	ZeroTypeOfCoordination	NoCompositeness	DegreeComparative	DegreePositive	DegreeSuperlative	Adverb_Un_Hyphen	Adverb_With_Hyphen	DeclensionNominal	Un_Comp_Suf	BiAspectual	MonoAspectual	Paired	FullSynthComparison	NoSynthComparative	NoSynthSuperlative	OnlySuperlative	MOne	MTwo	MThree	NormalClassifyingCapitalization	Future	Past	Present	Noun	ZeroDoubleConjunct	NotCommonChild	Accusative	Genitive	Nominative	Partitive	RCDemonstrative	RCAttributive	RCPossessive	RCIndefinite	RCPersonal	RCInterrogative	RCNegative	RCReflexive	RCNoun	NoPlacement	Imperfective	Perfective	NotDefaultFiller	Feminine	NoLeftmostPlacement	Iterat	UnIterat	NoRightmostPlacement	NotLeftConjunct	PersonFirst	PersonSecond	PersonThird	PersonZero	Active	VoiceSya	Passive	VerbIntransitive	VerbIntransitiveSpecial	VerbTransitive	VerbTransitiveSpecial	NotRightConjunct	NoSpecialCaseForm	NoContrast	NormalCapitalization	PO_Prefixoid	Rus_Prefixoid	VPOL_Prefixoid	NE_Prefixoid	Eval_Prefixoid	Intern_Prefixoid	Reduced_Prefixoid	InternHy_Prefixoid	Letter_Prefixoid	BEZ_Prefixoid	BES_Prefixoid	BEZer_Prefixoid	V_Prefixoid	InternModEr_Prefixoid	RusHy_Prefixoid	NAI_Prefixoid	POL_Prefixoid	NI_Prefixoid	KOE_Prefixoid	Intern_ReducedPrefixoid	InternMod_Prefixoid	Chem_Prefixoid	ProperNamePrefixoid	Chemical_Possible	ParticipleFullForm	ParticipleShortForm	Plural	Singular	FiveAndMore	Three	Four	Two	SevenEight	AdjectiveFullForm	AdjectiveShortForm	AdjectiveShortFlectional	NounProperGeneral	NounProperSurNameFlective	NounProperTown	NounProperName	AdjectiveProper	NounProperPatronymic	NounProperNameDimin	AbbrProperGeneral	NounProperSurNameForeign	NormalNumberParadigm	FullRealization
87	75	Федеральная	Федеральная	285419	285418	Animate	Inanimate	Reflexive	FullReflexivity	NonReflexive	ImperfectiveReflexivity	NormalMorphForm	NormalMorphForm	DefectOne	DefectTwo	Byt	DefectThree	DefectFour	GTAdjective	NotEllipted	NotEllipted	VocalForm	NForm	NotControlled	NotControlled	ZeroTypeOfCoordination	ZeroTypeOfCoordination	NoCompositeness	DegreePositive	Adverb_Un_Hyphen	Adverb_With_Hyphen	DeclensionAdjectival	DeclensionNominal	DeclensionMixed	Indeclinable	Un_Comp_Suf	BiAspectual	MonoAspectual	Paired	NoSynthComparative	MOne	MTwo	MThree	NormalClassifyingCapitalization	NormalClassifyingCapitalization	Future	Past	Present	Adjective	ZeroDoubleConjunct	ZeroDoubleConjunct	NotCommonChild	NotCommonChild	Nominative	RCDemonstrative	RCAttributive	RCPossessive	RCIndefinite	RCPersonal	RCInterrogative	RCNegative	RCReflexive	RCNoun	NoPlacement	NoPlacement	Imperfective	Perfective	NotDefaultFiller	NotDefaultFiller	Feminine	NoLeftmostPlacement	NoLeftmostPlacement	Iterat	UnIterat	NoRightmostPlacement	NoRightmostPlacement	NotLeftConjunct	NotLeftConjunct	PersonFirst	PersonSecond	PersonThird	PersonZero	Active	VoiceSya	Passive	VerbIntransitive	VerbIntransitiveSpecial	VerbTransitive	VerbTransitiveSpecial	NotRightConjunct	NotRightConjunct	NoSpecialCaseForm	Locative_u	Genitive_u	Plural_consonant	Genitive_Locative_u	GenitivePlural_Zero	NominativePlural_a	SpecialPlual	SpecialVocative	NoContrast	NoContrast	NormalCapitalization	NormalCapitalization	PO_Prefixoid	Rus_Prefixoid	VPOL_Prefixoid	NE_Prefixoid	Eval_Prefixoid	Intern_Prefixoid	Reduced_Prefixoid	InternHy_Prefixoid	Letter_Prefixoid	BEZ_Prefixoid	BES_Prefixoid	BEZer_Prefixoid	V_Prefixoid	InternModEr_Prefixoid	RusHy_Prefixoid	NAI_Prefixoid	POL_Prefixoid	NI_Prefixoid	KOE_Prefixoid	Intern_ReducedPrefixoid	InternMod_Prefixoid	Chem_Prefixoid	ProperNamePrefixoid	Chemical_Possible	ParticipleFullForm	ParticipleShortForm	Singular	FiveAndMore	Three	Four	Two	SevenEight	AdjectiveFullForm	NounProperGeneral	NounProperSurNameFlective	NounProperTown	NounProperName	AdjectiveProper	NounProperPatronymic	NounProperNameDimin	AbbrProperGeneral	NounProperSurNameForeign	NormalNumberParadigm	NormalNumberParadigm	FullRealization	FullRealization
87	87	служба	служба	285418	285416	Inanimate	Reflexive	FullReflexivity	NonReflexive	ImperfectiveReflexivity	NormalMorphForm	DefectOne	DefectTwo	Byt	DefectThree	DefectFour	GTNoun	NotEllipted	VocalForm	NForm	NotControlled	ZeroTypeOfCoordination	NoCompositeness	DegreeComparative	DegreePositive	DegreeSuperlative	Adverb_Un_Hyphen	Adverb_With_Hyphen	DeclensionNominal	Un_Comp_Suf	BiAspectual	MonoAspectual	Paired	FullSynthComparison	NoSynthComparative	NoSynthSuperlative	OnlySuperlative	MOne	MTwo	MThree	NormalClassifyingCapitalization	Future	Past	Present	Noun	ZeroDoubleConjunct	NotCommonChild	Nominative	RCDemonstrative	RCAttributive	RCPossessive	RCIndefinite	RCPersonal	RCInterrogative	RCNegative	RCReflexive	RCNoun	NoPlacement	Imperfective	Perfective	NotDefaultFiller	Feminine	NoLeftmostPlacement	Iterat	UnIterat	NoRightmostPlacement	NotLeftConjunct	PersonFirst	PersonSecond	PersonThird	PersonZero	Active	VoiceSya	Passive	VerbIntransitive	VerbIntransitiveSpecial	VerbTransitive	VerbTransitiveSpecial	NotRightConjunct	NoSpecialCaseForm	NoContrast	NormalCapitalization	PO_Prefixoid	Rus_Prefixoid	VPOL_Prefixoid	NE_Prefixoid	Eval_Prefixoid	Intern_Prefixoid	Reduced_Prefixoid	InternHy_Prefixoid	Letter_Prefixoid	BEZ_Prefixoid	BES_Prefixoid	BEZer_Prefixoid	V_Prefixoid	InternModEr_Prefixoid	RusHy_Prefixoid	NAI_Prefixoid	POL_Prefixoid	NI_Prefixoid	KOE_Prefixoid	Intern_ReducedPrefixoid	InternMod_Prefixoid	Chem_Prefixoid	ProperNamePrefixoid	Chemical_Possible	ParticipleFullForm	ParticipleShortForm	Singular	FiveAndMore	Three	Four	Two	SevenEight	AdjectiveFullForm	AdjectiveShortForm	AdjectiveShortFlectional	NounProperGeneral	NounProperSurNameFlective	NounProperTown	NounProperName	AdjectiveProper	NounProperPatronymic	NounProperNameDimin	AbbrProperGeneral	NounProperSurNameForeign	NormalNumberParadigm	FullRealization
87	94	по	по	285421	285420	Animate	Inanimate	Reflexive	FullReflexivity	NonReflexive	ImperfectiveReflexivity	NormalMorphForm	DefectOne	DefectTwo	Byt	DefectThree	DefectFour	GTInvariable	NotEllipted	VocalForm	NForm	NotControlled	ZeroTypeOfCoordination	Composite_ski	Composite_iko	Composite_sko	NoCompositeness	Composite_o	Composite_e	Composite_usek	Composite_null	Composite_Numeral	Composite_cko	Composite_cki	Composite_ComplexNumeral	Composite_NumeralFull	Composite_NumeralShort	DegreeComparative	DegreePositive	DegreeSuperlative	Adverb_Un_Hyphen	Adverb_With_Hyphen	DeclensionAdjectival	DeclensionNominal	DeclensionMixed	Indeclinable	Comp_Suffixoid	Un_Comp_Suf	Comp_Suffixoid_Num_OJ	Comp_Suffixoid_Num_YJ	Comp_Suffixoid_Num_IJ	Comp_Suffixoid_Num_J	Comp_PunctuatorPost	Comp_PunctuatorPref	Comp_PunctuatorPostSeparable	Comp_PunctuatorPrefSeparable	Comp_Prefixoid	Comp_Suffixoid_Num_PercentYJ	Comp_Noun	Comp_Suffixoid_Chem	Comp_Adj	Comp_SuffixoidAbbr	BiAspectual	MonoAspectual	Paired	FullSynthComparison	NoSynthComparative	NoSynthSuperlative	OnlySuperlative	MOne	MTwo	MThree	NormalClassifyingCapitalization	Future	Past	Present	Preposition	ZeroDoubleConjunct	NotCommonChild	Accusative	Dative	Genitive	Instrumental	Locative	Nominative	Partitive	Prepositional	DativeSpecial	ZeroCase	Vocative	RCDemonstrative	RCAttributive	RCPossessive	RCIndefinite	RCPersonal	RCInterrogative	RCNegative	RCReflexive	RCNoun	NoPlacement	Imperfective	Perfective	NotDefaultFiller	Feminine	Masculine	Neuter	Common	NoLeftmostPlacement	Iterat	UnIterat	NoRightmostPlacement	NotLeftConjunct	PersonFirst	PersonSecond	PersonThird	PersonZero	Active	VoiceSya	Passive	VerbIntransitive	VerbIntransitiveSpecial	VerbTransitive	VerbTransitiveSpecial	NotRightConjunct	NoSpecialCaseForm	Locative_u	Genitive_u	Plural_consonant	Genitive_Locative_u	GenitivePlural_Zero	NominativePlural_a	SpecialPlual	SpecialVocative	NoContrast	NormalCapitalization	PO_Prefixoid	Rus_Prefixoid	VPOL_Prefixoid	NE_Prefixoid	Eval_Prefixoid	Intern_Prefixoid	Reduced_Prefixoid	InternHy_Prefixoid	Letter_Prefixoid	BEZ_Prefixoid	BES_Prefixoid	BEZer_Prefixoid	V_Prefixoid	InternModEr_Prefixoid	RusHy_Prefixoid	NAI_Prefixoid	POL_Prefixoid	NI_Prefixoid	KOE_Prefixoid	Intern_ReducedPrefixoid	InternMod_Prefixoid	Chem_Prefixoid	ProperNamePrefixoid	Chemical_Possible	ParticipleFullForm	ParticipleShortForm	Plural	Singular	FiveAndMore	Three	Four	Two	SevenEight	AdjectiveFullForm	AdjectiveShortForm	AdjectiveShortFlectional	NounProperGeneral	NounProperSurNameFlective	NounProperTown	NounProperName	AdjectiveProper	NounProperPatronymic	NounProperNameDimin	AbbrProperGeneral	NounProperSurNameForeign	NormalNumberParadigm	FullRealization
87	97	надзору	надзору	285420	285418	Inanimate	Reflexive	FullReflexivity	NonReflexive	ImperfectiveReflexivity	NormalMorphForm	DefectOne	DefectTwo	Byt	DefectThree	DefectFour	GTNoun	NotEllipted	VocalForm	NForm	NotControlled	ZeroTypeOfCoordination	NoCompositeness	DegreeComparative	DegreePositive	DegreeSuperlative	Adverb_Un_Hyphen	Adverb_With_Hyphen	DeclensionNominal	Un_Comp_Suf	BiAspectual	MonoAspectual	Paired	FullSynthComparison	NoSynthComparative	NoSynthSuperlative	OnlySuperlative	MOne	MTwo	MThree	NormalClassifyingCapitalization	Future	Past	Present	Noun	ZeroDoubleConjunct	NotCommonChild	Dative	RCDemonstrative	RCAttributive	RCPossessive	RCIndefinite	RCPersonal	RCInterrogative	RCNegative	RCReflexive	RCNoun	NoPlacement	Imperfective	Perfective	NotDefaultFiller	Masculine	NoLeftmostPlacement	Iterat	UnIterat	NoRightmostPlacement	NotLeftConjunct	PersonFirst	PersonSecond	PersonThird	PersonZero	Active	VoiceSya	Passive	VerbIntransitive	VerbIntransitiveSpecial	VerbTransitive	VerbTransitiveSpecial	NotRightConjunct	NoSpecialCaseForm	NoContrast	NormalCapitalization	PO_Prefixoid	Rus_Prefixoid	VPOL_Prefixoid	NE_Prefixoid	Eval_Prefixoid	Intern_Prefixoid	Reduced_Prefixoid	InternHy_Prefixoid	Letter_Prefixoid	BEZ_Prefixoid	BES_Prefixoid	BEZer_Prefixoid	V_Prefixoid	InternModEr_Prefixoid	RusHy_Prefixoid	NAI_Prefixoid	POL_Prefixoid	NI_Prefixoid	KOE_Prefixoid	Intern_ReducedPrefixoid	InternMod_Prefixoid	Chem_Prefixoid	ProperNamePrefixoid	Chemical_Possible	ParticipleFullForm	ParticipleShortForm	Singular	FiveAndMore	Three	Four	Two	SevenEight	AdjectiveFullForm	AdjectiveShortForm	AdjectiveShortFlectional	NounProperGeneral	NounProperSurNameFlective	NounProperTown	NounProperName	AdjectiveProper	NounProperPatronymic	NounProperNameDimin	AbbrProperGeneral	NounProperSurNameForeign	NormalNumberParadigm	FullRealization
87	105	в	в	285423	285422	Animate	Inanimate	Inanimate	Reflexive	FullReflexivity	NonReflexive	ImperfectiveReflexivity	Reflexive	FullReflexivity	NonReflexive	ImperfectiveReflexivity	NormalMorphForm	NormalMorphForm	DefectOne	DefectTwo	Byt	DefectThree	DefectFour	DefectOne	DefectTwo	Byt	DefectThree	DefectFour	GTInvariable	GTNoun	NotEllipted	NotEllipted	VocalForm	NForm	VocalForm	NForm	NotControlled	NotControlled	ZeroTypeOfCoordination	ZeroTypeOfCoordination	Composite_ski	Composite_iko	Composite_sko	NoCompositeness	Composite_o	Composite_e	Composite_usek	Composite_null	Composite_Numeral	Composite_cko	Composite_cki	Composite_ComplexNumeral	Composite_NumeralFull	Composite_NumeralShort	NoCompositeness	DegreeComparative	DegreePositive	DegreeSuperlative	DegreeComparative	DegreePositive	DegreeSuperlative	Adverb_Un_Hyphen	Adverb_With_Hyphen	Adverb_Un_Hyphen	Adverb_With_Hyphen	DeclensionAdjectival	DeclensionNominal	DeclensionMixed	Indeclinable	Indeclinable	Comp_Suffixoid	Un_Comp_Suf	Comp_Suffixoid_Num_OJ	Comp_Suffixoid_Num_YJ	Comp_Suffixoid_Num_IJ	Comp_Suffixoid_Num_J	Comp_PunctuatorPost	Comp_PunctuatorPref	Comp_PunctuatorPostSeparable	Comp_PunctuatorPrefSeparable	Comp_Prefixoid	Comp_Suffixoid_Num_PercentYJ	Comp_Noun	Comp_Suffixoid_Chem	Comp_Adj	Comp_SuffixoidAbbr	Comp_PunctuatorPostSeparable	BiAspectual	MonoAspectual	Paired	BiAspectual	MonoAspectual	Paired	FullSynthComparison	NoSynthComparative	NoSynthSuperlative	OnlySuperlative	FullSynthComparison	NoSynthComparative	NoSynthSuperlative	OnlySuperlative	MOne	MTwo	MThree	MOne	MTwo	MThree	NormalClassifyingCapitalization	NormalClassifyingCapitalization	Future	Past	Present	Future	Past	Present	Preposition	Noun	ZeroDoubleConjunct	ZeroDoubleConjunct	NotCommonChild	NotCommonChild	Accusative	Dative	Genitive	Instrumental	Locative	Nominative	Partitive	Prepositional	DativeSpecial	ZeroCase	Vocative	Accusative	Dative	Genitive	Instrumental	Locative	Nominative	Partitive	Prepositional	RCDemonstrative	RCAttributive	RCPossessive	RCIndefinite	RCPersonal	RCInterrogative	RCNegative	RCReflexive	RCNoun	RCDemonstrative	RCAttributive	RCPossessive	RCIndefinite	RCPersonal	RCInterrogative	RCNegative	RCReflexive	RCNoun	NoPlacement	NoPlacement	Imperfective	Perfective	Imperfective	Perfective	NotDefaultFiller	NotDefaultFiller	Feminine	Masculine	Neuter	Common	Masculine	NoLeftmostPlacement	NoLeftmostPlacement	Iterat	UnIterat	Iterat	UnIterat	NoRightmostPlacement	NoRightmostPlacement	NotLeftConjunct	NotLeftConjunct	PersonFirst	PersonSecond	PersonThird	PersonZero	PersonFirst	PersonSecond	PersonThird	PersonZero	Active	VoiceSya	Passive	Active	VoiceSya	Passive	VerbIntransitive	VerbIntransitiveSpecial	VerbTransitive	VerbTransitiveSpecial	VerbIntransitive	VerbIntransitiveSpecial	VerbTransitive	VerbTransitiveSpecial	NotRightConjunct	NotRightConjunct	NoSpecialCaseForm	Locative_u	Genitive_u	Plural_consonant	Genitive_Locative_u	GenitivePlural_Zero	NominativePlural_a	SpecialPlual	SpecialVocative	NoSpecialCaseForm	Locative_u	Genitive_u	Plural_consonant	Genitive_Locative_u	GenitivePlural_Zero	NominativePlural_a	SpecialPlual	SpecialVocative	NoContrast	NoContrast	NormalCapitalization	NormalCapitalization	PO_Prefixoid	Rus_Prefixoid	VPOL_Prefixoid	NE_Prefixoid	Eval_Prefixoid	Intern_Prefixoid	Reduced_Prefixoid	InternHy_Prefixoid	Letter_Prefixoid	BEZ_Prefixoid	BES_Prefixoid	BEZer_Prefixoid	V_Prefixoid	InternModEr_Prefixoid	RusHy_Prefixoid	NAI_Prefixoid	POL_Prefixoid	NI_Prefixoid	KOE_Prefixoid	Intern_ReducedPrefixoid	InternMod_Prefixoid	Chem_Prefixoid	ProperNamePrefixoid	Chemical_Possible	PO_Prefixoid	Rus_Prefixoid	VPOL_Prefixoid	NE_Prefixoid	Eval_Prefixoid	Intern_Prefixoid	Reduced_Prefixoid	InternHy_Prefixoid	Letter_Prefixoid	BEZ_Prefixoid	BES_Prefixoid	BEZer_Prefixoid	V_Prefixoid	InternModEr_Prefixoid	RusHy_Prefixoid	NAI_Prefixoid	POL_Prefixoid	NI_Prefixoid	KOE_Prefixoid	Intern_ReducedPrefixoid	InternMod_Prefixoid	Chem_Prefixoid	ProperNamePrefixoid	Chemical_Possible	ParticipleFullForm	ParticipleShortForm	ParticipleFullForm	ParticipleShortForm	Plural	Singular	Plural	Singular	FiveAndMore	Three	Four	Two	SevenEight	FiveAndMore	Three	Four	Two	SevenEight	AdjectiveFullForm	AdjectiveShortForm	AdjectiveShortFlectional	AdjectiveFullForm	AdjectiveShortForm	AdjectiveShortFlectional	NounProperGeneral	NounProperSurNameFlective	NounProperTown	NounProperName	AdjectiveProper	NounProperPatronymic	NounProperNameDimin	AbbrProperGeneral	NounProperSurNameForeign	NounProperGeneral	NounProperSurNameFlective	NounProperTown	NounProperName	AdjectiveProper	NounProperPatronymic	NounProperNameDimin	AbbrProperGeneral	NounProperSurNameForeign	NormalNumberParadigm	NormalNumberParadigm	FullRealization	FullRealization
87	107	сфере	сфере	285422	285418	Inanimate	Reflexive	FullReflexivity	NonReflexive	ImperfectiveReflexivity	NormalMorphForm	DefectOne	DefectTwo	Byt	DefectThree	DefectFour	GTNoun	NotEllipted	VocalForm	NForm	NotControlled	ZeroTypeOfCoordination	NoCompositeness	DegreeComparative	DegreePositive	DegreeSuperlative	Adverb_Un_Hyphen	Adverb_With_Hyphen	DeclensionNominal	Un_Comp_Suf	BiAspectual	MonoAspectual	Paired	FullSynthComparison	NoSynthComparative	NoSynthSuperlative	OnlySuperlative	MOne	MTwo	MThree	NormalClassifyingCapitalization	Future	Past	Present	Noun	ZeroDoubleConjunct	NotCommonChild	Dative	Locative	Prepositional	RCDemonstrative	RCAttributive	RCPossessive	RCIndefinite	RCPersonal	RCInterrogative	RCNegative	RCReflexive	RCNoun	NoPlacement	Imperfective	Perfective	NotDefaultFiller	Feminine	NoLeftmostPlacement	Iterat	UnIterat	NoRightmostPlacement	NotLeftConjunct	PersonFirst	PersonSecond	PersonThird	PersonZero	Active	VoiceSya	Passive	VerbIntransitive	VerbIntransitiveSpecial	VerbTransitive	VerbTransitiveSpecial	NotRightConjunct	NoSpecialCaseForm	NoContrast	NormalCapitalization	PO_Prefixoid	Rus_Prefixoid	VPOL_Prefixoid	NE_Prefixoid	Eval_Prefixoid	Intern_Prefixoid	Reduced_Prefixoid	InternHy_Prefixoid	Letter_Prefixoid	BEZ_Prefixoid	BES_Prefixoid	BEZer_Prefixoid	V_Prefixoid	InternModEr_Prefixoid	RusHy_Prefixoid	NAI_Prefixoid	POL_Prefixoid	NI_Prefixoid	KOE_Prefixoid	Intern_ReducedPrefixoid	InternMod_Prefixoid	Chem_Prefixoid	ProperNamePrefixoid	Chemical_Possible	ParticipleFullForm	ParticipleShortForm	Singular	FiveAndMore	Three	Four	Two	SevenEight	AdjectiveFullForm	AdjectiveShortForm	AdjectiveShortFlectional	NounProperGeneral	NounProperSurNameFlective	NounProperTown	NounProperName	AdjectiveProper	NounProperPatronymic	NounProperNameDimin	AbbrProperGeneral	NounProperSurNameForeign	NormalNumberParadigm	FullRealization
87	113	здравоохранения	здравоохранения	285424	285422	Inanimate	Reflexive	FullReflexivity	NonReflexive	ImperfectiveReflexivity	NormalMorphForm	DefectOne	DefectTwo	Byt	DefectThree	DefectFour	GTNoun	NotEllipted	VocalForm	NForm	NotControlled	ZeroTypeOfCoordination	NoCompositeness	DegreeComparative	DegreePositive	DegreeSuperlative	Adverb_Un_Hyphen	Adverb_With_Hyphen	DeclensionNominal	Un_Comp_Suf	BiAspectual	MonoAspectual	Paired	FullSynthComparison	NoSynthComparative	NoSynthSuperlative	OnlySuperlative	MOne	MTwo	MThree	NormalClassifyingCapitalization	Future	Past	Present	Noun	ZeroDoubleConjunct	NotCommonChild	Genitive	Partitive	RCDemonstrative	RCAttributive	RCPossessive	RCIndefinite	RCPersonal	RCInterrogative	RCNegative	RCReflexive	RCNoun	NoPlacement	Imperfective	Perfective	NotDefaultFiller	Neuter	NoLeftmostPlacement	Iterat	UnIterat	NoRightmostPlacement	NotLeftConjunct	PersonFirst	PersonSecond	PersonThird	PersonZero	Active	VoiceSya	Passive	VerbIntransitive	VerbIntransitiveSpecial	VerbTransitive	VerbTransitiveSpecial	NotRightConjunct	NoSpecialCaseForm	NoContrast	NormalCapitalization	PO_Prefixoid	Rus_Prefixoid	VPOL_Prefixoid	NE_Prefixoid	Eval_Prefixoid	Intern_Prefixoid	Reduced_Prefixoid	InternHy_Prefixoid	Letter_Prefixoid	BEZ_Prefixoid	BES_Prefixoid	BEZer_Prefixoid	V_Prefixoid	InternModEr_Prefixoid	RusHy_Prefixoid	NAI_Prefixoid	POL_Prefixoid	NI_Prefixoid	KOE_Prefixoid	Intern_ReducedPrefixoid	InternMod_Prefixoid	Chem_Prefixoid	ProperNamePrefixoid	Chemical_Possible	ParticipleFullForm	ParticipleShortForm	Singular	FiveAndMore	Three	Four	Two	SevenEight	AdjectiveFullForm	AdjectiveShortForm	AdjectiveShortFlectional	NounProperGeneral	NounProperSurNameFlective	NounProperTown	NounProperName	AdjectiveProper	NounProperPatronymic	NounProperNameDimin	AbbrProperGeneral	NounProperSurNameForeign	SingulariaTantum	FullRealization
87	129	и	и	285426	285425	Animate	Inanimate	Reflexive	FullReflexivity	NonReflexive	ImperfectiveReflexivity	NormalMorphForm	DefectOne	DefectTwo	Byt	DefectThree	DefectFour	GTInvariable	NotEllipted	VocalForm	NForm	NotControlled	ZeroTypeOfCoordination	Composite_ski	Composite_iko	Composite_sko	NoCompositeness	Composite_o	Composite_e	Composite_usek	Composite_null	Composite_Numeral	Composite_cko	Composite_cki	Composite_ComplexNumeral	Composite_NumeralFull	Composite_NumeralShort	DegreeComparative	DegreePositive	DegreeSuperlative	Adverb_Un_Hyphen	Adverb_With_Hyphen	DeclensionAdjectival	DeclensionNominal	DeclensionMixed	Indeclinable	Comp_Suffixoid	Un_Comp_Suf	Comp_Suffixoid_Num_OJ	Comp_Suffixoid_Num_YJ	Comp_Suffixoid_Num_IJ	Comp_Suffixoid_Num_J	Comp_PunctuatorPost	Comp_PunctuatorPref	Comp_PunctuatorPostSeparable	Comp_PunctuatorPrefSeparable	Comp_Prefixoid	Comp_Suffixoid_Num_PercentYJ	Comp_Noun	Comp_Suffixoid_Chem	Comp_Adj	Comp_SuffixoidAbbr	BiAspectual	MonoAspectual	Paired	FullSynthComparison	NoSynthComparative	NoSynthSuperlative	OnlySuperlative	MOne	MTwo	MThree	NormalClassifyingCapitalization	Future	Past	Present	Conjunction	Particle	ZeroDoubleConjunct	NotCommonChild	Accusative	Dative	Genitive	Instrumental	Locative	Nominative	Partitive	Prepositional	DativeSpecial	ZeroCase	Vocative	RCDemonstrative	RCAttributive	RCPossessive	RCIndefinite	RCPersonal	RCInterrogative	RCNegative	RCReflexive	RCNoun	NoPlacement	Imperfective	Perfective	NotDefaultFiller	Feminine	Masculine	Neuter	Common	NoLeftmostPlacement	Iterat	UnIterat	NoRightmostPlacement	NotLeftConjunct	PersonFirst	PersonSecond	PersonThird	PersonZero	Active	VoiceSya	Passive	VerbIntransitive	VerbIntransitiveSpecial	VerbTransitive	VerbTransitiveSpecial	NotRightConjunct	NoSpecialCaseForm	Locative_u	Genitive_u	Plural_consonant	Genitive_Locative_u	GenitivePlural_Zero	NominativePlural_a	SpecialPlual	SpecialVocative	NoContrast	NormalCapitalization	PO_Prefixoid	Rus_Prefixoid	VPOL_Prefixoid	NE_Prefixoid	Eval_Prefixoid	Intern_Prefixoid	Reduced_Prefixoid	InternHy_Prefixoid	Letter_Prefixoid	BEZ_Prefixoid	BES_Prefixoid	BEZer_Prefixoid	V_Prefixoid	InternModEr_Prefixoid	RusHy_Prefixoid	NAI_Prefixoid	POL_Prefixoid	NI_Prefixoid	KOE_Prefixoid	Intern_ReducedPrefixoid	InternMod_Prefixoid	Chem_Prefixoid	ProperNamePrefixoid	Chemical_Possible	ParticipleFullForm	ParticipleShortForm	Plural	Singular	FiveAndMore	Three	Four	Two	SevenEight	AdjectiveFullForm	AdjectiveShortForm	AdjectiveShortFlectional	NounProperGeneral	NounProperSurNameFlective	NounProperTown	NounProperName	AdjectiveProper	NounProperPatronymic	NounProperNameDimin	AbbrProperGeneral	NounProperSurNameForeign	NormalNumberParadigm	FullRealization
87	131	социального	социального	285427	285425	Animate	Inanimate	Reflexive	FullReflexivity	NonReflexive	ImperfectiveReflexivity	NormalMorphForm	DefectOne	DefectTwo	Byt	DefectThree	DefectFour	GTAdjective	NotEllipted	VocalForm	NForm	NotControlled	ZeroTypeOfCoordination	NoCompositeness	DegreePositive	Adverb_Un_Hyphen	Adverb_With_Hyphen	DeclensionAdjectival	DeclensionNominal	DeclensionMixed	Indeclinable	Un_Comp_Suf	BiAspectual	MonoAspectual	Paired	NoSynthComparative	MOne	MTwo	MThree	NormalClassifyingCapitalization	Future	Past	Present	Adjective	ZeroDoubleConjunct	NotCommonChild	Accusative	Genitive	Partitive	RCDemonstrative	RCAttributive	RCPossessive	RCIndefinite	RCPersonal	RCInterrogative	RCNegative	RCReflexive	RCNoun	NoPlacement	Imperfective	Perfective	NotDefaultFiller	Masculine	Neuter	NoLeftmostPlacement	Iterat	UnIterat	NoRightmostPlacement	NotLeftConjunct	PersonFirst	PersonSecond	PersonThird	PersonZero	Active	VoiceSya	Passive	VerbIntransitive	VerbIntransitiveSpecial	VerbTransitive	VerbTransitiveSpecial	NotRightConjunct	NoSpecialCaseForm	Locative_u	Genitive_u	Plural_consonant	Genitive_Locative_u	GenitivePlural_Zero	NominativePlural_a	SpecialPlual	SpecialVocative	NoContrast	NormalCapitalization	PO_Prefixoid	Rus_Prefixoid	VPOL_Prefixoid	NE_Prefixoid	Eval_Prefixoid	Intern_Prefixoid	Reduced_Prefixoid	InternHy_Prefixoid	Letter_Prefixoid	BEZ_Prefixoid	BES_Prefixoid	BEZer_Prefixoid	V_Prefixoid	InternModEr_Prefixoid	RusHy_Prefixoid	NAI_Prefixoid	POL_Prefixoid	NI_Prefixoid	KOE_Prefixoid	Intern_ReducedPrefixoid	InternMod_Prefixoid	Chem_Prefixoid	ProperNamePrefixoid	Chemical_Possible	ParticipleFullForm	ParticipleShortForm	Singular	FiveAndMore	Three	Four	Two	SevenEight	AdjectiveFullForm	NounProperGeneral	NounProperSurNameFlective	NounProperTown	NounProperName	AdjectiveProper	NounProperPatronymic	NounProperNameDimin	AbbrProperGeneral	NounProperSurNameForeign	NormalNumberParadigm	FullRealization
87	143	развития	развития	285425	285422	Inanimate	Reflexive	FullReflexivity	NonReflexive	ImperfectiveReflexivity	NormalMorphForm	DefectOne	DefectTwo	Byt	DefectThree	DefectFour	GTNoun	NotEllipted	VocalForm	NForm	NotControlled	ZeroTypeOfCoordination	NoCompositeness	DegreeComparative	DegreePositive	DegreeSuperlative	Adverb_Un_Hyphen	Adverb_With_Hyphen	DeclensionNominal	Un_Comp_Suf	BiAspectual	MonoAspectual	Paired	FullSynthComparison	NoSynthComparative	NoSynthSuperlative	OnlySuperlative	MOne	MTwo	MThree	NormalClassifyingCapitalization	Future	Past	Present	Noun	ZeroDoubleConjunct	NotCommonChild	Accusative	Genitive	Nominative	Partitive	RCDemonstrative	RCAttributive	RCPossessive	RCIndefinite	RCPersonal	RCInterrogative	RCNegative	RCReflexive	RCNoun	NoPlacement	Imperfective	Perfective	NotDefaultFiller	Neuter	NoLeftmostPlacement	Iterat	UnIterat	NoRightmostPlacement	NotLeftConjunct	PersonFirst	PersonSecond	PersonThird	PersonZero	Active	VoiceSya	Passive	VerbIntransitive	VerbIntransitiveSpecial	VerbTransitive	VerbTransitiveSpecial	NotRightConjunct	NoSpecialCaseForm	NoContrast	NormalCapitalization	PO_Prefixoid	Rus_Prefixoid	VPOL_Prefixoid	NE_Prefixoid	Eval_Prefixoid	Intern_Prefixoid	Reduced_Prefixoid	InternHy_Prefixoid	Letter_Prefixoid	BEZ_Prefixoid	BES_Prefixoid	BEZer_Prefixoid	V_Prefixoid	InternModEr_Prefixoid	RusHy_Prefixoid	NAI_Prefixoid	POL_Prefixoid	NI_Prefixoid	KOE_Prefixoid	Intern_ReducedPrefixoid	InternMod_Prefixoid	Chem_Prefixoid	ProperNamePrefixoid	Chemical_Possible	ParticipleFullForm	ParticipleShortForm	Plural	Singular	FiveAndMore	Three	Four	Two	SevenEight	AdjectiveFullForm	AdjectiveShortForm	AdjectiveShortFlectional	NounProperGeneral	NounProperSurNameFlective	NounProperTown	NounProperName	AdjectiveProper	NounProperPatronymic	NounProperNameDimin	AbbrProperGeneral	NounProperSurNameForeign	NormalNumberParadigm	FullRealization
87	153	Рособрнадзор	Рособрнадзор	285428	285418	Inanimate	Reflexive	FullReflexivity	NonReflexive	ImperfectiveReflexivity	NormalMorphForm	DefectOne	DefectTwo	Byt	DefectThree	DefectFour	GTNoun	NotEllipted	VocalForm	NForm	NotControlled	ZeroTypeOfCoordination	NoCompositeness	DegreeComparative	DegreePositive	DegreeSuperlative	Adverb_Un_Hyphen	Adverb_With_Hyphen	DeclensionNominal	Un_Comp_Suf	BiAspectual	MonoAspectual	Paired	FullSynthComparison	NoSynthComparative	NoSynthSuperlative	OnlySuperlative	MOne	MTwo	MThree	NormalClassifyingCapitalization	Future	Past	Present	Noun	ZeroDoubleConjunct	NotCommonChild	Accusative	Dative	Genitive	Instrumental	Locative	Nominative	Partitive	Prepositional	RCDemonstrative	RCAttributive	RCPossessive	RCIndefinite	RCPersonal	RCInterrogative	RCNegative	RCReflexive	RCNoun	NoPlacement	Imperfective	Perfective	NotDefaultFiller	Masculine	NoLeftmostPlacement	Iterat	UnIterat	NoRightmostPlacement	NotLeftConjunct	PersonFirst	PersonSecond	PersonThird	PersonZero	Active	VoiceSya	Passive	VerbIntransitive	VerbIntransitiveSpecial	VerbTransitive	VerbTransitiveSpecial	NotRightConjunct	NoSpecialCaseForm	Locative_u	Genitive_u	Plural_consonant	Genitive_Locative_u	GenitivePlural_Zero	NominativePlural_a	SpecialPlual	SpecialVocative	NoContrast	NormalCapitalization	PO_Prefixoid	Rus_Prefixoid	VPOL_Prefixoid	NE_Prefixoid	Eval_Prefixoid	Intern_Prefixoid	Reduced_Prefixoid	InternHy_Prefixoid	Letter_Prefixoid	BEZ_Prefixoid	BES_Prefixoid	BEZer_Prefixoid	V_Prefixoid	InternModEr_Prefixoid	RusHy_Prefixoid	NAI_Prefixoid	POL_Prefixoid	NI_Prefixoid	KOE_Prefixoid	Intern_ReducedPrefixoid	InternMod_Prefixoid	Chem_Prefixoid	ProperNamePrefixoid	Chemical_Possible	ParticipleFullForm	ParticipleShortForm	Singular	FiveAndMore	Three	Four	Two	SevenEight	AdjectiveFullForm	AdjectiveShortForm	AdjectiveShortFlectional	NounProperGeneral	SingulariaTantum	FullRealization
87	168	Федеральное	Федеральное	285430	285429	Animate	Inanimate	Reflexive	FullReflexivity	NonReflexive	ImperfectiveReflexivity	NormalMorphForm	NormalMorphForm	DefectOne	DefectTwo	Byt	DefectThree	DefectFour	GTAdjective	NotEllipted	NotEllipted	VocalForm	NForm	NotControlled	NotControlled	ZeroTypeOfCoordination	ZeroTypeOfCoordination	NoCompositeness	DegreePositive	Adverb_Un_Hyphen	Adverb_With_Hyphen	DeclensionAdjectival	DeclensionNominal	DeclensionMixed	Indeclinable	Un_Comp_Suf	BiAspectual	MonoAspectual	Paired	NoSynthComparative	MOne	MTwo	MThree	NormalClassifyingCapitalization	NormalClassifyingCapitalization	Future	Past	Present	Adjective	ZeroDoubleConjunct	ZeroDoubleConjunct	NotCommonChild	NotCommonChild	Accusative	Nominative	RCDemonstrative	RCAttributive	RCPossessive	RCIndefinite	RCPersonal	RCInterrogative	RCNegative	RCReflexive	RCNoun	NoPlacement	NoPlacement	Imperfective	Perfective	NotDefaultFiller	NotDefaultFiller	Neuter	NoLeftmostPlacement	NoLeftmostPlacement	Iterat	UnIterat	NoRightmostPlacement	NoRightmostPlacement	NotLeftConjunct	NotLeftConjunct	PersonFirst	PersonSecond	PersonThird	PersonZero	Active	VoiceSya	Passive	VerbIntransitive	VerbIntransitiveSpecial	VerbTransitive	VerbTransitiveSpecial	NotRightConjunct	NotRightConjunct	NoSpecialCaseForm	Locative_u	Genitive_u	Plural_consonant	Genitive_Locative_u	GenitivePlural_Zero	NominativePlural_a	SpecialPlual	SpecialVocative	NoContrast	NoContrast	NormalCapitalization	NormalCapitalization	PO_Prefixoid	Rus_Prefixoid	VPOL_Prefixoid	NE_Prefixoid	Eval_Prefixoid	Intern_Prefixoid	Reduced_Prefixoid	InternHy_Prefixoid	Letter_Prefixoid	BEZ_Prefixoid	BES_Prefixoid	BEZer_Prefixoid	V_Prefixoid	InternModEr_Prefixoid	RusHy_Prefixoid	NAI_Prefixoid	POL_Prefixoid	NI_Prefixoid	KOE_Prefixoid	Intern_ReducedPrefixoid	InternMod_Prefixoid	Chem_Prefixoid	ProperNamePrefixoid	Chemical_Possible	ParticipleFullForm	ParticipleShortForm	Singular	FiveAndMore	Three	Four	Two	SevenEight	AdjectiveFullForm	NounProperGeneral	NounProperSurNameFlective	NounProperTown	NounProperName	AdjectiveProper	NounProperPatronymic	NounProperNameDimin	AbbrProperGeneral	NounProperSurNameForeign	NormalNumberParadigm	NormalNumberParadigm	FullRealization	FullRealization
87	180	медико	медико	285432	285431	Animate	Animate	Inanimate	Reflexive	FullReflexivity	NonReflexive	ImperfectiveReflexivity	Reflexive	FullReflexivity	NonReflexive	ImperfectiveReflexivity	NormalMorphForm	NormalMorphForm	DefectOne	DefectTwo	Byt	DefectThree	DefectFour	DefectOne	DefectTwo	Byt	DefectThree	DefectFour	GTNoun	GTAdjectiveAttributive	NotEllipted	NotEllipted	VocalForm	NForm	VocalForm	NForm	NotControlled	NotControlled	ZeroTypeOfCoordination	ZeroTypeOfCoordination	Composite_o	Composite_o	DegreeComparative	DegreePositive	DegreeSuperlative	DegreePositive	Adverb_Un_Hyphen	Adverb_With_Hyphen	Adverb_Un_Hyphen	Adverb_With_Hyphen	DeclensionNominal	DeclensionAdjectival	DeclensionNominal	DeclensionMixed	Indeclinable	Un_Comp_Suf	Un_Comp_Suf	BiAspectual	MonoAspectual	Paired	BiAspectual	MonoAspectual	Paired	FullSynthComparison	NoSynthComparative	NoSynthSuperlative	OnlySuperlative	NoSynthComparative	MOne	MTwo	MThree	MOne	MTwo	MThree	NormalClassifyingCapitalization	NormalClassifyingCapitalization	Future	Past	Present	Future	Past	Present	Noun	Adjective	ZeroDoubleConjunct	ZeroDoubleConjunct	NotCommonChild	NotCommonChild	ZeroCase	Accusative	Dative	Genitive	Instrumental	Locative	Nominative	Partitive	Prepositional	DativeSpecial	ZeroCase	Vocative	RCDemonstrative	RCAttributive	RCPossessive	RCIndefinite	RCPersonal	RCInterrogative	RCNegative	RCReflexive	RCNoun	RCDemonstrative	RCAttributive	RCPossessive	RCIndefinite	RCPersonal	RCInterrogative	RCNegative	RCReflexive	RCNoun	NoPlacement	NoPlacement	Imperfective	Perfective	Imperfective	Perfective	NotDefaultFiller	NotDefaultFiller	Masculine	Feminine	Masculine	Neuter	Common	NoLeftmostPlacement	NoLeftmostPlacement	Iterat	UnIterat	Iterat	UnIterat	NoRightmostPlacement	NoRightmostPlacement	NotLeftConjunct	NotLeftConjunct	PersonFirst	PersonSecond	PersonThird	PersonZero	PersonFirst	PersonSecond	PersonThird	PersonZero	Active	VoiceSya	Passive	Active	VoiceSya	Passive	VerbIntransitive	VerbIntransitiveSpecial	VerbTransitive	VerbTransitiveSpecial	VerbIntransitive	VerbIntransitiveSpecial	VerbTransitive	VerbTransitiveSpecial	NotRightConjunct	NotRightConjunct	NoSpecialCaseForm	NoSpecialCaseForm	Locative_u	Genitive_u	Plural_consonant	Genitive_Locative_u	GenitivePlural_Zero	NominativePlural_a	SpecialPlual	SpecialVocative	NoContrast	NoContrast	NormalCapitalization	NormalCapitalization	PO_Prefixoid	Rus_Prefixoid	VPOL_Prefixoid	NE_Prefixoid	Eval_Prefixoid	Intern_Prefixoid	Reduced_Prefixoid	InternHy_Prefixoid	Letter_Prefixoid	BEZ_Prefixoid	BES_Prefixoid	BEZer_Prefixoid	V_Prefixoid	InternModEr_Prefixoid	RusHy_Prefixoid	NAI_Prefixoid	POL_Prefixoid	NI_Prefixoid	KOE_Prefixoid	Intern_ReducedPrefixoid	InternMod_Prefixoid	Chem_Prefixoid	ProperNamePrefixoid	Chemical_Possible	PO_Prefixoid	Rus_Prefixoid	VPOL_Prefixoid	NE_Prefixoid	Eval_Prefixoid	Intern_Prefixoid	Reduced_Prefixoid	InternHy_Prefixoid	Letter_Prefixoid	BEZ_Prefixoid	BES_Prefixoid	BEZer_Prefixoid	V_Prefixoid	InternModEr_Prefixoid	RusHy_Prefixoid	NAI_Prefixoid	POL_Prefixoid	NI_Prefixoid	KOE_Prefixoid	Intern_ReducedPrefixoid	InternMod_Prefixoid	Chem_Prefixoid	ProperNamePrefixoid	Chemical_Possible	ParticipleFullForm	ParticipleShortForm	ParticipleFullForm	ParticipleShortForm	Plural	Singular	Plural	Singular	FiveAndMore	Three	Four	Two	SevenEight	FiveAndMore	Three	Four	Two	SevenEight	AdjectiveFullForm	AdjectiveShortForm	AdjectiveShortFlectional	AdjectiveFullForm	NounProperGeneral	NounProperSurNameFlective	NounProperTown	NounProperName	AdjectiveProper	NounProperPatronymic	NounProperNameDimin	AbbrProperGeneral	NounProperSurNameForeign	NounProperGeneral	NounProperSurNameFlective	NounProperTown	NounProperName	AdjectiveProper	NounProperPatronymic	NounProperNameDimin	AbbrProperGeneral	NounProperSurNameForeign	NormalNumberParadigm	NormalNumberParadigm	FullRealization	FullRealization
87	187	биологическое	биологическое	285431	285429	Animate	Inanimate	Animate	Inanimate	Reflexive	FullReflexivity	NonReflexive	ImperfectiveReflexivity	Reflexive	FullReflexivity	NonReflexive	ImperfectiveReflexivity	NormalMorphForm	NormalMorphForm	DefectOne	DefectTwo	Byt	DefectThree	DefectFour	DefectOne	DefectTwo	Byt	DefectThree	DefectFour	GTAdjectiveAttributive	GTInvariable	NotEllipted	NotEllipted	VocalForm	NForm	VocalForm	NForm	NotControlled	NotControlled	ZeroTypeOfCoordination	ZeroTypeOfCoordination	NoCompositeness	Composite_ski	Composite_iko	Composite_sko	NoCompositeness	Composite_o	Composite_e	Composite_usek	Composite_null	Composite_Numeral	Composite_cko	Composite_cki	Composite_ComplexNumeral	Composite_NumeralFull	Composite_NumeralShort	DegreePositive	DegreeComparative	DegreePositive	DegreeSuperlative	Adverb_Un_Hyphen	Adverb_With_Hyphen	Adverb_Un_Hyphen	Adverb_With_Hyphen	DeclensionAdjectival	DeclensionNominal	DeclensionMixed	Indeclinable	DeclensionAdjectival	DeclensionNominal	DeclensionMixed	Indeclinable	Un_Comp_Suf	Un_Comp_Suf	BiAspectual	MonoAspectual	Paired	BiAspectual	MonoAspectual	Paired	NoSynthComparative	FullSynthComparison	NoSynthComparative	NoSynthSuperlative	OnlySuperlative	MOne	MTwo	MThree	MOne	MTwo	MThree	NormalClassifyingCapitalization	NormalClassifyingCapitalization	Future	Past	Present	Future	Past	Present	Adjective	Prefixoid	ZeroDoubleConjunct	ZeroDoubleConjunct	NotCommonChild	NotCommonChild	Accusative	Nominative	Accusative	Dative	Genitive	Instrumental	Locative	Nominative	Partitive	Prepositional	DativeSpecial	ZeroCase	Vocative	RCDemonstrative	RCAttributive	RCPossessive	RCIndefinite	RCPersonal	RCInterrogative	RCNegative	RCReflexive	RCNoun	RCDemonstrative	RCAttributive	RCPossessive	RCIndefinite	RCPersonal	RCInterrogative	RCNegative	RCReflexive	RCNoun	NoPlacement	NoPlacement	Imperfective	Perfective	Imperfective	Perfective	NotDefaultFiller	NotDefaultFiller	Neuter	Feminine	Masculine	Neuter	Common	NoLeftmostPlacement	NoLeftmostPlacement	Iterat	UnIterat	Iterat	UnIterat	NoRightmostPlacement	NoRightmostPlacement	NotLeftConjunct	NotLeftConjunct	PersonFirst	PersonSecond	PersonThird	PersonZero	PersonFirst	PersonSecond	PersonThird	PersonZero	Active	VoiceSya	Passive	Active	VoiceSya	Passive	VerbIntransitive	VerbIntransitiveSpecial	VerbTransitive	VerbTransitiveSpecial	VerbIntransitive	VerbIntransitiveSpecial	VerbTransitive	VerbTransitiveSpecial	NotRightConjunct	NotRightConjunct	NoSpecialCaseForm	Locative_u	Genitive_u	Plural_consonant	Genitive_Locative_u	GenitivePlural_Zero	NominativePlural_a	SpecialPlual	SpecialVocative	NoSpecialCaseForm	Locative_u	Genitive_u	Plural_consonant	Genitive_Locative_u	GenitivePlural_Zero	NominativePlural_a	SpecialPlual	SpecialVocative	NoContrast	NoContrast	NormalCapitalization	NormalCapitalization	PO_Prefixoid	Rus_Prefixoid	VPOL_Prefixoid	NE_Prefixoid	Eval_Prefixoid	Intern_Prefixoid	Reduced_Prefixoid	InternHy_Prefixoid	Letter_Prefixoid	BEZ_Prefixoid	BES_Prefixoid	BEZer_Prefixoid	V_Prefixoid	InternModEr_Prefixoid	RusHy_Prefixoid	NAI_Prefixoid	POL_Prefixoid	NI_Prefixoid	KOE_Prefixoid	Intern_ReducedPrefixoid	InternMod_Prefixoid	Chem_Prefixoid	ProperNamePrefixoid	Chemical_Possible	Chemical_Possible	ParticipleFullForm	ParticipleShortForm	ParticipleFullForm	ParticipleShortForm	Singular	Plural	Singular	FiveAndMore	Three	Four	Two	SevenEight	FiveAndMore	Three	Four	Two	SevenEight	AdjectiveFullForm	AdjectiveFullForm	AdjectiveShortForm	AdjectiveShortFlectional	NounProperGeneral	NounProperSurNameFlective	NounProperTown	NounProperName	AdjectiveProper	NounProperPatronymic	NounProperNameDimin	AbbrProperGeneral	NounProperSurNameForeign	NounProperGeneral	NounProperSurNameFlective	NounProperTown	NounProperName	AdjectiveProper	NounProperPatronymic	NounProperNameDimin	AbbrProperGeneral	NounProperSurNameForeign	NormalNumberParadigm	NormalNumberParadigm	FullRealization	FullRealization
87	201	агентство	агентство	285429	285408	Inanimate	Reflexive	FullReflexivity	NonReflexive	ImperfectiveReflexivity	NormalMorphForm	DefectOne	DefectTwo	Byt	DefectThree	DefectFour	GTNoun	NotEllipted	VocalForm	NForm	NotControlled	ZeroTypeOfCoordination	NoCompositeness	DegreeComparative	DegreePositive	DegreeSuperlative	Adverb_Un_Hyphen	Adverb_With_Hyphen	DeclensionNominal	Un_Comp_Suf	BiAspectual	MonoAspectual	Paired	FullSynthComparison	NoSynthComparative	NoSynthSuperlative	OnlySuperlative	MOne	MTwo	MThree	NormalClassifyingCapitalization	Future	Past	Present	Noun	ZeroDoubleConjunct	NotCommonChild	Accusative	Nominative	RCDemonstrative	RCAttributive	RCPossessive	RCIndefinite	RCPersonal	RCInterrogative	RCNegative	RCReflexive	RCNoun	NoPlacement	Imperfective	Perfective	NotDefaultFiller	Neuter	NoLeftmostPlacement	Iterat	UnIterat	NoRightmostPlacement	NotLeftConjunct	PersonFirst	PersonSecond	PersonThird	PersonZero	Active	VoiceSya	Passive	VerbIntransitive	VerbIntransitiveSpecial	VerbTransitive	VerbTransitiveSpecial	NotRightConjunct	NominativePlural_a	NoContrast	NormalCapitalization	PO_Prefixoid	Rus_Prefixoid	VPOL_Prefixoid	NE_Prefixoid	Eval_Prefixoid	Intern_Prefixoid	Reduced_Prefixoid	InternHy_Prefixoid	Letter_Prefixoid	BEZ_Prefixoid	BES_Prefixoid	BEZer_Prefixoid	V_Prefixoid	InternModEr_Prefixoid	RusHy_Prefixoid	NAI_Prefixoid	POL_Prefixoid	NI_Prefixoid	KOE_Prefixoid	Intern_ReducedPrefixoid	InternMod_Prefixoid	Chem_Prefixoid	ProperNamePrefixoid	Chemical_Possible	ParticipleFullForm	ParticipleShortForm	Singular	FiveAndMore	Three	Four	Two	SevenEight	AdjectiveFullForm	AdjectiveShortForm	AdjectiveShortFlectional	NounProperGeneral	NounProperSurNameFlective	NounProperTown	NounProperName	AdjectiveProper	NounProperPatronymic	NounProperNameDimin	AbbrProperGeneral	NounProperSurNameForeign	NormalNumberParadigm	FullRealization
87	212	ФМБА	ФМБА	285433	285429	ZeroTypeOfCoordination	NoPlacement	NormalCapitalization	NotDefaultFiller	NoContrast	NoLeftmostPlacement	FullRealization	NoRightmostPlacement	NormalNumberParadigm	NotLeftConjunct	NormalClassifyingCapitalization	ZeroDoubleConjunct	NotCommonChild	NotEllipted	NormalMorphForm	NotControlled	NotRightConjunct
87	218	и	и	285435	285434	Animate	Inanimate	Reflexive	FullReflexivity	NonReflexive	ImperfectiveReflexivity	NormalMorphForm	DefectOne	DefectTwo	Byt	DefectThree	DefectFour	GTInvariable	NotEllipted	VocalForm	NForm	NotControlled	ZeroTypeOfCoordination	Composite_ski	Composite_iko	Composite_sko	NoCompositeness	Composite_o	Composite_e	Composite_usek	Composite_null	Composite_Numeral	Composite_cko	Composite_cki	Composite_ComplexNumeral	Composite_NumeralFull	Composite_NumeralShort	DegreeComparative	DegreePositive	DegreeSuperlative	Adverb_Un_Hyphen	Adverb_With_Hyphen	DeclensionAdjectival	DeclensionNominal	DeclensionMixed	Indeclinable	Comp_Suffixoid	Un_Comp_Suf	Comp_Suffixoid_Num_OJ	Comp_Suffixoid_Num_YJ	Comp_Suffixoid_Num_IJ	Comp_Suffixoid_Num_J	Comp_PunctuatorPost	Comp_PunctuatorPref	Comp_PunctuatorPostSeparable	Comp_PunctuatorPrefSeparable	Comp_Prefixoid	Comp_Suffixoid_Num_PercentYJ	Comp_Noun	Comp_Suffixoid_Chem	Comp_Adj	Comp_SuffixoidAbbr	BiAspectual	MonoAspectual	Paired	FullSynthComparison	NoSynthComparative	NoSynthSuperlative	OnlySuperlative	MOne	MTwo	MThree	NormalClassifyingCapitalization	Future	Past	Present	Conjunction	Particle	ZeroDoubleConjunct	NotCommonChild	Accusative	Dative	Genitive	Instrumental	Locative	Nominative	Partitive	Prepositional	DativeSpecial	ZeroCase	Vocative	RCDemonstrative	RCAttributive	RCPossessive	RCIndefinite	RCPersonal	RCInterrogative	RCNegative	RCReflexive	RCNoun	NoPlacement	Imperfective	Perfective	NotDefaultFiller	Feminine	Masculine	Neuter	Common	NoLeftmostPlacement	Iterat	UnIterat	NoRightmostPlacement	NotLeftConjunct	PersonFirst	PersonSecond	PersonThird	PersonZero	Active	VoiceSya	Passive	VerbIntransitive	VerbIntransitiveSpecial	VerbTransitive	VerbTransitiveSpecial	NotRightConjunct	NoSpecialCaseForm	Locative_u	Genitive_u	Plural_consonant	Genitive_Locative_u	GenitivePlural_Zero	NominativePlural_a	SpecialPlual	SpecialVocative	NoContrast	NormalCapitalization	PO_Prefixoid	Rus_Prefixoid	VPOL_Prefixoid	NE_Prefixoid	Eval_Prefixoid	Intern_Prefixoid	Reduced_Prefixoid	InternHy_Prefixoid	Letter_Prefixoid	BEZ_Prefixoid	BES_Prefixoid	BEZer_Prefixoid	V_Prefixoid	InternModEr_Prefixoid	RusHy_Prefixoid	NAI_Prefixoid	POL_Prefixoid	NI_Prefixoid	KOE_Prefixoid	Intern_ReducedPrefixoid	InternMod_Prefixoid	Chem_Prefixoid	ProperNamePrefixoid	Chemical_Possible	ParticipleFullForm	ParticipleShortForm	Plural	Singular	FiveAndMore	Three	Four	Two	SevenEight	AdjectiveFullForm	AdjectiveShortForm	AdjectiveShortFlectional	NounProperGeneral	NounProperSurNameFlective	NounProperTown	NounProperName	AdjectiveProper	NounProperPatronymic	NounProperNameDimin	AbbrProperGeneral	NounProperSurNameForeign	NormalNumberParadigm	FullRealization
87	220	Федеральный	Федеральный	285436	285434	Animate	Inanimate	Reflexive	FullReflexivity	NonReflexive	ImperfectiveReflexivity	NormalMorphForm	NormalMorphForm	DefectOne	DefectTwo	Byt	DefectThree	DefectFour	GTAdjective	NotEllipted	NotEllipted	VocalForm	NForm	NotControlled	NotControlled	ZeroTypeOfCoordination	ZeroTypeOfCoordination	NoCompositeness	DegreePositive	Adverb_Un_Hyphen	Adverb_With_Hyphen	DeclensionAdjectival	DeclensionNominal	DeclensionMixed	Indeclinable	Un_Comp_Suf	BiAspectual	MonoAspectual	Paired	NoSynthComparative	MOne	MTwo	MThree	NormalClassifyingCapitalization	NormalClassifyingCapitalization	Future	Past	Present	Adjective	ZeroDoubleConjunct	ZeroDoubleConjunct	NotCommonChild	NotCommonChild	Accusative	Nominative	RCDemonstrative	RCAttributive	RCPossessive	RCIndefinite	RCPersonal	RCInterrogative	RCNegative	RCReflexive	RCNoun	NoPlacement	NoPlacement	Imperfective	Perfective	NotDefaultFiller	NotDefaultFiller	Masculine	NoLeftmostPlacement	NoLeftmostPlacement	Iterat	UnIterat	NoRightmostPlacement	NoRightmostPlacement	NotLeftConjunct	NotLeftConjunct	PersonFirst	PersonSecond	PersonThird	PersonZero	Active	VoiceSya	Passive	VerbIntransitive	VerbIntransitiveSpecial	VerbTransitive	VerbTransitiveSpecial	NotRightConjunct	NotRightConjunct	NoSpecialCaseForm	Locative_u	Genitive_u	Plural_consonant	Genitive_Locative_u	GenitivePlural_Zero	NominativePlural_a	SpecialPlual	SpecialVocative	NoContrast	NoContrast	NormalCapitalization	NormalCapitalization	PO_Prefixoid	Rus_Prefixoid	VPOL_Prefixoid	NE_Prefixoid	Eval_Prefixoid	Intern_Prefixoid	Reduced_Prefixoid	InternHy_Prefixoid	Letter_Prefixoid	BEZ_Prefixoid	BES_Prefixoid	BEZer_Prefixoid	V_Prefixoid	InternModEr_Prefixoid	RusHy_Prefixoid	NAI_Prefixoid	POL_Prefixoid	NI_Prefixoid	KOE_Prefixoid	Intern_ReducedPrefixoid	InternMod_Prefixoid	Chem_Prefixoid	ProperNamePrefixoid	Chemical_Possible	ParticipleFullForm	ParticipleShortForm	Singular	FiveAndMore	Three	Four	Two	SevenEight	AdjectiveFullForm	NounProperGeneral	NounProperSurNameFlective	NounProperTown	NounProperName	AdjectiveProper	NounProperPatronymic	NounProperNameDimin	AbbrProperGeneral	NounProperSurNameForeign	NormalNumberParadigm	NormalNumberParadigm	FullRealization	FullRealization
87	232	фонд	фонд	285434	285408	Inanimate	Reflexive	FullReflexivity	NonReflexive	ImperfectiveReflexivity	NormalMorphForm	DefectOne	DefectTwo	Byt	DefectThree	DefectFour	GTNoun	NotEllipted	VocalForm	NForm	NotControlled	ZeroTypeOfCoordination	NoCompositeness	DegreeComparative	DegreePositive	DegreeSuperlative	Adverb_Un_Hyphen	Adverb_With_Hyphen	DeclensionNominal	Un_Comp_Suf	BiAspectual	MonoAspectual	Paired	FullSynthComparison	NoSynthComparative	NoSynthSuperlative	OnlySuperlative	MOne	MTwo	MThree	NormalClassifyingCapitalization	Future	Past	Present	Noun	ZeroDoubleConjunct	NotCommonChild	Accusative	Nominative	RCDemonstrative	RCAttributive	RCPossessive	RCIndefinite	RCPersonal	RCInterrogative	RCNegative	RCReflexive	RCNoun	NoPlacement	Imperfective	Perfective	NotDefaultFiller	Masculine	NoLeftmostPlacement	Iterat	UnIterat	NoRightmostPlacement	NotLeftConjunct	PersonFirst	PersonSecond	PersonThird	PersonZero	Active	VoiceSya	Passive	VerbIntransitive	VerbIntransitiveSpecial	VerbTransitive	VerbTransitiveSpecial	NotRightConjunct	NoSpecialCaseForm	NoContrast	NormalCapitalization	PO_Prefixoid	Rus_Prefixoid	VPOL_Prefixoid	NE_Prefixoid	Eval_Prefixoid	Intern_Prefixoid	Reduced_Prefixoid	InternHy_Prefixoid	Letter_Prefixoid	BEZ_Prefixoid	BES_Prefixoid	BEZer_Prefixoid	V_Prefixoid	InternModEr_Prefixoid	RusHy_Prefixoid	NAI_Prefixoid	POL_Prefixoid	NI_Prefixoid	KOE_Prefixoid	Intern_ReducedPrefixoid	InternMod_Prefixoid	Chem_Prefixoid	ProperNamePrefixoid	Chemical_Possible	ParticipleFullForm	ParticipleShortForm	Singular	FiveAndMore	Three	Four	Two	SevenEight	AdjectiveFullForm	AdjectiveShortForm	AdjectiveShortFlectional	NounProperGeneral	NounProperSurNameFlective	NounProperTown	NounProperName	AdjectiveProper	NounProperPatronymic	NounProperNameDimin	AbbrProperGeneral	NounProperSurNameForeign	NormalNumberParadigm	FullRealization
87	237	обязательного	обязательного	285438	285437	Animate	Inanimate	Reflexive	FullReflexivity	NonReflexive	ImperfectiveReflexivity	NormalMorphForm	DefectOne	DefectTwo	Byt	DefectThree	DefectFour	GTAdjective	NotEllipted	VocalForm	NForm	NotControlled	ZeroTypeOfCoordination	NoCompositeness	DegreePositive	Adverb_Un_Hyphen	Adverb_With_Hyphen	DeclensionAdjectival	DeclensionNominal	DeclensionMixed	Indeclinable	Un_Comp_Suf	BiAspectual	MonoAspectual	Paired	FullSynthComparison	MOne	MTwo	MThree	NormalClassifyingCapitalization	Future	Past	Present	Adjective	ZeroDoubleConjunct	NotCommonChild	Accusative	Genitive	Partitive	RCDemonstrative	RCAttributive	RCPossessive	RCIndefinite	RCPersonal	RCInterrogative	RCNegative	RCReflexive	RCNoun	NoPlacement	Imperfective	Perfective	NotDefaultFiller	Masculine	Neuter	NoLeftmostPlacement	Iterat	UnIterat	NoRightmostPlacement	NotLeftConjunct	PersonFirst	PersonSecond	PersonThird	PersonZero	Active	VoiceSya	Passive	VerbIntransitive	VerbIntransitiveSpecial	VerbTransitive	VerbTransitiveSpecial	NotRightConjunct	NoSpecialCaseForm	Locative_u	Genitive_u	Plural_consonant	Genitive_Locative_u	GenitivePlural_Zero	NominativePlural_a	SpecialPlual	SpecialVocative	NoContrast	NormalCapitalization	PO_Prefixoid	Rus_Prefixoid	VPOL_Prefixoid	NE_Prefixoid	Eval_Prefixoid	Intern_Prefixoid	Reduced_Prefixoid	InternHy_Prefixoid	Letter_Prefixoid	BEZ_Prefixoid	BES_Prefixoid	BEZer_Prefixoid	V_Prefixoid	InternModEr_Prefixoid	RusHy_Prefixoid	NAI_Prefixoid	POL_Prefixoid	NI_Prefixoid	KOE_Prefixoid	Intern_ReducedPrefixoid	InternMod_Prefixoid	Chem_Prefixoid	ProperNamePrefixoid	Chemical_Possible	ParticipleFullForm	ParticipleShortForm	Singular	FiveAndMore	Three	Four	Two	SevenEight	AdjectiveFullForm	NounProperGeneral	NounProperSurNameFlective	NounProperTown	NounProperName	AdjectiveProper	NounProperPatronymic	NounProperNameDimin	AbbrProperGeneral	NounProperSurNameForeign	NormalNumberParadigm	FullRealization
87	251	медицинского	медицинского	285439	285437	Animate	Inanimate	Reflexive	FullReflexivity	NonReflexive	ImperfectiveReflexivity	NormalMorphForm	DefectOne	DefectTwo	Byt	DefectThree	DefectFour	GTAdjectiveAttributive	NotEllipted	VocalForm	NForm	NotControlled	ZeroTypeOfCoordination	NoCompositeness	DegreePositive	Adverb_Un_Hyphen	Adverb_With_Hyphen	DeclensionAdjectival	DeclensionNominal	DeclensionMixed	Indeclinable	Un_Comp_Suf	BiAspectual	MonoAspectual	Paired	NoSynthComparative	MOne	MTwo	MThree	NormalClassifyingCapitalization	Future	Past	Present	Adjective	ZeroDoubleConjunct	NotCommonChild	Accusative	Genitive	Partitive	RCDemonstrative	RCAttributive	RCPossessive	RCIndefinite	RCPersonal	RCInterrogative	RCNegative	RCReflexive	RCNoun	NoPlacement	Imperfective	Perfective	NotDefaultFiller	Masculine	Neuter	NoLeftmostPlacement	Iterat	UnIterat	NoRightmostPlacement	NotLeftConjunct	PersonFirst	PersonSecond	PersonThird	PersonZero	Active	VoiceSya	Passive	VerbIntransitive	VerbIntransitiveSpecial	VerbTransitive	VerbTransitiveSpecial	NotRightConjunct	NoSpecialCaseForm	Locative_u	Genitive_u	Plural_consonant	Genitive_Locative_u	GenitivePlural_Zero	NominativePlural_a	SpecialPlual	SpecialVocative	NoContrast	NormalCapitalization	PO_Prefixoid	Rus_Prefixoid	VPOL_Prefixoid	NE_Prefixoid	Eval_Prefixoid	Intern_Prefixoid	Reduced_Prefixoid	InternHy_Prefixoid	Letter_Prefixoid	BEZ_Prefixoid	BES_Prefixoid	BEZer_Prefixoid	V_Prefixoid	InternModEr_Prefixoid	RusHy_Prefixoid	NAI_Prefixoid	POL_Prefixoid	NI_Prefixoid	KOE_Prefixoid	Intern_ReducedPrefixoid	InternMod_Prefixoid	Chem_Prefixoid	ProperNamePrefixoid	Chemical_Possible	ParticipleFullForm	ParticipleShortForm	Singular	FiveAndMore	Three	Four	Two	SevenEight	AdjectiveFullForm	NounProperGeneral	NounProperSurNameFlective	NounProperTown	NounProperName	AdjectiveProper	NounProperPatronymic	NounProperNameDimin	AbbrProperGeneral	NounProperSurNameForeign	NormalNumberParadigm	FullRealization
87	264	страхования	страхования	285437	285434	Inanimate	Reflexive	FullReflexivity	NonReflexive	ImperfectiveReflexivity	NormalMorphForm	DefectOne	DefectTwo	Byt	DefectThree	DefectFour	GTNoun	NotEllipted	VocalForm	NForm	NotControlled	ZeroTypeOfCoordination	NoCompositeness	DegreeComparative	DegreePositive	DegreeSuperlative	Adverb_Un_Hyphen	Adverb_With_Hyphen	DeclensionNominal	Un_Comp_Suf	BiAspectual	MonoAspectual	Paired	FullSynthComparison	NoSynthComparative	NoSynthSuperlative	OnlySuperlative	MOne	MTwo	MThree	NormalClassifyingCapitalization	Future	Past	Present	Noun	ZeroDoubleConjunct	NotCommonChild	Accusative	Genitive	Nominative	Partitive	RCDemonstrative	RCAttributive	RCPossessive	RCIndefinite	RCPersonal	RCInterrogative	RCNegative	RCReflexive	RCNoun	NoPlacement	Imperfective	Perfective	NotDefaultFiller	Neuter	NoLeftmostPlacement	Iterat	UnIterat	NoRightmostPlacement	NotLeftConjunct	PersonFirst	PersonSecond	PersonThird	PersonZero	Active	VoiceSya	Passive	VerbIntransitive	VerbIntransitiveSpecial	VerbTransitive	VerbTransitiveSpecial	NotRightConjunct	NoSpecialCaseForm	NoContrast	NormalCapitalization	PO_Prefixoid	Rus_Prefixoid	VPOL_Prefixoid	NE_Prefixoid	Eval_Prefixoid	Intern_Prefixoid	Reduced_Prefixoid	InternHy_Prefixoid	Letter_Prefixoid	BEZ_Prefixoid	BES_Prefixoid	BEZer_Prefixoid	V_Prefixoid	InternModEr_Prefixoid	RusHy_Prefixoid	NAI_Prefixoid	POL_Prefixoid	NI_Prefixoid	KOE_Prefixoid	Intern_ReducedPrefixoid	InternMod_Prefixoid	Chem_Prefixoid	ProperNamePrefixoid	Chemical_Possible	ParticipleFullForm	ParticipleShortForm	Plural	Singular	FiveAndMore	Three	Four	Two	SevenEight	AdjectiveFullForm	AdjectiveShortForm	AdjectiveShortFlectional	NounProperGeneral	NounProperSurNameFlective	NounProperTown	NounProperName	AdjectiveProper	NounProperPatronymic	NounProperNameDimin	AbbrProperGeneral	NounProperSurNameForeign	NormalNumberParadigm	FullRealization
87	277	ФФОМС	ФФОМС	285440	285434	ZeroTypeOfCoordination	NoPlacement	NormalCapitalization	NotDefaultFiller	NoContrast	NoLeftmostPlacement	FullRealization	NoRightmostPlacement	NormalNumberParadigm	NotLeftConjunct	NormalClassifyingCapitalization	ZeroDoubleConjunct	NotCommonChild	NotEllipted	NormalMorphForm	NotControlled	NotRightConjunct
91	-1			285469	285463
91	-1			285470	285460
91	-1			285471	285459
91	0	Сообщалось	Сообщалось	285459	-1	Animate	Inanimate	FullReflexivity	NormalMorphForm	DefectOne	DefectTwo	Byt	DefectThree	DefectFour	GTVerb	NotEllipted	VocalForm	NForm	NotControlled	ZeroTypeOfCoordination	Composite_ski	Composite_iko	Composite_sko	NoCompositeness	Composite_o	Composite_e	Composite_usek	Composite_null	Composite_Numeral	Composite_cko	Composite_cki	Composite_ComplexNumeral	Composite_NumeralFull	Composite_NumeralShort	DegreeComparative	DegreePositive	DegreeSuperlative	Adverb_Un_Hyphen	Adverb_With_Hyphen	DeclensionAdjectival	DeclensionNominal	DeclensionMixed	Indeclinable	Comp_Suffixoid	Un_Comp_Suf	Comp_Suffixoid_Num_OJ	Comp_Suffixoid_Num_YJ	Comp_Suffixoid_Num_IJ	Comp_Suffixoid_Num_J	Comp_PunctuatorPost	Comp_PunctuatorPref	Comp_PunctuatorPostSeparable	Comp_PunctuatorPrefSeparable	Comp_Prefixoid	Comp_Suffixoid_Num_PercentYJ	Comp_Noun	Comp_Suffixoid_Chem	Comp_Adj	Comp_SuffixoidAbbr	Paired	FullSynthComparison	NoSynthComparative	NoSynthSuperlative	OnlySuperlative	MOne	MTwo	MThree	NormalClassifyingCapitalization	Past	Verb	ZeroDoubleConjunct	NotCommonChild	Accusative	Dative	Genitive	Instrumental	Locative	Nominative	Partitive	Prepositional	DativeSpecial	ZeroCase	Vocative	RCDemonstrative	RCAttributive	RCPossessive	RCIndefinite	RCPersonal	RCInterrogative	RCNegative	RCReflexive	RCNoun	NoPlacement	Imperfective	NotDefaultFiller	Neuter	NoLeftmostPlacement	UnIterat	NoRightmostPlacement	NotLeftConjunct	PersonFirst	PersonSecond	PersonThird	PersonZero	VoiceSya	VerbTransitive	NotRightConjunct	NoSpecialCaseForm	Locative_u	Genitive_u	Plural_consonant	Genitive_Locative_u	GenitivePlural_Zero	NominativePlural_a	SpecialPlual	SpecialVocative	NoContrast	NormalCapitalization	PO_Prefixoid	Rus_Prefixoid	VPOL_Prefixoid	NE_Prefixoid	Eval_Prefixoid	Intern_Prefixoid	Reduced_Prefixoid	InternHy_Prefixoid	Letter_Prefixoid	BEZ_Prefixoid	BES_Prefixoid	BEZer_Prefixoid	V_Prefixoid	InternModEr_Prefixoid	RusHy_Prefixoid	NAI_Prefixoid	POL_Prefixoid	NI_Prefixoid	KOE_Prefixoid	Intern_ReducedPrefixoid	InternMod_Prefixoid	Chem_Prefixoid	ProperNamePrefixoid	Chemical_Possible	ParticipleFullForm	ParticipleShortForm	Singular	FiveAndMore	Three	Four	Two	SevenEight	AdjectiveFullForm	AdjectiveShortForm	AdjectiveShortFlectional	NounProperGeneral	NounProperSurNameFlective	NounProperTown	NounProperName	AdjectiveProper	NounProperPatronymic	NounProperNameDimin	AbbrProperGeneral	NounProperSurNameForeign	NormalNumberParadigm	FullRealization
91	12	что	что	285461	285460	Animate	Inanimate	Inanimate	Reflexive	FullReflexivity	NonReflexive	ImperfectiveReflexivity	Reflexive	FullReflexivity	NonReflexive	ImperfectiveReflexivity	NormalMorphForm	NormalMorphForm	NormalMorphForm	NormalMorphForm	DefectOne	DefectTwo	Byt	DefectThree	DefectFour	DefectOne	DefectTwo	Byt	DefectThree	DefectFour	GTInvariable	GTNoun	NotEllipted	NotEllipted	NotEllipted	NotEllipted	VocalForm	NForm	VocalForm	NForm	NotControlled	NotControlled	NotControlled	NotControlled	ZeroTypeOfCoordination	ZeroTypeOfCoordination	ZeroTypeOfCoordination	ZeroTypeOfCoordination	Composite_ski	Composite_iko	Composite_sko	NoCompositeness	Composite_o	Composite_e	Composite_usek	Composite_null	Composite_Numeral	Composite_cko	Composite_cki	Composite_ComplexNumeral	Composite_NumeralFull	Composite_NumeralShort	Composite_ski	Composite_iko	Composite_sko	NoCompositeness	Composite_o	Composite_e	Composite_usek	Composite_null	Composite_Numeral	Composite_cko	Composite_cki	Composite_ComplexNumeral	Composite_NumeralFull	Composite_NumeralShort	DegreeComparative	DegreePositive	DegreeSuperlative	DegreeComparative	DegreePositive	DegreeSuperlative	Adverb_Un_Hyphen	Adverb_With_Hyphen	Adverb_Un_Hyphen	Adverb_With_Hyphen	DeclensionAdjectival	DeclensionNominal	DeclensionMixed	Indeclinable	DeclensionAdjectival	DeclensionNominal	DeclensionMixed	Indeclinable	Comp_Suffixoid	Un_Comp_Suf	Comp_Suffixoid_Num_OJ	Comp_Suffixoid_Num_YJ	Comp_Suffixoid_Num_IJ	Comp_Suffixoid_Num_J	Comp_PunctuatorPost	Comp_PunctuatorPref	Comp_PunctuatorPostSeparable	Comp_PunctuatorPrefSeparable	Comp_Prefixoid	Comp_Suffixoid_Num_PercentYJ	Comp_Noun	Comp_Suffixoid_Chem	Comp_Adj	Comp_SuffixoidAbbr	Comp_Suffixoid	Un_Comp_Suf	Comp_Suffixoid_Num_OJ	Comp_Suffixoid_Num_YJ	Comp_Suffixoid_Num_IJ	Comp_Suffixoid_Num_J	Comp_PunctuatorPost	Comp_PunctuatorPref	Comp_PunctuatorPostSeparable	Comp_PunctuatorPrefSeparable	Comp_Prefixoid	Comp_Suffixoid_Num_PercentYJ	Comp_Noun	Comp_Suffixoid_Chem	Comp_Adj	Comp_SuffixoidAbbr	BiAspectual	MonoAspectual	Paired	BiAspectual	MonoAspectual	Paired	FullSynthComparison	NoSynthComparative	NoSynthSuperlative	OnlySuperlative	FullSynthComparison	NoSynthComparative	NoSynthSuperlative	OnlySuperlative	MOne	MTwo	MThree	MOne	MTwo	MThree	NormalClassifyingCapitalization	NormalClassifyingCapitalization	NormalClassifyingCapitalization	NormalClassifyingCapitalization	Future	Past	Present	Future	Past	Present	Conjunction	Pronoun	ZeroDoubleConjunct	ZeroDoubleConjunct	ZeroDoubleConjunct	ZeroDoubleConjunct	NotCommonChild	NotCommonChild	NotCommonChild	NotCommonChild	Accusative	Dative	Genitive	Instrumental	Locative	Nominative	Partitive	Prepositional	DativeSpecial	ZeroCase	Vocative	Accusative	Nominative	RCDemonstrative	RCAttributive	RCPossessive	RCIndefinite	RCPersonal	RCInterrogative	RCNegative	RCReflexive	RCNoun	RCInterrogative	NoPlacement	NoPlacement	NoPlacement	NoPlacement	Imperfective	Perfective	Imperfective	Perfective	NotDefaultFiller	NotDefaultFiller	NotDefaultFiller	NotDefaultFiller	Feminine	Masculine	Neuter	Common	Neuter	NoLeftmostPlacement	NoLeftmostPlacement	NoLeftmostPlacement	NoLeftmostPlacement	Iterat	UnIterat	Iterat	UnIterat	NoRightmostPlacement	NoRightmostPlacement	NoRightmostPlacement	NoRightmostPlacement	NotLeftConjunct	NotLeftConjunct	NotLeftConjunct	NotLeftConjunct	PersonFirst	PersonSecond	PersonThird	PersonZero	PersonFirst	PersonSecond	PersonThird	PersonZero	Active	VoiceSya	Passive	Active	VoiceSya	Passive	VerbIntransitive	VerbIntransitiveSpecial	VerbTransitive	VerbTransitiveSpecial	VerbIntransitive	VerbIntransitiveSpecial	VerbTransitive	VerbTransitiveSpecial	NotRightConjunct	NotRightConjunct	NotRightConjunct	NotRightConjunct	NoSpecialCaseForm	Locative_u	Genitive_u	Plural_consonant	Genitive_Locative_u	GenitivePlural_Zero	NominativePlural_a	SpecialPlual	SpecialVocative	NoSpecialCaseForm	Locative_u	Genitive_u	Plural_consonant	Genitive_Locative_u	GenitivePlural_Zero	NominativePlural_a	SpecialPlual	SpecialVocative	NoContrast	NoContrast	NoContrast	NoContrast	NormalCapitalization	NormalCapitalization	NormalCapitalization	NormalCapitalization	PO_Prefixoid	Rus_Prefixoid	VPOL_Prefixoid	NE_Prefixoid	Eval_Prefixoid	Intern_Prefixoid	Reduced_Prefixoid	InternHy_Prefixoid	Letter_Prefixoid	BEZ_Prefixoid	BES_Prefixoid	BEZer_Prefixoid	V_Prefixoid	InternModEr_Prefixoid	RusHy_Prefixoid	NAI_Prefixoid	POL_Prefixoid	NI_Prefixoid	KOE_Prefixoid	Intern_ReducedPrefixoid	InternMod_Prefixoid	Chem_Prefixoid	ProperNamePrefixoid	Chemical_Possible	PO_Prefixoid	Rus_Prefixoid	VPOL_Prefixoid	NE_Prefixoid	Eval_Prefixoid	Intern_Prefixoid	Reduced_Prefixoid	InternHy_Prefixoid	Letter_Prefixoid	BEZ_Prefixoid	BES_Prefixoid	BEZer_Prefixoid	V_Prefixoid	InternModEr_Prefixoid	RusHy_Prefixoid	NAI_Prefixoid	POL_Prefixoid	NI_Prefixoid	KOE_Prefixoid	Intern_ReducedPrefixoid	InternMod_Prefixoid	Chem_Prefixoid	ProperNamePrefixoid	Chemical_Possible	ParticipleFullForm	ParticipleShortForm	ParticipleFullForm	ParticipleShortForm	Plural	Singular	Singular	FiveAndMore	Three	Four	Two	SevenEight	FiveAndMore	Three	Four	Two	SevenEight	AdjectiveFullForm	AdjectiveShortForm	AdjectiveShortFlectional	AdjectiveFullForm	AdjectiveShortForm	AdjectiveShortFlectional	NounProperGeneral	NounProperSurNameFlective	NounProperTown	NounProperName	AdjectiveProper	NounProperPatronymic	NounProperNameDimin	AbbrProperGeneral	NounProperSurNameForeign	NounProperGeneral	NounProperSurNameFlective	NounProperTown	NounProperName	AdjectiveProper	NounProperPatronymic	NounProperNameDimin	AbbrProperGeneral	NounProperSurNameForeign	NormalNumberParadigm	NormalNumberParadigm	NormalNumberParadigm	NormalNumberParadigm	FullRealization	FullRealization	FullRealization	FullRealization
91	16	ей	ей	285462	285460	Animate	Inanimate	Animate	Inanimate	Reflexive	FullReflexivity	NonReflexive	ImperfectiveReflexivity	Reflexive	FullReflexivity	NonReflexive	ImperfectiveReflexivity	NormalMorphForm	NormalMorphForm	DefectOne	DefectTwo	Byt	DefectThree	DefectFour	DefectOne	DefectTwo	Byt	DefectThree	DefectFour	GTNoun	GTNoun	NotEllipted	NotEllipted	VocalForm	VocalForm	NotControlled	NotControlled	ZeroTypeOfCoordination	ZeroTypeOfCoordination	Composite_ski	Composite_iko	Composite_sko	NoCompositeness	Composite_o	Composite_e	Composite_usek	Composite_null	Composite_Numeral	Composite_cko	Composite_cki	Composite_ComplexNumeral	Composite_NumeralFull	Composite_NumeralShort	Composite_ski	Composite_iko	Composite_sko	NoCompositeness	Composite_o	Composite_e	Composite_usek	Composite_null	Composite_Numeral	Composite_cko	Composite_cki	Composite_ComplexNumeral	Composite_NumeralFull	Composite_NumeralShort	DegreeComparative	DegreePositive	DegreeSuperlative	DegreeComparative	DegreePositive	DegreeSuperlative	Adverb_Un_Hyphen	Adverb_With_Hyphen	Adverb_Un_Hyphen	Adverb_With_Hyphen	DeclensionAdjectival	DeclensionNominal	DeclensionMixed	Indeclinable	DeclensionAdjectival	DeclensionNominal	DeclensionMixed	Indeclinable	Comp_Suffixoid	Un_Comp_Suf	Comp_Suffixoid_Num_OJ	Comp_Suffixoid_Num_YJ	Comp_Suffixoid_Num_IJ	Comp_Suffixoid_Num_J	Comp_PunctuatorPost	Comp_PunctuatorPref	Comp_PunctuatorPostSeparable	Comp_PunctuatorPrefSeparable	Comp_Prefixoid	Comp_Suffixoid_Num_PercentYJ	Comp_Noun	Comp_Suffixoid_Chem	Comp_Adj	Comp_SuffixoidAbbr	Comp_Suffixoid	Un_Comp_Suf	Comp_Suffixoid_Num_OJ	Comp_Suffixoid_Num_YJ	Comp_Suffixoid_Num_IJ	Comp_Suffixoid_Num_J	Comp_PunctuatorPost	Comp_PunctuatorPref	Comp_PunctuatorPostSeparable	Comp_PunctuatorPrefSeparable	Comp_Prefixoid	Comp_Suffixoid_Num_PercentYJ	Comp_Noun	Comp_Suffixoid_Chem	Comp_Adj	Comp_SuffixoidAbbr	BiAspectual	MonoAspectual	Paired	BiAspectual	MonoAspectual	Paired	FullSynthComparison	NoSynthComparative	NoSynthSuperlative	OnlySuperlative	FullSynthComparison	NoSynthComparative	NoSynthSuperlative	OnlySuperlative	MOne	MTwo	MThree	MOne	MTwo	MThree	NormalClassifyingCapitalization	NormalClassifyingCapitalization	Future	Past	Present	Future	Past	Present	Pronoun	Pronoun	ZeroDoubleConjunct	ZeroDoubleConjunct	NotCommonChild	NotCommonChild	Dative	Instrumental	RCPersonal	RCPersonal	NoPlacement	NoPlacement	Imperfective	Perfective	Imperfective	Perfective	NotDefaultFiller	NotDefaultFiller	Feminine	Feminine	NoLeftmostPlacement	NoLeftmostPlacement	Iterat	UnIterat	Iterat	UnIterat	NoRightmostPlacement	NoRightmostPlacement	NotLeftConjunct	NotLeftConjunct	PersonThird	PersonThird	Active	VoiceSya	Passive	Active	VoiceSya	Passive	VerbIntransitive	VerbIntransitiveSpecial	VerbTransitive	VerbTransitiveSpecial	VerbIntransitive	VerbIntransitiveSpecial	VerbTransitive	VerbTransitiveSpecial	NotRightConjunct	NotRightConjunct	NoSpecialCaseForm	Locative_u	Genitive_u	Plural_consonant	Genitive_Locative_u	GenitivePlural_Zero	NominativePlural_a	SpecialPlual	SpecialVocative	NoSpecialCaseForm	Locative_u	Genitive_u	Plural_consonant	Genitive_Locative_u	GenitivePlural_Zero	NominativePlural_a	SpecialPlual	SpecialVocative	NoContrast	NoContrast	NormalCapitalization	NormalCapitalization	PO_Prefixoid	Rus_Prefixoid	VPOL_Prefixoid	NE_Prefixoid	Eval_Prefixoid	Intern_Prefixoid	Reduced_Prefixoid	InternHy_Prefixoid	Letter_Prefixoid	BEZ_Prefixoid	BES_Prefixoid	BEZer_Prefixoid	V_Prefixoid	InternModEr_Prefixoid	RusHy_Prefixoid	NAI_Prefixoid	POL_Prefixoid	NI_Prefixoid	KOE_Prefixoid	Intern_ReducedPrefixoid	InternMod_Prefixoid	Chem_Prefixoid	ProperNamePrefixoid	Chemical_Possible	PO_Prefixoid	Rus_Prefixoid	VPOL_Prefixoid	NE_Prefixoid	Eval_Prefixoid	Intern_Prefixoid	Reduced_Prefixoid	InternHy_Prefixoid	Letter_Prefixoid	BEZ_Prefixoid	BES_Prefixoid	BEZer_Prefixoid	V_Prefixoid	InternModEr_Prefixoid	RusHy_Prefixoid	NAI_Prefixoid	POL_Prefixoid	NI_Prefixoid	KOE_Prefixoid	Intern_ReducedPrefixoid	InternMod_Prefixoid	Chem_Prefixoid	ProperNamePrefixoid	Chemical_Possible	ParticipleFullForm	ParticipleShortForm	ParticipleFullForm	ParticipleShortForm	Singular	Singular	FiveAndMore	Three	Four	Two	SevenEight	FiveAndMore	Three	Four	Two	SevenEight	AdjectiveFullForm	AdjectiveShortForm	AdjectiveShortFlectional	AdjectiveFullForm	AdjectiveShortForm	AdjectiveShortFlectional	NounProperGeneral	NounProperSurNameFlective	NounProperTown	NounProperName	AdjectiveProper	NounProperPatronymic	NounProperNameDimin	AbbrProperGeneral	NounProperSurNameForeign	NounProperGeneral	NounProperSurNameFlective	NounProperTown	NounProperName	AdjectiveProper	NounProperPatronymic	NounProperNameDimin	AbbrProperGeneral	NounProperSurNameForeign	NormalNumberParadigm	NormalNumberParadigm	FullRealization	FullRealization
91	19	предстоит	предстоит	285460	285459	Animate	Inanimate	NonReflexive	NormalMorphForm	DefectOne	DefectTwo	Byt	DefectThree	DefectFour	GTVerb	NotEllipted	VocalForm	NForm	NotControlled	ZeroTypeOfCoordination	Composite_ski	Composite_iko	Composite_sko	NoCompositeness	Composite_o	Composite_e	Composite_usek	Composite_null	Composite_Numeral	Composite_cko	Composite_cki	Composite_ComplexNumeral	Composite_NumeralFull	Composite_NumeralShort	DegreeComparative	DegreePositive	DegreeSuperlative	Adverb_Un_Hyphen	Adverb_With_Hyphen	DeclensionAdjectival	DeclensionNominal	DeclensionMixed	Indeclinable	Comp_Suffixoid	Un_Comp_Suf	Comp_Suffixoid_Num_OJ	Comp_Suffixoid_Num_YJ	Comp_Suffixoid_Num_IJ	Comp_Suffixoid_Num_J	Comp_PunctuatorPost	Comp_PunctuatorPref	Comp_PunctuatorPostSeparable	Comp_PunctuatorPrefSeparable	Comp_Prefixoid	Comp_Suffixoid_Num_PercentYJ	Comp_Noun	Comp_Suffixoid_Chem	Comp_Adj	Comp_SuffixoidAbbr	MonoAspectual	FullSynthComparison	NoSynthComparative	NoSynthSuperlative	OnlySuperlative	MOne	MTwo	MThree	NormalClassifyingCapitalization	Present	Verb	ZeroDoubleConjunct	NotCommonChild	Accusative	Dative	Genitive	Instrumental	Locative	Nominative	Partitive	Prepositional	DativeSpecial	ZeroCase	Vocative	RCDemonstrative	RCAttributive	RCPossessive	RCIndefinite	RCPersonal	RCInterrogative	RCNegative	RCReflexive	RCNoun	NoPlacement	Imperfective	NotDefaultFiller	Feminine	Masculine	Neuter	Common	NoLeftmostPlacement	UnIterat	NoRightmostPlacement	NotLeftConjunct	PersonThird	Active	VerbIntransitive	NotRightConjunct	NoSpecialCaseForm	Locative_u	Genitive_u	Plural_consonant	Genitive_Locative_u	GenitivePlural_Zero	NominativePlural_a	SpecialPlual	SpecialVocative	NoContrast	NormalCapitalization	PO_Prefixoid	Rus_Prefixoid	VPOL_Prefixoid	NE_Prefixoid	Eval_Prefixoid	Intern_Prefixoid	Reduced_Prefixoid	InternHy_Prefixoid	Letter_Prefixoid	BEZ_Prefixoid	BES_Prefixoid	BEZer_Prefixoid	V_Prefixoid	InternModEr_Prefixoid	RusHy_Prefixoid	NAI_Prefixoid	POL_Prefixoid	NI_Prefixoid	KOE_Prefixoid	Intern_ReducedPrefixoid	InternMod_Prefixoid	Chem_Prefixoid	ProperNamePrefixoid	Chemical_Possible	ParticipleFullForm	ParticipleShortForm	Singular	FiveAndMore	Three	Four	Two	SevenEight	AdjectiveFullForm	AdjectiveShortForm	AdjectiveShortFlectional	NounProperGeneral	NounProperSurNameFlective	NounProperTown	NounProperName	AdjectiveProper	NounProperPatronymic	NounProperNameDimin	AbbrProperGeneral	NounProperSurNameForeign	NormalNumberParadigm	FullRealization
91	29	наладить	наладить	285463	285460	Animate	Inanimate	FullReflexivity	NormalMorphForm	DefectOne	DefectTwo	Byt	DefectThree	DefectFour	GTInfinitive	NotEllipted	VocalForm	NForm	NotControlled	ZeroTypeOfCoordination	Composite_ski	Composite_iko	Composite_sko	NoCompositeness	Composite_o	Composite_e	Composite_usek	Composite_null	Composite_Numeral	Composite_cko	Composite_cki	Composite_ComplexNumeral	Composite_NumeralFull	Composite_NumeralShort	DegreeComparative	DegreePositive	DegreeSuperlative	Adverb_Un_Hyphen	Adverb_With_Hyphen	DeclensionAdjectival	DeclensionNominal	DeclensionMixed	Indeclinable	Comp_Suffixoid	Un_Comp_Suf	Comp_Suffixoid_Num_OJ	Comp_Suffixoid_Num_YJ	Comp_Suffixoid_Num_IJ	Comp_Suffixoid_Num_J	Comp_PunctuatorPost	Comp_PunctuatorPref	Comp_PunctuatorPostSeparable	Comp_PunctuatorPrefSeparable	Comp_Prefixoid	Comp_Suffixoid_Num_PercentYJ	Comp_Noun	Comp_Suffixoid_Chem	Comp_Adj	Comp_SuffixoidAbbr	Paired	FullSynthComparison	NoSynthComparative	NoSynthSuperlative	OnlySuperlative	MOne	MTwo	MThree	NormalClassifyingCapitalization	Future	Past	Present	Verb	ZeroDoubleConjunct	NotCommonChild	Accusative	Dative	Genitive	Instrumental	Locative	Nominative	Partitive	Prepositional	DativeSpecial	ZeroCase	Vocative	RCDemonstrative	RCAttributive	RCPossessive	RCIndefinite	RCPersonal	RCInterrogative	RCNegative	RCReflexive	RCNoun	NoPlacement	Perfective	NotDefaultFiller	Feminine	Masculine	Neuter	Common	NoLeftmostPlacement	UnIterat	NoRightmostPlacement	NotLeftConjunct	PersonZero	Active	VerbTransitive	NotRightConjunct	NoSpecialCaseForm	Locative_u	Genitive_u	Plural_consonant	Genitive_Locative_u	GenitivePlural_Zero	NominativePlural_a	SpecialPlual	SpecialVocative	NoContrast	NormalCapitalization	PO_Prefixoid	Rus_Prefixoid	VPOL_Prefixoid	NE_Prefixoid	Eval_Prefixoid	Intern_Prefixoid	Reduced_Prefixoid	InternHy_Prefixoid	Letter_Prefixoid	BEZ_Prefixoid	BES_Prefixoid	BEZer_Prefixoid	V_Prefixoid	InternModEr_Prefixoid	RusHy_Prefixoid	NAI_Prefixoid	POL_Prefixoid	NI_Prefixoid	KOE_Prefixoid	Intern_ReducedPrefixoid	InternMod_Prefixoid	Chem_Prefixoid	ProperNamePrefixoid	Chemical_Possible	ParticipleFullForm	ParticipleShortForm	Plural	Singular	FiveAndMore	Three	Four	Two	SevenEight	AdjectiveFullForm	AdjectiveShortForm	AdjectiveShortFlectional	NounProperGeneral	NounProperSurNameFlective	NounProperTown	NounProperName	AdjectiveProper	NounProperPatronymic	NounProperNameDimin	AbbrProperGeneral	NounProperSurNameForeign	NormalNumberParadigm	FullRealization
91	38	отношения	отношения	285464	285463	Inanimate	Reflexive	FullReflexivity	NonReflexive	ImperfectiveReflexivity	NormalMorphForm	DefectOne	DefectTwo	Byt	DefectThree	DefectFour	GTNoun	NotEllipted	VocalForm	NForm	NotControlled	ZeroTypeOfCoordination	NoCompositeness	DegreeComparative	DegreePositive	DegreeSuperlative	Adverb_Un_Hyphen	Adverb_With_Hyphen	DeclensionNominal	Un_Comp_Suf	BiAspectual	MonoAspectual	Paired	FullSynthComparison	NoSynthComparative	NoSynthSuperlative	OnlySuperlative	MOne	MTwo	MThree	NormalClassifyingCapitalization	Future	Past	Present	Noun	ZeroDoubleConjunct	NotCommonChild	Accusative	Genitive	Nominative	Partitive	RCDemonstrative	RCAttributive	RCPossessive	RCIndefinite	RCPersonal	RCInterrogative	RCNegative	RCReflexive	RCNoun	NoPlacement	Imperfective	Perfective	NotDefaultFiller	Neuter	NoLeftmostPlacement	Iterat	UnIterat	NoRightmostPlacement	NotLeftConjunct	PersonFirst	PersonSecond	PersonThird	PersonZero	Active	VoiceSya	Passive	VerbIntransitive	VerbIntransitiveSpecial	VerbTransitive	VerbTransitiveSpecial	NotRightConjunct	NoSpecialCaseForm	NoContrast	NormalCapitalization	PO_Prefixoid	Rus_Prefixoid	VPOL_Prefixoid	NE_Prefixoid	Eval_Prefixoid	Intern_Prefixoid	Reduced_Prefixoid	InternHy_Prefixoid	Letter_Prefixoid	BEZ_Prefixoid	BES_Prefixoid	BEZer_Prefixoid	V_Prefixoid	InternModEr_Prefixoid	RusHy_Prefixoid	NAI_Prefixoid	POL_Prefixoid	NI_Prefixoid	KOE_Prefixoid	Intern_ReducedPrefixoid	InternMod_Prefixoid	Chem_Prefixoid	ProperNamePrefixoid	Chemical_Possible	ParticipleFullForm	ParticipleShortForm	Plural	Singular	FiveAndMore	Three	Four	Two	SevenEight	AdjectiveFullForm	AdjectiveShortForm	AdjectiveShortFlectional	NounProperGeneral	NounProperSurNameFlective	NounProperTown	NounProperName	AdjectiveProper	NounProperPatronymic	NounProperNameDimin	AbbrProperGeneral	NounProperSurNameForeign	NormalNumberParadigm	FullRealization
91	48	чиновников	чиновников	285465	285464	Animate	Reflexive	FullReflexivity	NonReflexive	ImperfectiveReflexivity	NormalMorphForm	DefectOne	DefectTwo	Byt	DefectThree	DefectFour	GTNoun	NotEllipted	VocalForm	NForm	NotControlled	ZeroTypeOfCoordination	NoCompositeness	DegreeComparative	DegreePositive	DegreeSuperlative	Adverb_Un_Hyphen	Adverb_With_Hyphen	DeclensionNominal	Un_Comp_Suf	BiAspectual	MonoAspectual	Paired	FullSynthComparison	NoSynthComparative	NoSynthSuperlative	OnlySuperlative	MOne	MTwo	MThree	NormalClassifyingCapitalization	Future	Past	Present	Noun	ZeroDoubleConjunct	NotCommonChild	Accusative	Genitive	Partitive	RCDemonstrative	RCAttributive	RCPossessive	RCIndefinite	RCPersonal	RCInterrogative	RCNegative	RCReflexive	RCNoun	NoPlacement	Imperfective	Perfective	NotDefaultFiller	Masculine	NoLeftmostPlacement	Iterat	UnIterat	NoRightmostPlacement	NotLeftConjunct	PersonFirst	PersonSecond	PersonThird	PersonZero	Active	VoiceSya	Passive	VerbIntransitive	VerbIntransitiveSpecial	VerbTransitive	VerbTransitiveSpecial	NotRightConjunct	NoSpecialCaseForm	NoContrast	NormalCapitalization	PO_Prefixoid	Rus_Prefixoid	VPOL_Prefixoid	NE_Prefixoid	Eval_Prefixoid	Intern_Prefixoid	Reduced_Prefixoid	InternHy_Prefixoid	Letter_Prefixoid	BEZ_Prefixoid	BES_Prefixoid	BEZer_Prefixoid	V_Prefixoid	InternModEr_Prefixoid	RusHy_Prefixoid	NAI_Prefixoid	POL_Prefixoid	NI_Prefixoid	KOE_Prefixoid	Intern_ReducedPrefixoid	InternMod_Prefixoid	Chem_Prefixoid	ProperNamePrefixoid	Chemical_Possible	ParticipleFullForm	ParticipleShortForm	Plural	FiveAndMore	Three	Four	Two	SevenEight	AdjectiveFullForm	AdjectiveShortForm	AdjectiveShortFlectional	NounProperGeneral	NounProperSurNameFlective	NounProperTown	NounProperName	AdjectiveProper	NounProperPatronymic	NounProperNameDimin	AbbrProperGeneral	NounProperSurNameForeign	NormalNumberParadigm	FullRealization
91	59	с	с	285467	285466	Animate	Inanimate	Inanimate	Reflexive	FullReflexivity	NonReflexive	ImperfectiveReflexivity	Reflexive	FullReflexivity	NonReflexive	ImperfectiveReflexivity	NormalMorphForm	NormalMorphForm	NormalMorphForm	DefectOne	DefectTwo	Byt	DefectThree	DefectFour	DefectOne	DefectTwo	Byt	DefectThree	DefectFour	GTInvariable	GTNoun	NotEllipted	NotEllipted	NotEllipted	VocalForm	NForm	VocalForm	NForm	NotControlled	NotControlled	NotControlled	ZeroTypeOfCoordination	ZeroTypeOfCoordination	ZeroTypeOfCoordination	Composite_ski	Composite_iko	Composite_sko	NoCompositeness	Composite_o	Composite_e	Composite_usek	Composite_null	Composite_Numeral	Composite_cko	Composite_cki	Composite_ComplexNumeral	Composite_NumeralFull	Composite_NumeralShort	NoCompositeness	DegreeComparative	DegreePositive	DegreeSuperlative	DegreeComparative	DegreePositive	DegreeSuperlative	Adverb_Un_Hyphen	Adverb_With_Hyphen	Adverb_Un_Hyphen	Adverb_With_Hyphen	DeclensionAdjectival	DeclensionNominal	DeclensionMixed	Indeclinable	Indeclinable	Comp_Suffixoid	Un_Comp_Suf	Comp_Suffixoid_Num_OJ	Comp_Suffixoid_Num_YJ	Comp_Suffixoid_Num_IJ	Comp_Suffixoid_Num_J	Comp_PunctuatorPost	Comp_PunctuatorPref	Comp_PunctuatorPostSeparable	Comp_PunctuatorPrefSeparable	Comp_Prefixoid	Comp_Suffixoid_Num_PercentYJ	Comp_Noun	Comp_Suffixoid_Chem	Comp_Adj	Comp_SuffixoidAbbr	Comp_PunctuatorPostSeparable	Comp_PunctuatorPrefSeparable	BiAspectual	MonoAspectual	Paired	BiAspectual	MonoAspectual	Paired	FullSynthComparison	NoSynthComparative	NoSynthSuperlative	OnlySuperlative	FullSynthComparison	NoSynthComparative	NoSynthSuperlative	OnlySuperlative	MOne	MTwo	MThree	MOne	MTwo	MThree	NormalClassifyingCapitalization	NormalClassifyingCapitalization	NormalClassifyingCapitalization	Future	Past	Present	Future	Past	Present	Preposition	Noun	ZeroDoubleConjunct	ZeroDoubleConjunct	ZeroDoubleConjunct	NotCommonChild	NotCommonChild	NotCommonChild	Accusative	Dative	Genitive	Instrumental	Locative	Nominative	Partitive	Prepositional	DativeSpecial	ZeroCase	Vocative	Accusative	Dative	Genitive	Instrumental	Locative	Nominative	Partitive	Prepositional	RCDemonstrative	RCAttributive	RCPossessive	RCIndefinite	RCPersonal	RCInterrogative	RCNegative	RCReflexive	RCNoun	RCDemonstrative	RCAttributive	RCPossessive	RCIndefinite	RCPersonal	RCInterrogative	RCNegative	RCReflexive	RCNoun	NoPlacement	NoPlacement	NoPlacement	Imperfective	Perfective	Imperfective	Perfective	NotDefaultFiller	NotDefaultFiller	NotDefaultFiller	Feminine	Masculine	Neuter	Common	Feminine	Neuter	NoLeftmostPlacement	NoLeftmostPlacement	NoLeftmostPlacement	Iterat	UnIterat	Iterat	UnIterat	NoRightmostPlacement	NoRightmostPlacement	NoRightmostPlacement	NotLeftConjunct	NotLeftConjunct	NotLeftConjunct	PersonFirst	PersonSecond	PersonThird	PersonZero	PersonFirst	PersonSecond	PersonThird	PersonZero	Active	VoiceSya	Passive	Active	VoiceSya	Passive	VerbIntransitive	VerbIntransitiveSpecial	VerbTransitive	VerbTransitiveSpecial	VerbIntransitive	VerbIntransitiveSpecial	VerbTransitive	VerbTransitiveSpecial	NotRightConjunct	NotRightConjunct	NotRightConjunct	NoSpecialCaseForm	Locative_u	Genitive_u	Plural_consonant	Genitive_Locative_u	GenitivePlural_Zero	NominativePlural_a	SpecialPlual	SpecialVocative	NoSpecialCaseForm	Locative_u	Genitive_u	Plural_consonant	Genitive_Locative_u	GenitivePlural_Zero	NominativePlural_a	SpecialPlual	SpecialVocative	NoContrast	NoContrast	NoContrast	NormalCapitalization	NormalCapitalization	NormalCapitalization	PO_Prefixoid	Rus_Prefixoid	VPOL_Prefixoid	NE_Prefixoid	Eval_Prefixoid	Intern_Prefixoid	Reduced_Prefixoid	InternHy_Prefixoid	Letter_Prefixoid	BEZ_Prefixoid	BES_Prefixoid	BEZer_Prefixoid	V_Prefixoid	InternModEr_Prefixoid	RusHy_Prefixoid	NAI_Prefixoid	POL_Prefixoid	NI_Prefixoid	KOE_Prefixoid	Intern_ReducedPrefixoid	InternMod_Prefixoid	Chem_Prefixoid	ProperNamePrefixoid	Chemical_Possible	PO_Prefixoid	Rus_Prefixoid	VPOL_Prefixoid	NE_Prefixoid	Eval_Prefixoid	Intern_Prefixoid	Reduced_Prefixoid	InternHy_Prefixoid	Letter_Prefixoid	BEZ_Prefixoid	BES_Prefixoid	BEZer_Prefixoid	V_Prefixoid	InternModEr_Prefixoid	RusHy_Prefixoid	NAI_Prefixoid	POL_Prefixoid	NI_Prefixoid	KOE_Prefixoid	Intern_ReducedPrefixoid	InternMod_Prefixoid	Chem_Prefixoid	ProperNamePrefixoid	Chemical_Possible	ParticipleFullForm	ParticipleShortForm	ParticipleFullForm	ParticipleShortForm	Plural	Singular	Plural	Singular	FiveAndMore	Three	Four	Two	SevenEight	FiveAndMore	Three	Four	Two	SevenEight	AdjectiveFullForm	AdjectiveShortForm	AdjectiveShortFlectional	AdjectiveFullForm	AdjectiveShortForm	AdjectiveShortFlectional	NounProperGeneral	NounProperSurNameFlective	NounProperTown	NounProperName	AdjectiveProper	NounProperPatronymic	NounProperNameDimin	AbbrProperGeneral	NounProperSurNameForeign	NounProperGeneral	NounProperSurNameFlective	NounProperTown	NounProperName	AdjectiveProper	NounProperPatronymic	NounProperNameDimin	AbbrProperGeneral	NounProperSurNameForeign	NormalNumberParadigm	NormalNumberParadigm	SingulariaTantum	NormalNumberParadigm	FullRealization	FullRealization	FullRealization
91	61	медицинским	медицинским	285468	285466	Animate	Inanimate	Reflexive	FullReflexivity	NonReflexive	ImperfectiveReflexivity	NormalMorphForm	DefectOne	DefectTwo	Byt	DefectThree	DefectFour	GTAdjectiveAttributive	NotEllipted	VocalForm	NForm	NotControlled	ZeroTypeOfCoordination	NoCompositeness	DegreePositive	Adverb_Un_Hyphen	Adverb_With_Hyphen	DeclensionAdjectival	DeclensionNominal	DeclensionMixed	Indeclinable	Un_Comp_Suf	BiAspectual	MonoAspectual	Paired	NoSynthComparative	MOne	MTwo	MThree	NormalClassifyingCapitalization	Future	Past	Present	Adjective	ZeroDoubleConjunct	NotCommonChild	Dative	Instrumental	RCDemonstrative	RCAttributive	RCPossessive	RCIndefinite	RCPersonal	RCInterrogative	RCNegative	RCReflexive	RCNoun	NoPlacement	Imperfective	Perfective	NotDefaultFiller	Feminine	Masculine	Neuter	Common	NoLeftmostPlacement	Iterat	UnIterat	NoRightmostPlacement	NotLeftConjunct	PersonFirst	PersonSecond	PersonThird	PersonZero	Active	VoiceSya	Passive	VerbIntransitive	VerbIntransitiveSpecial	VerbTransitive	VerbTransitiveSpecial	NotRightConjunct	NoSpecialCaseForm	Locative_u	Genitive_u	Plural_consonant	Genitive_Locative_u	GenitivePlural_Zero	NominativePlural_a	SpecialPlual	SpecialVocative	NoContrast	NormalCapitalization	PO_Prefixoid	Rus_Prefixoid	VPOL_Prefixoid	NE_Prefixoid	Eval_Prefixoid	Intern_Prefixoid	Reduced_Prefixoid	InternHy_Prefixoid	Letter_Prefixoid	BEZ_Prefixoid	BES_Prefixoid	BEZer_Prefixoid	V_Prefixoid	InternModEr_Prefixoid	RusHy_Prefixoid	NAI_Prefixoid	POL_Prefixoid	NI_Prefixoid	KOE_Prefixoid	Intern_ReducedPrefixoid	InternMod_Prefixoid	Chem_Prefixoid	ProperNamePrefixoid	Chemical_Possible	ParticipleFullForm	ParticipleShortForm	Plural	Singular	FiveAndMore	Three	Four	Two	SevenEight	AdjectiveFullForm	NounProperGeneral	NounProperSurNameFlective	NounProperTown	NounProperName	AdjectiveProper	NounProperPatronymic	NounProperNameDimin	AbbrProperGeneral	NounProperSurNameForeign	NormalNumberParadigm	FullRealization
91	73	сообществом	сообществом	285466	285464	Inanimate	Reflexive	FullReflexivity	NonReflexive	ImperfectiveReflexivity	NormalMorphForm	DefectOne	DefectTwo	Byt	DefectThree	DefectFour	GTNoun	NotEllipted	VocalForm	NForm	NotControlled	ZeroTypeOfCoordination	NoCompositeness	DegreeComparative	DegreePositive	DegreeSuperlative	Adverb_Un_Hyphen	Adverb_With_Hyphen	DeclensionNominal	Un_Comp_Suf	BiAspectual	MonoAspectual	Paired	FullSynthComparison	NoSynthComparative	NoSynthSuperlative	OnlySuperlative	MOne	MTwo	MThree	NormalClassifyingCapitalization	Future	Past	Present	Noun	ZeroDoubleConjunct	NotCommonChild	Instrumental	RCDemonstrative	RCAttributive	RCPossessive	RCIndefinite	RCPersonal	RCInterrogative	RCNegative	RCReflexive	RCNoun	NoPlacement	Imperfective	Perfective	NotDefaultFiller	Neuter	NoLeftmostPlacement	Iterat	UnIterat	NoRightmostPlacement	NotLeftConjunct	PersonFirst	PersonSecond	PersonThird	PersonZero	Active	VoiceSya	Passive	VerbIntransitive	VerbIntransitiveSpecial	VerbTransitive	VerbTransitiveSpecial	NotRightConjunct	NominativePlural_a	NoContrast	NormalCapitalization	PO_Prefixoid	Rus_Prefixoid	VPOL_Prefixoid	NE_Prefixoid	Eval_Prefixoid	Intern_Prefixoid	Reduced_Prefixoid	InternHy_Prefixoid	Letter_Prefixoid	BEZ_Prefixoid	BES_Prefixoid	BEZer_Prefixoid	V_Prefixoid	InternModEr_Prefixoid	RusHy_Prefixoid	NAI_Prefixoid	POL_Prefixoid	NI_Prefixoid	KOE_Prefixoid	Intern_ReducedPrefixoid	InternMod_Prefixoid	Chem_Prefixoid	ProperNamePrefixoid	Chemical_Possible	ParticipleFullForm	ParticipleShortForm	Singular	FiveAndMore	Three	Four	Two	SevenEight	AdjectiveFullForm	AdjectiveShortForm	AdjectiveShortFlectional	NounProperGeneral	NounProperSurNameFlective	NounProperTown	NounProperName	AdjectiveProper	NounProperPatronymic	NounProperNameDimin	AbbrProperGeneral	NounProperSurNameForeign	NormalNumberParadigm	FullRealization
93	-1			285480	285478
93	-1			285488	285486
93	-1			285497	285472
93	0	В	В	285474	285473	Animate	Inanimate	Inanimate	Inanimate	Reflexive	FullReflexivity	NonReflexive	ImperfectiveReflexivity	Reflexive	FullReflexivity	NonReflexive	ImperfectiveReflexivity	Reflexive	FullReflexivity	NonReflexive	ImperfectiveReflexivity	NormalMorphForm	NormalMorphForm	NormalMorphForm	NormalMorphForm	DefectOne	DefectTwo	Byt	DefectThree	DefectFour	DefectOne	DefectTwo	Byt	DefectThree	DefectFour	DefectOne	DefectTwo	Byt	DefectThree	DefectFour	GTInvariable	GTNoun	GTNoun	NotEllipted	NotEllipted	NotEllipted	NotEllipted	VocalForm	NForm	VocalForm	NForm	VocalForm	NForm	NotControlled	NotControlled	NotControlled	NotControlled	ZeroTypeOfCoordination	ZeroTypeOfCoordination	ZeroTypeOfCoordination	ZeroTypeOfCoordination	Composite_ski	Composite_iko	Composite_sko	NoCompositeness	Composite_o	Composite_e	Composite_usek	Composite_null	Composite_Numeral	Composite_cko	Composite_cki	Composite_ComplexNumeral	Composite_NumeralFull	Composite_NumeralShort	NoCompositeness	NoCompositeness	DegreeComparative	DegreePositive	DegreeSuperlative	DegreeComparative	DegreePositive	DegreeSuperlative	DegreeComparative	DegreePositive	DegreeSuperlative	Adverb_Un_Hyphen	Adverb_With_Hyphen	Adverb_Un_Hyphen	Adverb_With_Hyphen	Adverb_Un_Hyphen	Adverb_With_Hyphen	DeclensionAdjectival	DeclensionNominal	DeclensionMixed	Indeclinable	Indeclinable	Indeclinable	Comp_Suffixoid	Un_Comp_Suf	Comp_Suffixoid_Num_OJ	Comp_Suffixoid_Num_YJ	Comp_Suffixoid_Num_IJ	Comp_Suffixoid_Num_J	Comp_PunctuatorPost	Comp_PunctuatorPref	Comp_PunctuatorPostSeparable	Comp_PunctuatorPrefSeparable	Comp_Prefixoid	Comp_Suffixoid_Num_PercentYJ	Comp_Noun	Comp_Suffixoid_Chem	Comp_Adj	Comp_SuffixoidAbbr	Comp_PunctuatorPostSeparable	Comp_PunctuatorPostSeparable	BiAspectual	MonoAspectual	Paired	BiAspectual	MonoAspectual	Paired	BiAspectual	MonoAspectual	Paired	FullSynthComparison	NoSynthComparative	NoSynthSuperlative	OnlySuperlative	FullSynthComparison	NoSynthComparative	NoSynthSuperlative	OnlySuperlative	FullSynthComparison	NoSynthComparative	NoSynthSuperlative	OnlySuperlative	MOne	MTwo	MThree	MOne	MTwo	MThree	MOne	MTwo	MThree	NormalClassifyingCapitalization	NormalClassifyingCapitalization	NormalClassifyingCapitalization	NormalClassifyingCapitalization	Future	Past	Present	Future	Past	Present	Future	Past	Present	Preposition	Noun	Noun	ZeroDoubleConjunct	ZeroDoubleConjunct	ZeroDoubleConjunct	ZeroDoubleConjunct	NotCommonChild	NotCommonChild	NotCommonChild	NotCommonChild	Accusative	Dative	Genitive	Instrumental	Locative	Nominative	Partitive	Prepositional	DativeSpecial	ZeroCase	Vocative	Accusative	Dative	Genitive	Instrumental	Locative	Nominative	Partitive	Prepositional	Accusative	Dative	Genitive	Instrumental	Locative	Nominative	Partitive	Prepositional	RCDemonstrative	RCAttributive	RCPossessive	RCIndefinite	RCPersonal	RCInterrogative	RCNegative	RCReflexive	RCNoun	RCDemonstrative	RCAttributive	RCPossessive	RCIndefinite	RCPersonal	RCInterrogative	RCNegative	RCReflexive	RCNoun	RCDemonstrative	RCAttributive	RCPossessive	RCIndefinite	RCPersonal	RCInterrogative	RCNegative	RCReflexive	RCNoun	NoPlacement	NoPlacement	NoPlacement	NoPlacement	Imperfective	Perfective	Imperfective	Perfective	Imperfective	Perfective	NotDefaultFiller	NotDefaultFiller	NotDefaultFiller	NotDefaultFiller	Feminine	Masculine	Neuter	Common	Masculine	Feminine	Masculine	Neuter	Common	NoLeftmostPlacement	NoLeftmostPlacement	NoLeftmostPlacement	NoLeftmostPlacement	Iterat	UnIterat	Iterat	UnIterat	Iterat	UnIterat	NoRightmostPlacement	NoRightmostPlacement	NoRightmostPlacement	NoRightmostPlacement	NotLeftConjunct	NotLeftConjunct	NotLeftConjunct	NotLeftConjunct	PersonFirst	PersonSecond	PersonThird	PersonZero	PersonFirst	PersonSecond	PersonThird	PersonZero	PersonFirst	PersonSecond	PersonThird	PersonZero	Active	VoiceSya	Passive	Active	VoiceSya	Passive	Active	VoiceSya	Passive	VerbIntransitive	VerbIntransitiveSpecial	VerbTransitive	VerbTransitiveSpecial	VerbIntransitive	VerbIntransitiveSpecial	VerbTransitive	VerbTransitiveSpecial	VerbIntransitive	VerbIntransitiveSpecial	VerbTransitive	VerbTransitiveSpecial	NotRightConjunct	NotRightConjunct	NotRightConjunct	NotRightConjunct	NoSpecialCaseForm	Locative_u	Genitive_u	Plural_consonant	Genitive_Locative_u	GenitivePlural_Zero	NominativePlural_a	SpecialPlual	SpecialVocative	NoSpecialCaseForm	Locative_u	Genitive_u	Plural_consonant	Genitive_Locative_u	GenitivePlural_Zero	NominativePlural_a	SpecialPlual	SpecialVocative	NoSpecialCaseForm	Locative_u	Genitive_u	Plural_consonant	Genitive_Locative_u	GenitivePlural_Zero	NominativePlural_a	SpecialPlual	SpecialVocative	NoContrast	NoContrast	NoContrast	NoContrast	NormalCapitalization	NormalCapitalization	NormalCapitalization	NormalCapitalization	PO_Prefixoid	Rus_Prefixoid	VPOL_Prefixoid	NE_Prefixoid	Eval_Prefixoid	Intern_Prefixoid	Reduced_Prefixoid	InternHy_Prefixoid	Letter_Prefixoid	BEZ_Prefixoid	BES_Prefixoid	BEZer_Prefixoid	V_Prefixoid	InternModEr_Prefixoid	RusHy_Prefixoid	NAI_Prefixoid	POL_Prefixoid	NI_Prefixoid	KOE_Prefixoid	Intern_ReducedPrefixoid	InternMod_Prefixoid	Chem_Prefixoid	ProperNamePrefixoid	Chemical_Possible	PO_Prefixoid	Rus_Prefixoid	VPOL_Prefixoid	NE_Prefixoid	Eval_Prefixoid	Intern_Prefixoid	Reduced_Prefixoid	InternHy_Prefixoid	Letter_Prefixoid	BEZ_Prefixoid	BES_Prefixoid	BEZer_Prefixoid	V_Prefixoid	InternModEr_Prefixoid	RusHy_Prefixoid	NAI_Prefixoid	POL_Prefixoid	NI_Prefixoid	KOE_Prefixoid	Intern_ReducedPrefixoid	InternMod_Prefixoid	Chem_Prefixoid	ProperNamePrefixoid	Chemical_Possible	PO_Prefixoid	Rus_Prefixoid	VPOL_Prefixoid	NE_Prefixoid	Eval_Prefixoid	Intern_Prefixoid	Reduced_Prefixoid	InternHy_Prefixoid	Letter_Prefixoid	BEZ_Prefixoid	BES_Prefixoid	BEZer_Prefixoid	V_Prefixoid	InternModEr_Prefixoid	RusHy_Prefixoid	NAI_Prefixoid	POL_Prefixoid	NI_Prefixoid	KOE_Prefixoid	Intern_ReducedPrefixoid	InternMod_Prefixoid	Chem_Prefixoid	ProperNamePrefixoid	Chemical_Possible	ParticipleFullForm	ParticipleShortForm	ParticipleFullForm	ParticipleShortForm	ParticipleFullForm	ParticipleShortForm	Plural	Singular	Plural	Singular	Plural	Singular	FiveAndMore	Three	Four	Two	SevenEight	FiveAndMore	Three	Four	Two	SevenEight	FiveAndMore	Three	Four	Two	SevenEight	AdjectiveFullForm	AdjectiveShortForm	AdjectiveShortFlectional	AdjectiveFullForm	AdjectiveShortForm	AdjectiveShortFlectional	AdjectiveFullForm	AdjectiveShortForm	AdjectiveShortFlectional	NounProperGeneral	NounProperSurNameFlective	NounProperTown	NounProperName	AdjectiveProper	NounProperPatronymic	NounProperNameDimin	AbbrProperGeneral	NounProperSurNameForeign	NounProperGeneral	NounProperSurNameFlective	NounProperTown	NounProperName	AdjectiveProper	NounProperPatronymic	NounProperNameDimin	AbbrProperGeneral	NounProperSurNameForeign	NounProperGeneral	NounProperSurNameFlective	NounProperTown	NounProperName	AdjectiveProper	NounProperPatronymic	NounProperNameDimin	AbbrProperGeneral	NounProperSurNameForeign	NormalNumberParadigm	NormalNumberParadigm	NormalNumberParadigm	NormalNumberParadigm	FullRealization	FullRealization	FullRealization	FullRealization
93	2	связи	связи	285473	285472	Inanimate	Reflexive	FullReflexivity	NonReflexive	ImperfectiveReflexivity	NormalMorphForm	DefectOne	DefectTwo	Byt	DefectThree	DefectFour	GTNoun	NotEllipted	VocalForm	NForm	NotControlled	ZeroTypeOfCoordination	NoCompositeness	DegreeComparative	DegreePositive	DegreeSuperlative	Adverb_Un_Hyphen	Adverb_With_Hyphen	DeclensionNominal	Un_Comp_Suf	BiAspectual	MonoAspectual	Paired	FullSynthComparison	NoSynthComparative	NoSynthSuperlative	OnlySuperlative	MOne	MTwo	MThree	NormalClassifyingCapitalization	Future	Past	Present	Noun	ZeroDoubleConjunct	NotCommonChild	Accusative	Dative	Genitive	Locative	Nominative	Partitive	Prepositional	RCDemonstrative	RCAttributive	RCPossessive	RCIndefinite	RCPersonal	RCInterrogative	RCNegative	RCReflexive	RCNoun	NoPlacement	Imperfective	Perfective	NotDefaultFiller	Feminine	NoLeftmostPlacement	Iterat	UnIterat	NoRightmostPlacement	NotLeftConjunct	PersonFirst	PersonSecond	PersonThird	PersonZero	Active	VoiceSya	Passive	VerbIntransitive	VerbIntransitiveSpecial	VerbTransitive	VerbTransitiveSpecial	NotRightConjunct	NoSpecialCaseForm	NoContrast	NormalCapitalization	PO_Prefixoid	Rus_Prefixoid	VPOL_Prefixoid	NE_Prefixoid	Eval_Prefixoid	Intern_Prefixoid	Reduced_Prefixoid	InternHy_Prefixoid	Letter_Prefixoid	BEZ_Prefixoid	BES_Prefixoid	BEZer_Prefixoid	V_Prefixoid	InternModEr_Prefixoid	RusHy_Prefixoid	NAI_Prefixoid	POL_Prefixoid	NI_Prefixoid	KOE_Prefixoid	Intern_ReducedPrefixoid	InternMod_Prefixoid	Chem_Prefixoid	ProperNamePrefixoid	Chemical_Possible	ParticipleFullForm	ParticipleShortForm	Plural	Singular	FiveAndMore	Three	Four	Two	SevenEight	AdjectiveFullForm	AdjectiveShortForm	AdjectiveShortFlectional	NounProperGeneral	NounProperSurNameFlective	NounProperTown	NounProperName	AdjectiveProper	NounProperPatronymic	NounProperNameDimin	AbbrProperGeneral	NounProperSurNameForeign	NormalNumberParadigm	FullRealization
93	8	с	с	285476	285475	Animate	Inanimate	Inanimate	Reflexive	FullReflexivity	NonReflexive	ImperfectiveReflexivity	Reflexive	FullReflexivity	NonReflexive	ImperfectiveReflexivity	NormalMorphForm	NormalMorphForm	NormalMorphForm	DefectOne	DefectTwo	Byt	DefectThree	DefectFour	DefectOne	DefectTwo	Byt	DefectThree	DefectFour	GTInvariable	GTNoun	NotEllipted	NotEllipted	NotEllipted	VocalForm	NForm	VocalForm	NForm	NotControlled	NotControlled	NotControlled	ZeroTypeOfCoordination	ZeroTypeOfCoordination	ZeroTypeOfCoordination	Composite_ski	Composite_iko	Composite_sko	NoCompositeness	Composite_o	Composite_e	Composite_usek	Composite_null	Composite_Numeral	Composite_cko	Composite_cki	Composite_ComplexNumeral	Composite_NumeralFull	Composite_NumeralShort	NoCompositeness	DegreeComparative	DegreePositive	DegreeSuperlative	DegreeComparative	DegreePositive	DegreeSuperlative	Adverb_Un_Hyphen	Adverb_With_Hyphen	Adverb_Un_Hyphen	Adverb_With_Hyphen	DeclensionAdjectival	DeclensionNominal	DeclensionMixed	Indeclinable	Indeclinable	Comp_Suffixoid	Un_Comp_Suf	Comp_Suffixoid_Num_OJ	Comp_Suffixoid_Num_YJ	Comp_Suffixoid_Num_IJ	Comp_Suffixoid_Num_J	Comp_PunctuatorPost	Comp_PunctuatorPref	Comp_PunctuatorPostSeparable	Comp_PunctuatorPrefSeparable	Comp_Prefixoid	Comp_Suffixoid_Num_PercentYJ	Comp_Noun	Comp_Suffixoid_Chem	Comp_Adj	Comp_SuffixoidAbbr	Comp_PunctuatorPostSeparable	Comp_PunctuatorPrefSeparable	BiAspectual	MonoAspectual	Paired	BiAspectual	MonoAspectual	Paired	FullSynthComparison	NoSynthComparative	NoSynthSuperlative	OnlySuperlative	FullSynthComparison	NoSynthComparative	NoSynthSuperlative	OnlySuperlative	MOne	MTwo	MThree	MOne	MTwo	MThree	NormalClassifyingCapitalization	NormalClassifyingCapitalization	NormalClassifyingCapitalization	Future	Past	Present	Future	Past	Present	Preposition	Noun	ZeroDoubleConjunct	ZeroDoubleConjunct	ZeroDoubleConjunct	NotCommonChild	NotCommonChild	NotCommonChild	Accusative	Dative	Genitive	Instrumental	Locative	Nominative	Partitive	Prepositional	DativeSpecial	ZeroCase	Vocative	Accusative	Dative	Genitive	Instrumental	Locative	Nominative	Partitive	Prepositional	RCDemonstrative	RCAttributive	RCPossessive	RCIndefinite	RCPersonal	RCInterrogative	RCNegative	RCReflexive	RCNoun	RCDemonstrative	RCAttributive	RCPossessive	RCIndefinite	RCPersonal	RCInterrogative	RCNegative	RCReflexive	RCNoun	NoPlacement	NoPlacement	NoPlacement	Imperfective	Perfective	Imperfective	Perfective	NotDefaultFiller	NotDefaultFiller	NotDefaultFiller	Feminine	Masculine	Neuter	Common	Feminine	Neuter	NoLeftmostPlacement	NoLeftmostPlacement	NoLeftmostPlacement	Iterat	UnIterat	Iterat	UnIterat	NoRightmostPlacement	NoRightmostPlacement	NoRightmostPlacement	NotLeftConjunct	NotLeftConjunct	NotLeftConjunct	PersonFirst	PersonSecond	PersonThird	PersonZero	PersonFirst	PersonSecond	PersonThird	PersonZero	Active	VoiceSya	Passive	Active	VoiceSya	Passive	VerbIntransitive	VerbIntransitiveSpecial	VerbTransitive	VerbTransitiveSpecial	VerbIntransitive	VerbIntransitiveSpecial	VerbTransitive	VerbTransitiveSpecial	NotRightConjunct	NotRightConjunct	NotRightConjunct	NoSpecialCaseForm	Locative_u	Genitive_u	Plural_consonant	Genitive_Locative_u	GenitivePlural_Zero	NominativePlural_a	SpecialPlual	SpecialVocative	NoSpecialCaseForm	Locative_u	Genitive_u	Plural_consonant	Genitive_Locative_u	GenitivePlural_Zero	NominativePlural_a	SpecialPlual	SpecialVocative	NoContrast	NoContrast	NoContrast	NormalCapitalization	NormalCapitalization	NormalCapitalization	PO_Prefixoid	Rus_Prefixoid	VPOL_Prefixoid	NE_Prefixoid	Eval_Prefixoid	Intern_Prefixoid	Reduced_Prefixoid	InternHy_Prefixoid	Letter_Prefixoid	BEZ_Prefixoid	BES_Prefixoid	BEZer_Prefixoid	V_Prefixoid	InternModEr_Prefixoid	RusHy_Prefixoid	NAI_Prefixoid	POL_Prefixoid	NI_Prefixoid	KOE_Prefixoid	Intern_ReducedPrefixoid	InternMod_Prefixoid	Chem_Prefixoid	ProperNamePrefixoid	Chemical_Possible	PO_Prefixoid	Rus_Prefixoid	VPOL_Prefixoid	NE_Prefixoid	Eval_Prefixoid	Intern_Prefixoid	Reduced_Prefixoid	InternHy_Prefixoid	Letter_Prefixoid	BEZ_Prefixoid	BES_Prefixoid	BEZer_Prefixoid	V_Prefixoid	InternModEr_Prefixoid	RusHy_Prefixoid	NAI_Prefixoid	POL_Prefixoid	NI_Prefixoid	KOE_Prefixoid	Intern_ReducedPrefixoid	InternMod_Prefixoid	Chem_Prefixoid	ProperNamePrefixoid	Chemical_Possible	ParticipleFullForm	ParticipleShortForm	ParticipleFullForm	ParticipleShortForm	Plural	Singular	Plural	Singular	FiveAndMore	Three	Four	Two	SevenEight	FiveAndMore	Three	Four	Two	SevenEight	AdjectiveFullForm	AdjectiveShortForm	AdjectiveShortFlectional	AdjectiveFullForm	AdjectiveShortForm	AdjectiveShortFlectional	NounProperGeneral	NounProperSurNameFlective	NounProperTown	NounProperName	AdjectiveProper	NounProperPatronymic	NounProperNameDimin	AbbrProperGeneral	NounProperSurNameForeign	NounProperGeneral	NounProperSurNameFlective	NounProperTown	NounProperName	AdjectiveProper	NounProperPatronymic	NounProperNameDimin	AbbrProperGeneral	NounProperSurNameForeign	NormalNumberParadigm	NormalNumberParadigm	SingulariaTantum	NormalNumberParadigm	FullRealization	FullRealization	FullRealization
93	10	этим	этим	285475	285473	Animate	Inanimate	Inanimate	Reflexive	FullReflexivity	NonReflexive	ImperfectiveReflexivity	Reflexive	FullReflexivity	NonReflexive	ImperfectiveReflexivity	NormalMorphForm	NormalMorphForm	DefectOne	DefectTwo	Byt	DefectThree	DefectFour	DefectOne	DefectTwo	Byt	DefectThree	DefectFour	GTAdjectiveAttributive	GTNoun	NotEllipted	NotEllipted	VocalForm	NForm	VocalForm	NForm	NotControlled	NotControlled	ZeroTypeOfCoordination	ZeroTypeOfCoordination	Composite_ski	Composite_iko	Composite_sko	NoCompositeness	Composite_o	Composite_e	Composite_usek	Composite_null	Composite_Numeral	Composite_cko	Composite_cki	Composite_ComplexNumeral	Composite_NumeralFull	Composite_NumeralShort	NoCompositeness	DegreeComparative	DegreePositive	DegreeSuperlative	DegreeComparative	DegreePositive	DegreeSuperlative	Adverb_Un_Hyphen	Adverb_With_Hyphen	Adverb_Un_Hyphen	Adverb_With_Hyphen	DeclensionAdjectival	DeclensionNominal	DeclensionMixed	Indeclinable	DeclensionNominal	Comp_Suffixoid	Un_Comp_Suf	Comp_Suffixoid_Num_OJ	Comp_Suffixoid_Num_YJ	Comp_Suffixoid_Num_IJ	Comp_Suffixoid_Num_J	Comp_PunctuatorPost	Comp_PunctuatorPref	Comp_PunctuatorPostSeparable	Comp_PunctuatorPrefSeparable	Comp_Prefixoid	Comp_Suffixoid_Num_PercentYJ	Comp_Noun	Comp_Suffixoid_Chem	Comp_Adj	Comp_SuffixoidAbbr	Un_Comp_Suf	BiAspectual	MonoAspectual	Paired	BiAspectual	MonoAspectual	Paired	FullSynthComparison	NoSynthComparative	NoSynthSuperlative	OnlySuperlative	FullSynthComparison	NoSynthComparative	NoSynthSuperlative	OnlySuperlative	MOne	MTwo	MThree	MOne	MTwo	MThree	NormalClassifyingCapitalization	NormalClassifyingCapitalization	Future	Past	Present	Future	Past	Present	Pronoun	Noun	ZeroDoubleConjunct	ZeroDoubleConjunct	NotCommonChild	NotCommonChild	Dative	Instrumental	Instrumental	RCDemonstrative	RCDemonstrative	RCAttributive	RCPossessive	RCIndefinite	RCPersonal	RCInterrogative	RCNegative	RCReflexive	RCNoun	NoPlacement	NoPlacement	Imperfective	Perfective	Imperfective	Perfective	NotDefaultFiller	NotDefaultFiller	Feminine	Masculine	Neuter	Common	Neuter	NoLeftmostPlacement	NoLeftmostPlacement	Iterat	UnIterat	Iterat	UnIterat	NoRightmostPlacement	NoRightmostPlacement	NotLeftConjunct	NotLeftConjunct	PersonFirst	PersonSecond	PersonThird	PersonZero	PersonFirst	PersonSecond	PersonThird	PersonZero	Active	VoiceSya	Passive	Active	VoiceSya	Passive	VerbIntransitive	VerbIntransitiveSpecial	VerbTransitive	VerbTransitiveSpecial	VerbIntransitive	VerbIntransitiveSpecial	VerbTransitive	VerbTransitiveSpecial	NotRightConjunct	NotRightConjunct	NoSpecialCaseForm	Locative_u	Genitive_u	Plural_consonant	Genitive_Locative_u	GenitivePlural_Zero	NominativePlural_a	SpecialPlual	SpecialVocative	NoSpecialCaseForm	NoContrast	NoContrast	NormalCapitalization	NormalCapitalization	PO_Prefixoid	Rus_Prefixoid	VPOL_Prefixoid	NE_Prefixoid	Eval_Prefixoid	Intern_Prefixoid	Reduced_Prefixoid	InternHy_Prefixoid	Letter_Prefixoid	BEZ_Prefixoid	BES_Prefixoid	BEZer_Prefixoid	V_Prefixoid	InternModEr_Prefixoid	RusHy_Prefixoid	NAI_Prefixoid	POL_Prefixoid	NI_Prefixoid	KOE_Prefixoid	Intern_ReducedPrefixoid	InternMod_Prefixoid	Chem_Prefixoid	ProperNamePrefixoid	Chemical_Possible	PO_Prefixoid	Rus_Prefixoid	VPOL_Prefixoid	NE_Prefixoid	Eval_Prefixoid	Intern_Prefixoid	Reduced_Prefixoid	InternHy_Prefixoid	Letter_Prefixoid	BEZ_Prefixoid	BES_Prefixoid	BEZer_Prefixoid	V_Prefixoid	InternModEr_Prefixoid	RusHy_Prefixoid	NAI_Prefixoid	POL_Prefixoid	NI_Prefixoid	KOE_Prefixoid	Intern_ReducedPrefixoid	InternMod_Prefixoid	Chem_Prefixoid	ProperNamePrefixoid	Chemical_Possible	ParticipleFullForm	ParticipleShortForm	ParticipleFullForm	ParticipleShortForm	Plural	Singular	Singular	FiveAndMore	Three	Four	Two	SevenEight	FiveAndMore	Three	Four	Two	SevenEight	AdjectiveFullForm	AdjectiveFullForm	AdjectiveShortForm	AdjectiveShortFlectional	NounProperGeneral	NounProperSurNameFlective	NounProperTown	NounProperName	AdjectiveProper	NounProperPatronymic	NounProperNameDimin	AbbrProperGeneral	NounProperSurNameForeign	NounProperGeneral	NounProperSurNameFlective	NounProperTown	NounProperName	AdjectiveProper	NounProperPatronymic	NounProperNameDimin	AbbrProperGeneral	NounProperSurNameForeign	NormalNumberParadigm	SingulariaTantum	FullRealization	FullRealization
93	15	особо	особо	285477	285472	Animate	Inanimate	Animate	Inanimate	Reflexive	FullReflexivity	NonReflexive	ImperfectiveReflexivity	Reflexive	FullReflexivity	NonReflexive	ImperfectiveReflexivity	NormalMorphForm	NormalMorphForm	DefectOne	DefectTwo	Byt	DefectThree	DefectFour	DefectOne	DefectTwo	Byt	DefectThree	DefectFour	GTAdverb	GTAdjective	NotEllipted	NotEllipted	VocalForm	NForm	VocalForm	NForm	NotControlled	NotControlled	ZeroTypeOfCoordination	ZeroTypeOfCoordination	Composite_ski	Composite_iko	Composite_sko	NoCompositeness	Composite_o	Composite_e	Composite_usek	Composite_null	Composite_Numeral	Composite_cko	Composite_cki	Composite_ComplexNumeral	Composite_NumeralFull	Composite_NumeralShort	NoCompositeness	DegreePositive	DegreePositive	Adverb_Un_Hyphen	Adverb_Un_Hyphen	Adverb_With_Hyphen	DeclensionAdjectival	DeclensionNominal	DeclensionMixed	Indeclinable	DeclensionAdjectival	DeclensionNominal	DeclensionMixed	Indeclinable	Comp_Suffixoid	Un_Comp_Suf	Comp_Suffixoid_Num_OJ	Comp_Suffixoid_Num_YJ	Comp_Suffixoid_Num_IJ	Comp_Suffixoid_Num_J	Comp_PunctuatorPost	Comp_PunctuatorPref	Comp_PunctuatorPostSeparable	Comp_PunctuatorPrefSeparable	Comp_Prefixoid	Comp_Suffixoid_Num_PercentYJ	Comp_Noun	Comp_Suffixoid_Chem	Comp_Adj	Comp_SuffixoidAbbr	Un_Comp_Suf	BiAspectual	MonoAspectual	Paired	BiAspectual	MonoAspectual	Paired	NoSynthComparative	NoSynthComparative	MOne	MTwo	MThree	MOne	MTwo	MThree	NormalClassifyingCapitalization	NormalClassifyingCapitalization	Future	Past	Present	Future	Past	Present	Adverb	Adjective	ZeroDoubleConjunct	ZeroDoubleConjunct	NotCommonChild	NotCommonChild	Accusative	Dative	Genitive	Instrumental	Locative	Nominative	Partitive	Prepositional	DativeSpecial	ZeroCase	Vocative	ZeroCase	RCDemonstrative	RCAttributive	RCPossessive	RCIndefinite	RCPersonal	RCInterrogative	RCNegative	RCReflexive	RCNoun	RCDemonstrative	RCAttributive	RCPossessive	RCIndefinite	RCPersonal	RCInterrogative	RCNegative	RCReflexive	RCNoun	NoPlacement	NoPlacement	Imperfective	Perfective	Imperfective	Perfective	NotDefaultFiller	NotDefaultFiller	Feminine	Masculine	Neuter	Common	Neuter	NoLeftmostPlacement	NoLeftmostPlacement	Iterat	UnIterat	Iterat	UnIterat	NoRightmostPlacement	NoRightmostPlacement	NotLeftConjunct	NotLeftConjunct	PersonFirst	PersonSecond	PersonThird	PersonZero	PersonFirst	PersonSecond	PersonThird	PersonZero	Active	VoiceSya	Passive	Active	VoiceSya	Passive	VerbIntransitive	VerbIntransitiveSpecial	VerbTransitive	VerbTransitiveSpecial	VerbIntransitive	VerbIntransitiveSpecial	VerbTransitive	VerbTransitiveSpecial	NotRightConjunct	NotRightConjunct	NoSpecialCaseForm	Locative_u	Genitive_u	Plural_consonant	Genitive_Locative_u	GenitivePlural_Zero	NominativePlural_a	SpecialPlual	SpecialVocative	NoSpecialCaseForm	Locative_u	Genitive_u	Plural_consonant	Genitive_Locative_u	GenitivePlural_Zero	NominativePlural_a	SpecialPlual	SpecialVocative	NoContrast	NoContrast	NormalCapitalization	NormalCapitalization	PO_Prefixoid	Rus_Prefixoid	VPOL_Prefixoid	NE_Prefixoid	Eval_Prefixoid	Intern_Prefixoid	Reduced_Prefixoid	InternHy_Prefixoid	Letter_Prefixoid	BEZ_Prefixoid	BES_Prefixoid	BEZer_Prefixoid	V_Prefixoid	InternModEr_Prefixoid	RusHy_Prefixoid	NAI_Prefixoid	POL_Prefixoid	NI_Prefixoid	KOE_Prefixoid	Intern_ReducedPrefixoid	InternMod_Prefixoid	Chem_Prefixoid	ProperNamePrefixoid	Chemical_Possible	PO_Prefixoid	Rus_Prefixoid	VPOL_Prefixoid	NE_Prefixoid	Eval_Prefixoid	Intern_Prefixoid	Reduced_Prefixoid	InternHy_Prefixoid	Letter_Prefixoid	BEZ_Prefixoid	BES_Prefixoid	BEZer_Prefixoid	V_Prefixoid	InternModEr_Prefixoid	RusHy_Prefixoid	NAI_Prefixoid	POL_Prefixoid	NI_Prefixoid	KOE_Prefixoid	Intern_ReducedPrefixoid	InternMod_Prefixoid	Chem_Prefixoid	ProperNamePrefixoid	Chemical_Possible	ParticipleFullForm	ParticipleShortForm	ParticipleFullForm	ParticipleShortForm	Plural	Singular	Singular	FiveAndMore	Three	Four	Two	SevenEight	FiveAndMore	Three	Four	Two	SevenEight	AdjectiveFullForm	AdjectiveShortForm	AdjectiveShortFlectional	AdjectiveShortForm	NounProperGeneral	NounProperSurNameFlective	NounProperTown	NounProperName	AdjectiveProper	NounProperPatronymic	NounProperNameDimin	AbbrProperGeneral	NounProperSurNameForeign	NounProperGeneral	NounProperSurNameFlective	NounProperTown	NounProperName	AdjectiveProper	NounProperPatronymic	NounProperNameDimin	AbbrProperGeneral	NounProperSurNameForeign	NormalNumberParadigm	NormalNumberParadigm	FullRealization	FullRealization
93	21	подчеркивалось	подчеркивалось	285472	-1	Animate	Inanimate	ImperfectiveReflexivity	NormalMorphForm	DefectOne	DefectTwo	Byt	DefectThree	DefectFour	GTVerb	NotEllipted	VocalForm	NForm	NotControlled	ZeroTypeOfCoordination	Composite_ski	Composite_iko	Composite_sko	NoCompositeness	Composite_o	Composite_e	Composite_usek	Composite_null	Composite_Numeral	Composite_cko	Composite_cki	Composite_ComplexNumeral	Composite_NumeralFull	Composite_NumeralShort	DegreeComparative	DegreePositive	DegreeSuperlative	Adverb_Un_Hyphen	Adverb_With_Hyphen	DeclensionAdjectival	DeclensionNominal	DeclensionMixed	Indeclinable	Comp_Suffixoid	Un_Comp_Suf	Comp_Suffixoid_Num_OJ	Comp_Suffixoid_Num_YJ	Comp_Suffixoid_Num_IJ	Comp_Suffixoid_Num_J	Comp_PunctuatorPost	Comp_PunctuatorPref	Comp_PunctuatorPostSeparable	Comp_PunctuatorPrefSeparable	Comp_Prefixoid	Comp_Suffixoid_Num_PercentYJ	Comp_Noun	Comp_Suffixoid_Chem	Comp_Adj	Comp_SuffixoidAbbr	Paired	FullSynthComparison	NoSynthComparative	NoSynthSuperlative	OnlySuperlative	MOne	MTwo	MThree	NormalClassifyingCapitalization	Past	Verb	ZeroDoubleConjunct	NotCommonChild	Accusative	Dative	Genitive	Instrumental	Locative	Nominative	Partitive	Prepositional	DativeSpecial	ZeroCase	Vocative	RCDemonstrative	RCAttributive	RCPossessive	RCIndefinite	RCPersonal	RCInterrogative	RCNegative	RCReflexive	RCNoun	NoPlacement	Imperfective	NotDefaultFiller	Neuter	NoLeftmostPlacement	UnIterat	NoRightmostPlacement	NotLeftConjunct	PersonFirst	PersonSecond	PersonThird	PersonZero	VoiceSya	VerbTransitive	NotRightConjunct	NoSpecialCaseForm	Locative_u	Genitive_u	Plural_consonant	Genitive_Locative_u	GenitivePlural_Zero	NominativePlural_a	SpecialPlual	SpecialVocative	NoContrast	NormalCapitalization	PO_Prefixoid	Rus_Prefixoid	VPOL_Prefixoid	NE_Prefixoid	Eval_Prefixoid	Intern_Prefixoid	Reduced_Prefixoid	InternHy_Prefixoid	Letter_Prefixoid	BEZ_Prefixoid	BES_Prefixoid	BEZer_Prefixoid	V_Prefixoid	InternModEr_Prefixoid	RusHy_Prefixoid	NAI_Prefixoid	POL_Prefixoid	NI_Prefixoid	KOE_Prefixoid	Intern_ReducedPrefixoid	InternMod_Prefixoid	Chem_Prefixoid	ProperNamePrefixoid	Chemical_Possible	ParticipleFullForm	ParticipleShortForm	Singular	FiveAndMore	Three	Four	Two	SevenEight	AdjectiveFullForm	AdjectiveShortForm	AdjectiveShortFlectional	NounProperGeneral	NounProperSurNameFlective	NounProperTown	NounProperName	AdjectiveProper	NounProperPatronymic	NounProperNameDimin	AbbrProperGeneral	NounProperSurNameForeign	NormalNumberParadigm	FullRealization
93	37	что	что	285479	285478	Animate	Inanimate	Inanimate	Reflexive	FullReflexivity	NonReflexive	ImperfectiveReflexivity	Reflexive	FullReflexivity	NonReflexive	ImperfectiveReflexivity	NormalMorphForm	NormalMorphForm	NormalMorphForm	NormalMorphForm	DefectOne	DefectTwo	Byt	DefectThree	DefectFour	DefectOne	DefectTwo	Byt	DefectThree	DefectFour	GTInvariable	GTNoun	NotEllipted	NotEllipted	NotEllipted	NotEllipted	VocalForm	NForm	VocalForm	NForm	NotControlled	NotControlled	NotControlled	NotControlled	ZeroTypeOfCoordination	ZeroTypeOfCoordination	ZeroTypeOfCoordination	ZeroTypeOfCoordination	Composite_ski	Composite_iko	Composite_sko	NoCompositeness	Composite_o	Composite_e	Composite_usek	Composite_null	Composite_Numeral	Composite_cko	Composite_cki	Composite_ComplexNumeral	Composite_NumeralFull	Composite_NumeralShort	Composite_ski	Composite_iko	Composite_sko	NoCompositeness	Composite_o	Composite_e	Composite_usek	Composite_null	Composite_Numeral	Composite_cko	Composite_cki	Composite_ComplexNumeral	Composite_NumeralFull	Composite_NumeralShort	DegreeComparative	DegreePositive	DegreeSuperlative	DegreeComparative	DegreePositive	DegreeSuperlative	Adverb_Un_Hyphen	Adverb_With_Hyphen	Adverb_Un_Hyphen	Adverb_With_Hyphen	DeclensionAdjectival	DeclensionNominal	DeclensionMixed	Indeclinable	DeclensionAdjectival	DeclensionNominal	DeclensionMixed	Indeclinable	Comp_Suffixoid	Un_Comp_Suf	Comp_Suffixoid_Num_OJ	Comp_Suffixoid_Num_YJ	Comp_Suffixoid_Num_IJ	Comp_Suffixoid_Num_J	Comp_PunctuatorPost	Comp_PunctuatorPref	Comp_PunctuatorPostSeparable	Comp_PunctuatorPrefSeparable	Comp_Prefixoid	Comp_Suffixoid_Num_PercentYJ	Comp_Noun	Comp_Suffixoid_Chem	Comp_Adj	Comp_SuffixoidAbbr	Comp_Suffixoid	Un_Comp_Suf	Comp_Suffixoid_Num_OJ	Comp_Suffixoid_Num_YJ	Comp_Suffixoid_Num_IJ	Comp_Suffixoid_Num_J	Comp_PunctuatorPost	Comp_PunctuatorPref	Comp_PunctuatorPostSeparable	Comp_PunctuatorPrefSeparable	Comp_Prefixoid	Comp_Suffixoid_Num_PercentYJ	Comp_Noun	Comp_Suffixoid_Chem	Comp_Adj	Comp_SuffixoidAbbr	BiAspectual	MonoAspectual	Paired	BiAspectual	MonoAspectual	Paired	FullSynthComparison	NoSynthComparative	NoSynthSuperlative	OnlySuperlative	FullSynthComparison	NoSynthComparative	NoSynthSuperlative	OnlySuperlative	MOne	MTwo	MThree	MOne	MTwo	MThree	NormalClassifyingCapitalization	NormalClassifyingCapitalization	NormalClassifyingCapitalization	NormalClassifyingCapitalization	Future	Past	Present	Future	Past	Present	Conjunction	Pronoun	ZeroDoubleConjunct	ZeroDoubleConjunct	ZeroDoubleConjunct	ZeroDoubleConjunct	NotCommonChild	NotCommonChild	NotCommonChild	NotCommonChild	Accusative	Dative	Genitive	Instrumental	Locative	Nominative	Partitive	Prepositional	DativeSpecial	ZeroCase	Vocative	Accusative	Nominative	RCDemonstrative	RCAttributive	RCPossessive	RCIndefinite	RCPersonal	RCInterrogative	RCNegative	RCReflexive	RCNoun	RCInterrogative	NoPlacement	NoPlacement	NoPlacement	NoPlacement	Imperfective	Perfective	Imperfective	Perfective	NotDefaultFiller	NotDefaultFiller	NotDefaultFiller	NotDefaultFiller	Feminine	Masculine	Neuter	Common	Neuter	NoLeftmostPlacement	NoLeftmostPlacement	NoLeftmostPlacement	NoLeftmostPlacement	Iterat	UnIterat	Iterat	UnIterat	NoRightmostPlacement	NoRightmostPlacement	NoRightmostPlacement	NoRightmostPlacement	NotLeftConjunct	NotLeftConjunct	NotLeftConjunct	NotLeftConjunct	PersonFirst	PersonSecond	PersonThird	PersonZero	PersonFirst	PersonSecond	PersonThird	PersonZero	Active	VoiceSya	Passive	Active	VoiceSya	Passive	VerbIntransitive	VerbIntransitiveSpecial	VerbTransitive	VerbTransitiveSpecial	VerbIntransitive	VerbIntransitiveSpecial	VerbTransitive	VerbTransitiveSpecial	NotRightConjunct	NotRightConjunct	NotRightConjunct	NotRightConjunct	NoSpecialCaseForm	Locative_u	Genitive_u	Plural_consonant	Genitive_Locative_u	GenitivePlural_Zero	NominativePlural_a	SpecialPlual	SpecialVocative	NoSpecialCaseForm	Locative_u	Genitive_u	Plural_consonant	Genitive_Locative_u	GenitivePlural_Zero	NominativePlural_a	SpecialPlual	SpecialVocative	NoContrast	NoContrast	NoContrast	NoContrast	NormalCapitalization	NormalCapitalization	NormalCapitalization	NormalCapitalization	PO_Prefixoid	Rus_Prefixoid	VPOL_Prefixoid	NE_Prefixoid	Eval_Prefixoid	Intern_Prefixoid	Reduced_Prefixoid	InternHy_Prefixoid	Letter_Prefixoid	BEZ_Prefixoid	BES_Prefixoid	BEZer_Prefixoid	V_Prefixoid	InternModEr_Prefixoid	RusHy_Prefixoid	NAI_Prefixoid	POL_Prefixoid	NI_Prefixoid	KOE_Prefixoid	Intern_ReducedPrefixoid	InternMod_Prefixoid	Chem_Prefixoid	ProperNamePrefixoid	Chemical_Possible	PO_Prefixoid	Rus_Prefixoid	VPOL_Prefixoid	NE_Prefixoid	Eval_Prefixoid	Intern_Prefixoid	Reduced_Prefixoid	InternHy_Prefixoid	Letter_Prefixoid	BEZ_Prefixoid	BES_Prefixoid	BEZer_Prefixoid	V_Prefixoid	InternModEr_Prefixoid	RusHy_Prefixoid	NAI_Prefixoid	POL_Prefixoid	NI_Prefixoid	KOE_Prefixoid	Intern_ReducedPrefixoid	InternMod_Prefixoid	Chem_Prefixoid	ProperNamePrefixoid	Chemical_Possible	ParticipleFullForm	ParticipleShortForm	ParticipleFullForm	ParticipleShortForm	Plural	Singular	Singular	FiveAndMore	Three	Four	Two	SevenEight	FiveAndMore	Three	Four	Two	SevenEight	AdjectiveFullForm	AdjectiveShortForm	AdjectiveShortFlectional	AdjectiveFullForm	AdjectiveShortForm	AdjectiveShortFlectional	NounProperGeneral	NounProperSurNameFlective	NounProperTown	NounProperName	AdjectiveProper	NounProperPatronymic	NounProperNameDimin	AbbrProperGeneral	NounProperSurNameForeign	NounProperGeneral	NounProperSurNameFlective	NounProperTown	NounProperName	AdjectiveProper	NounProperPatronymic	NounProperNameDimin	AbbrProperGeneral	NounProperSurNameForeign	NormalNumberParadigm	NormalNumberParadigm	NormalNumberParadigm	NormalNumberParadigm	FullRealization	FullRealization	FullRealization	FullRealization
93	41	один	один	285481	285480	Animate	Inanimate	Reflexive	FullReflexivity	NonReflexive	ImperfectiveReflexivity	NormalMorphForm	DefectOne	DefectTwo	Byt	DefectThree	DefectFour	GTAdjectiveAttributive	GTNumeral	NotEllipted	VocalForm	NForm	NotControlled	ZeroTypeOfCoordination	Composite_ski	Composite_iko	Composite_sko	NoCompositeness	Composite_o	Composite_e	Composite_usek	Composite_null	Composite_Numeral	Composite_cko	Composite_cki	Composite_ComplexNumeral	Composite_NumeralFull	Composite_NumeralShort	DegreeComparative	DegreePositive	DegreeSuperlative	Adverb_Un_Hyphen	Adverb_With_Hyphen	DeclensionAdjectival	DeclensionNominal	DeclensionMixed	Indeclinable	Comp_Suffixoid	Un_Comp_Suf	Comp_Suffixoid_Num_OJ	Comp_Suffixoid_Num_YJ	Comp_Suffixoid_Num_IJ	Comp_Suffixoid_Num_J	Comp_PunctuatorPost	Comp_PunctuatorPref	Comp_PunctuatorPostSeparable	Comp_PunctuatorPrefSeparable	Comp_Prefixoid	Comp_Suffixoid_Num_PercentYJ	Comp_Noun	Comp_Suffixoid_Chem	Comp_Adj	Comp_SuffixoidAbbr	BiAspectual	MonoAspectual	Paired	FullSynthComparison	NoSynthComparative	NoSynthSuperlative	OnlySuperlative	MOne	MTwo	MThree	NormalClassifyingCapitalization	Future	Past	Present	Numeral	Pronoun	ZeroDoubleConjunct	NotCommonChild	Accusative	Nominative	RCDemonstrative	RCAttributive	RCPossessive	RCIndefinite	RCPersonal	RCInterrogative	RCNegative	RCReflexive	RCNoun	NoPlacement	Imperfective	Perfective	NotDefaultFiller	Masculine	NoLeftmostPlacement	Iterat	UnIterat	NoRightmostPlacement	NotLeftConjunct	PersonFirst	PersonSecond	PersonThird	PersonZero	Active	VoiceSya	Passive	VerbIntransitive	VerbIntransitiveSpecial	VerbTransitive	VerbTransitiveSpecial	NotRightConjunct	NoSpecialCaseForm	Locative_u	Genitive_u	Plural_consonant	Genitive_Locative_u	GenitivePlural_Zero	NominativePlural_a	SpecialPlual	SpecialVocative	NoContrast	NormalCapitalization	PO_Prefixoid	Rus_Prefixoid	VPOL_Prefixoid	NE_Prefixoid	Eval_Prefixoid	Intern_Prefixoid	Reduced_Prefixoid	InternHy_Prefixoid	Letter_Prefixoid	BEZ_Prefixoid	BES_Prefixoid	BEZer_Prefixoid	V_Prefixoid	InternModEr_Prefixoid	RusHy_Prefixoid	NAI_Prefixoid	POL_Prefixoid	NI_Prefixoid	KOE_Prefixoid	Intern_ReducedPrefixoid	InternMod_Prefixoid	Chem_Prefixoid	ProperNamePrefixoid	Chemical_Possible	ParticipleFullForm	ParticipleShortForm	Singular	FiveAndMore	Three	Four	Two	SevenEight	AdjectiveFullForm	AdjectiveShortForm	AdjectiveShortFlectional	NounProperGeneral	NounProperSurNameFlective	NounProperTown	NounProperName	AdjectiveProper	NounProperPatronymic	NounProperNameDimin	AbbrProperGeneral	NounProperSurNameForeign	NormalNumberParadigm	FullRealization
93	46	из	из	285483	285482	Animate	Inanimate	Reflexive	FullReflexivity	NonReflexive	ImperfectiveReflexivity	NormalMorphForm	DefectOne	DefectTwo	Byt	DefectThree	DefectFour	GTInvariable	NotEllipted	VocalForm	NForm	NotControlled	ZeroTypeOfCoordination	Composite_ski	Composite_iko	Composite_sko	NoCompositeness	Composite_o	Composite_e	Composite_usek	Composite_null	Composite_Numeral	Composite_cko	Composite_cki	Composite_ComplexNumeral	Composite_NumeralFull	Composite_NumeralShort	DegreeComparative	DegreePositive	DegreeSuperlative	Adverb_Un_Hyphen	Adverb_With_Hyphen	DeclensionAdjectival	DeclensionNominal	DeclensionMixed	Indeclinable	Comp_Suffixoid	Un_Comp_Suf	Comp_Suffixoid_Num_OJ	Comp_Suffixoid_Num_YJ	Comp_Suffixoid_Num_IJ	Comp_Suffixoid_Num_J	Comp_PunctuatorPost	Comp_PunctuatorPref	Comp_PunctuatorPostSeparable	Comp_PunctuatorPrefSeparable	Comp_Prefixoid	Comp_Suffixoid_Num_PercentYJ	Comp_Noun	Comp_Suffixoid_Chem	Comp_Adj	Comp_SuffixoidAbbr	BiAspectual	MonoAspectual	Paired	FullSynthComparison	NoSynthComparative	NoSynthSuperlative	OnlySuperlative	MOne	MTwo	MThree	NormalClassifyingCapitalization	Future	Past	Present	Preposition	ZeroDoubleConjunct	NotCommonChild	Accusative	Dative	Genitive	Instrumental	Locative	Nominative	Partitive	Prepositional	DativeSpecial	ZeroCase	Vocative	RCDemonstrative	RCAttributive	RCPossessive	RCIndefinite	RCPersonal	RCInterrogative	RCNegative	RCReflexive	RCNoun	NoPlacement	Imperfective	Perfective	NotDefaultFiller	Feminine	Masculine	Neuter	Common	NoLeftmostPlacement	Iterat	UnIterat	NoRightmostPlacement	NotLeftConjunct	PersonFirst	PersonSecond	PersonThird	PersonZero	Active	VoiceSya	Passive	VerbIntransitive	VerbIntransitiveSpecial	VerbTransitive	VerbTransitiveSpecial	NotRightConjunct	NoSpecialCaseForm	Locative_u	Genitive_u	Plural_consonant	Genitive_Locative_u	GenitivePlural_Zero	NominativePlural_a	SpecialPlual	SpecialVocative	NoContrast	NormalCapitalization	PO_Prefixoid	Rus_Prefixoid	VPOL_Prefixoid	NE_Prefixoid	Eval_Prefixoid	Intern_Prefixoid	Reduced_Prefixoid	InternHy_Prefixoid	Letter_Prefixoid	BEZ_Prefixoid	BES_Prefixoid	BEZer_Prefixoid	V_Prefixoid	InternModEr_Prefixoid	RusHy_Prefixoid	NAI_Prefixoid	POL_Prefixoid	NI_Prefixoid	KOE_Prefixoid	Intern_ReducedPrefixoid	InternMod_Prefixoid	Chem_Prefixoid	ProperNamePrefixoid	Chemical_Possible	ParticipleFullForm	ParticipleShortForm	Plural	Singular	FiveAndMore	Three	Four	Two	SevenEight	AdjectiveFullForm	AdjectiveShortForm	AdjectiveShortFlectional	NounProperGeneral	NounProperSurNameFlective	NounProperTown	NounProperName	AdjectiveProper	NounProperPatronymic	NounProperNameDimin	AbbrProperGeneral	NounProperSurNameForeign	NormalNumberParadigm	FullRealization
93	49	основных	основных	285484	285482	Animate	Inanimate	Animate	Inanimate	Reflexive	FullReflexivity	NonReflexive	ImperfectiveReflexivity	Reflexive	FullReflexivity	NonReflexive	ImperfectiveReflexivity	NormalMorphForm	NormalMorphForm	DefectOne	DefectTwo	Byt	DefectThree	DefectFour	DefectOne	DefectTwo	Byt	DefectThree	DefectFour	GTAdjectiveAttributive	GTAdjectiveAttributive	NotEllipted	NotEllipted	VocalForm	NForm	VocalForm	NForm	NotControlled	NotControlled	ZeroTypeOfCoordination	ZeroTypeOfCoordination	NoCompositeness	NoCompositeness	DegreePositive	DegreePositive	Adverb_Un_Hyphen	Adverb_With_Hyphen	Adverb_Un_Hyphen	Adverb_With_Hyphen	DeclensionAdjectival	DeclensionNominal	DeclensionMixed	Indeclinable	DeclensionAdjectival	DeclensionNominal	DeclensionMixed	Indeclinable	Un_Comp_Suf	Un_Comp_Suf	BiAspectual	MonoAspectual	Paired	BiAspectual	MonoAspectual	Paired	NoSynthComparative	NoSynthComparative	MOne	MTwo	MThree	MOne	MTwo	MThree	NormalClassifyingCapitalization	NormalClassifyingCapitalization	Future	Past	Present	Future	Past	Present	Adjective	Adjective	ZeroDoubleConjunct	ZeroDoubleConjunct	NotCommonChild	NotCommonChild	Accusative	Genitive	Locative	Partitive	Prepositional	Accusative	Genitive	Locative	Partitive	Prepositional	RCDemonstrative	RCAttributive	RCPossessive	RCIndefinite	RCPersonal	RCInterrogative	RCNegative	RCReflexive	RCNoun	RCDemonstrative	RCAttributive	RCPossessive	RCIndefinite	RCPersonal	RCInterrogative	RCNegative	RCReflexive	RCNoun	NoPlacement	NoPlacement	Imperfective	Perfective	Imperfective	Perfective	NotDefaultFiller	NotDefaultFiller	Feminine	Masculine	Neuter	Common	Feminine	Masculine	Neuter	Common	NoLeftmostPlacement	NoLeftmostPlacement	Iterat	UnIterat	Iterat	UnIterat	NoRightmostPlacement	NoRightmostPlacement	NotLeftConjunct	NotLeftConjunct	PersonFirst	PersonSecond	PersonThird	PersonZero	PersonFirst	PersonSecond	PersonThird	PersonZero	Active	VoiceSya	Passive	Active	VoiceSya	Passive	VerbIntransitive	VerbIntransitiveSpecial	VerbTransitive	VerbTransitiveSpecial	VerbIntransitive	VerbIntransitiveSpecial	VerbTransitive	VerbTransitiveSpecial	NotRightConjunct	NotRightConjunct	NoSpecialCaseForm	Locative_u	Genitive_u	Plural_consonant	Genitive_Locative_u	GenitivePlural_Zero	NominativePlural_a	SpecialPlual	SpecialVocative	NoSpecialCaseForm	Locative_u	Genitive_u	Plural_consonant	Genitive_Locative_u	GenitivePlural_Zero	NominativePlural_a	SpecialPlual	SpecialVocative	NoContrast	NoContrast	NormalCapitalization	NormalCapitalization	PO_Prefixoid	Rus_Prefixoid	VPOL_Prefixoid	NE_Prefixoid	Eval_Prefixoid	Intern_Prefixoid	Reduced_Prefixoid	InternHy_Prefixoid	Letter_Prefixoid	BEZ_Prefixoid	BES_Prefixoid	BEZer_Prefixoid	V_Prefixoid	InternModEr_Prefixoid	RusHy_Prefixoid	NAI_Prefixoid	POL_Prefixoid	NI_Prefixoid	KOE_Prefixoid	Intern_ReducedPrefixoid	InternMod_Prefixoid	Chem_Prefixoid	ProperNamePrefixoid	Chemical_Possible	PO_Prefixoid	Rus_Prefixoid	VPOL_Prefixoid	NE_Prefixoid	Eval_Prefixoid	Intern_Prefixoid	Reduced_Prefixoid	InternHy_Prefixoid	Letter_Prefixoid	BEZ_Prefixoid	BES_Prefixoid	BEZer_Prefixoid	V_Prefixoid	InternModEr_Prefixoid	RusHy_Prefixoid	NAI_Prefixoid	POL_Prefixoid	NI_Prefixoid	KOE_Prefixoid	Intern_ReducedPrefixoid	InternMod_Prefixoid	Chem_Prefixoid	ProperNamePrefixoid	Chemical_Possible	ParticipleFullForm	ParticipleShortForm	ParticipleFullForm	ParticipleShortForm	Plural	Plural	FiveAndMore	Three	Four	Two	SevenEight	FiveAndMore	Three	Four	Two	SevenEight	AdjectiveFullForm	AdjectiveFullForm	NounProperGeneral	NounProperSurNameFlective	NounProperTown	NounProperName	AdjectiveProper	NounProperPatronymic	NounProperNameDimin	AbbrProperGeneral	NounProperSurNameForeign	NounProperGeneral	NounProperSurNameFlective	NounProperTown	NounProperName	AdjectiveProper	NounProperPatronymic	NounProperNameDimin	AbbrProperGeneral	NounProperSurNameForeign	NormalNumberParadigm	NormalNumberParadigm	FullRealization	FullRealization
93	58	критиков	критиков	285482	285480	Animate	Reflexive	FullReflexivity	NonReflexive	ImperfectiveReflexivity	NormalMorphForm	DefectOne	DefectTwo	Byt	DefectThree	DefectFour	GTNoun	NotEllipted	VocalForm	NForm	NotControlled	ZeroTypeOfCoordination	NoCompositeness	DegreeComparative	DegreePositive	DegreeSuperlative	Adverb_Un_Hyphen	Adverb_With_Hyphen	DeclensionNominal	Un_Comp_Suf	BiAspectual	MonoAspectual	Paired	FullSynthComparison	NoSynthComparative	NoSynthSuperlative	OnlySuperlative	MOne	MTwo	MThree	NormalClassifyingCapitalization	Future	Past	Present	Noun	ZeroDoubleConjunct	NotCommonChild	Accusative	Genitive	Partitive	RCDemonstrative	RCAttributive	RCPossessive	RCIndefinite	RCPersonal	RCInterrogative	RCNegative	RCReflexive	RCNoun	NoPlacement	Imperfective	Perfective	NotDefaultFiller	Masculine	NoLeftmostPlacement	Iterat	UnIterat	NoRightmostPlacement	NotLeftConjunct	PersonFirst	PersonSecond	PersonThird	PersonZero	Active	VoiceSya	Passive	VerbIntransitive	VerbIntransitiveSpecial	VerbTransitive	VerbTransitiveSpecial	NotRightConjunct	NoSpecialCaseForm	NoContrast	NormalCapitalization	PO_Prefixoid	Rus_Prefixoid	VPOL_Prefixoid	NE_Prefixoid	Eval_Prefixoid	Intern_Prefixoid	Reduced_Prefixoid	InternHy_Prefixoid	Letter_Prefixoid	BEZ_Prefixoid	BES_Prefixoid	BEZer_Prefixoid	V_Prefixoid	InternModEr_Prefixoid	RusHy_Prefixoid	NAI_Prefixoid	POL_Prefixoid	NI_Prefixoid	KOE_Prefixoid	Intern_ReducedPrefixoid	InternMod_Prefixoid	Chem_Prefixoid	ProperNamePrefixoid	Chemical_Possible	ParticipleFullForm	ParticipleShortForm	Plural	FiveAndMore	Three	Four	Two	SevenEight	AdjectiveFullForm	AdjectiveShortForm	AdjectiveShortFlectional	NounProperGeneral	NounProperSurNameFlective	NounProperTown	NounProperName	AdjectiveProper	NounProperPatronymic	NounProperNameDimin	AbbrProperGeneral	NounProperSurNameForeign	NormalNumberParadigm	FullRealization
93	67	реформ	реформ	285485	285482	Inanimate	Reflexive	FullReflexivity	NonReflexive	ImperfectiveReflexivity	NormalMorphForm	DefectOne	DefectTwo	Byt	DefectThree	DefectFour	GTNoun	NotEllipted	VocalForm	NForm	NotControlled	ZeroTypeOfCoordination	NoCompositeness	DegreeComparative	DegreePositive	DegreeSuperlative	Adverb_Un_Hyphen	Adverb_With_Hyphen	DeclensionNominal	Un_Comp_Suf	BiAspectual	MonoAspectual	Paired	FullSynthComparison	NoSynthComparative	NoSynthSuperlative	OnlySuperlative	MOne	MTwo	MThree	NormalClassifyingCapitalization	Future	Past	Present	Noun	ZeroDoubleConjunct	NotCommonChild	Genitive	Partitive	RCDemonstrative	RCAttributive	RCPossessive	RCIndefinite	RCPersonal	RCInterrogative	RCNegative	RCReflexive	RCNoun	NoPlacement	Imperfective	Perfective	NotDefaultFiller	Feminine	NoLeftmostPlacement	Iterat	UnIterat	NoRightmostPlacement	NotLeftConjunct	PersonFirst	PersonSecond	PersonThird	PersonZero	Active	VoiceSya	Passive	VerbIntransitive	VerbIntransitiveSpecial	VerbTransitive	VerbTransitiveSpecial	NotRightConjunct	NoSpecialCaseForm	NoContrast	NormalCapitalization	PO_Prefixoid	Rus_Prefixoid	VPOL_Prefixoid	NE_Prefixoid	Eval_Prefixoid	Intern_Prefixoid	Reduced_Prefixoid	InternHy_Prefixoid	Letter_Prefixoid	BEZ_Prefixoid	BES_Prefixoid	BEZer_Prefixoid	V_Prefixoid	InternModEr_Prefixoid	RusHy_Prefixoid	NAI_Prefixoid	POL_Prefixoid	NI_Prefixoid	KOE_Prefixoid	Intern_ReducedPrefixoid	InternMod_Prefixoid	Chem_Prefixoid	ProperNamePrefixoid	Chemical_Possible	ParticipleFullForm	ParticipleShortForm	Plural	FiveAndMore	Three	Four	Two	SevenEight	AdjectiveFullForm	AdjectiveShortForm	AdjectiveShortFlectional	NounProperGeneral	NounProperSurNameFlective	NounProperTown	NounProperName	AdjectiveProper	NounProperPatronymic	NounProperNameDimin	AbbrProperGeneral	NounProperSurNameForeign	NormalNumberParadigm	FullRealization
93	75	проводимых	проводимых	285486	285485	Animate	Inanimate	FullReflexivity	NormalMorphForm	DefectOne	DefectTwo	Byt	DefectThree	DefectFour	GTParticiple	NotEllipted	VocalForm	NForm	NotControlled	ZeroTypeOfCoordination	Composite_ski	Composite_iko	Composite_sko	NoCompositeness	Composite_o	Composite_e	Composite_usek	Composite_null	Composite_Numeral	Composite_cko	Composite_cki	Composite_ComplexNumeral	Composite_NumeralFull	Composite_NumeralShort	DegreeComparative	DegreePositive	DegreeSuperlative	Adverb_Un_Hyphen	Adverb_With_Hyphen	DeclensionAdjectival	DeclensionNominal	DeclensionMixed	Indeclinable	Comp_Suffixoid	Un_Comp_Suf	Comp_Suffixoid_Num_OJ	Comp_Suffixoid_Num_YJ	Comp_Suffixoid_Num_IJ	Comp_Suffixoid_Num_J	Comp_PunctuatorPost	Comp_PunctuatorPref	Comp_PunctuatorPostSeparable	Comp_PunctuatorPrefSeparable	Comp_Prefixoid	Comp_Suffixoid_Num_PercentYJ	Comp_Noun	Comp_Suffixoid_Chem	Comp_Adj	Comp_SuffixoidAbbr	Paired	FullSynthComparison	NoSynthComparative	NoSynthSuperlative	OnlySuperlative	MOne	MTwo	MThree	NormalClassifyingCapitalization	Present	Verb	ZeroDoubleConjunct	NotCommonChild	Accusative	Genitive	Locative	Partitive	Prepositional	RCDemonstrative	RCAttributive	RCPossessive	RCIndefinite	RCPersonal	RCInterrogative	RCNegative	RCReflexive	RCNoun	NoPlacement	Imperfective	NotDefaultFiller	Feminine	Masculine	Neuter	Common	NoLeftmostPlacement	UnIterat	NoRightmostPlacement	NotLeftConjunct	PersonFirst	PersonSecond	PersonThird	PersonZero	Passive	VerbTransitive	NotRightConjunct	NoSpecialCaseForm	Locative_u	Genitive_u	Plural_consonant	Genitive_Locative_u	GenitivePlural_Zero	NominativePlural_a	SpecialPlual	SpecialVocative	NoContrast	NormalCapitalization	PO_Prefixoid	Rus_Prefixoid	VPOL_Prefixoid	NE_Prefixoid	Eval_Prefixoid	Intern_Prefixoid	Reduced_Prefixoid	InternHy_Prefixoid	Letter_Prefixoid	BEZ_Prefixoid	BES_Prefixoid	BEZer_Prefixoid	V_Prefixoid	InternModEr_Prefixoid	RusHy_Prefixoid	NAI_Prefixoid	POL_Prefixoid	NI_Prefixoid	KOE_Prefixoid	Intern_ReducedPrefixoid	InternMod_Prefixoid	Chem_Prefixoid	ProperNamePrefixoid	Chemical_Possible	ParticipleFullForm	Plural	FiveAndMore	Three	Four	Two	SevenEight	AdjectiveFullForm	AdjectiveShortForm	AdjectiveShortFlectional	NounProperGeneral	NounProperSurNameFlective	NounProperTown	NounProperName	AdjectiveProper	NounProperPatronymic	NounProperNameDimin	AbbrProperGeneral	NounProperSurNameForeign	NormalNumberParadigm	FullRealization
93	86	Минздравсоцразвития	Минздравсоцразвития	285487	285486	Inanimate	Reflexive	FullReflexivity	NonReflexive	ImperfectiveReflexivity	NormalMorphForm	DefectOne	DefectTwo	Byt	DefectThree	DefectFour	GTNoun	NotEllipted	VocalForm	NForm	NotControlled	ZeroTypeOfCoordination	NoCompositeness	DegreeComparative	DegreePositive	DegreeSuperlative	Adverb_Un_Hyphen	Adverb_With_Hyphen	Indeclinable	Un_Comp_Suf	BiAspectual	MonoAspectual	Paired	FullSynthComparison	NoSynthComparative	NoSynthSuperlative	OnlySuperlative	MOne	MTwo	MThree	NormalClassifyingCapitalization	Future	Past	Present	Noun	ZeroDoubleConjunct	NotCommonChild	Accusative	Dative	Genitive	Instrumental	Locative	Nominative	Partitive	Prepositional	RCDemonstrative	RCAttributive	RCPossessive	RCIndefinite	RCPersonal	RCInterrogative	RCNegative	RCReflexive	RCNoun	NoPlacement	Imperfective	Perfective	NotDefaultFiller	Neuter	NoLeftmostPlacement	Iterat	UnIterat	NoRightmostPlacement	NotLeftConjunct	PersonFirst	PersonSecond	PersonThird	PersonZero	Active	VoiceSya	Passive	VerbIntransitive	VerbIntransitiveSpecial	VerbTransitive	VerbTransitiveSpecial	NotRightConjunct	NoSpecialCaseForm	Locative_u	Genitive_u	Plural_consonant	Genitive_Locative_u	GenitivePlural_Zero	NominativePlural_a	SpecialPlual	SpecialVocative	NoContrast	NormalCapitalization	PO_Prefixoid	Rus_Prefixoid	VPOL_Prefixoid	NE_Prefixoid	Eval_Prefixoid	Intern_Prefixoid	Reduced_Prefixoid	InternHy_Prefixoid	Letter_Prefixoid	BEZ_Prefixoid	BES_Prefixoid	BEZer_Prefixoid	V_Prefixoid	InternModEr_Prefixoid	RusHy_Prefixoid	NAI_Prefixoid	POL_Prefixoid	NI_Prefixoid	KOE_Prefixoid	Intern_ReducedPrefixoid	InternMod_Prefixoid	Chem_Prefixoid	ProperNamePrefixoid	Chemical_Possible	ParticipleFullForm	ParticipleShortForm	Singular	FiveAndMore	Three	Four	Two	SevenEight	AdjectiveFullForm	AdjectiveShortForm	AdjectiveShortFlectional	NounProperGeneral	NounProperSurNameFlective	NounProperTown	NounProperName	AdjectiveProper	NounProperPatronymic	NounProperNameDimin	AbbrProperGeneral	NounProperSurNameForeign	SingulariaTantum	FullRealization
93	107	известный	известный	285490	285489	Animate	Inanimate	Reflexive	FullReflexivity	NonReflexive	ImperfectiveReflexivity	NormalMorphForm	DefectOne	DefectTwo	Byt	DefectThree	DefectFour	GTAdjective	NotEllipted	VocalForm	NForm	NotControlled	ZeroTypeOfCoordination	NoCompositeness	DegreePositive	Adverb_Un_Hyphen	Adverb_With_Hyphen	DeclensionAdjectival	DeclensionNominal	DeclensionMixed	Indeclinable	Un_Comp_Suf	BiAspectual	MonoAspectual	Paired	FullSynthComparison	MOne	MTwo	MThree	NormalClassifyingCapitalization	Future	Past	Present	Adjective	ZeroDoubleConjunct	NotCommonChild	Accusative	Nominative	RCDemonstrative	RCAttributive	RCPossessive	RCIndefinite	RCPersonal	RCInterrogative	RCNegative	RCReflexive	RCNoun	NoPlacement	Imperfective	Perfective	NotDefaultFiller	Masculine	NoLeftmostPlacement	Iterat	UnIterat	NoRightmostPlacement	NotLeftConjunct	PersonFirst	PersonSecond	PersonThird	PersonZero	Active	VoiceSya	Passive	VerbIntransitive	VerbIntransitiveSpecial	VerbTransitive	VerbTransitiveSpecial	NotRightConjunct	NoSpecialCaseForm	Locative_u	Genitive_u	Plural_consonant	Genitive_Locative_u	GenitivePlural_Zero	NominativePlural_a	SpecialPlual	SpecialVocative	NoContrast	NormalCapitalization	PO_Prefixoid	Rus_Prefixoid	VPOL_Prefixoid	NE_Prefixoid	Eval_Prefixoid	Intern_Prefixoid	Reduced_Prefixoid	InternHy_Prefixoid	Letter_Prefixoid	BEZ_Prefixoid	BES_Prefixoid	BEZer_Prefixoid	V_Prefixoid	InternModEr_Prefixoid	RusHy_Prefixoid	NAI_Prefixoid	POL_Prefixoid	NI_Prefixoid	KOE_Prefixoid	Intern_ReducedPrefixoid	InternMod_Prefixoid	Chem_Prefixoid	ProperNamePrefixoid	Chemical_Possible	ParticipleFullForm	ParticipleShortForm	Singular	FiveAndMore	Three	Four	Two	SevenEight	AdjectiveFullForm	NounProperGeneral	NounProperSurNameFlective	NounProperTown	NounProperName	AdjectiveProper	NounProperPatronymic	NounProperNameDimin	AbbrProperGeneral	NounProperSurNameForeign	NormalNumberParadigm	FullRealization
93	117	детский	детский	285491	285489	Animate	Inanimate	Reflexive	FullReflexivity	NonReflexive	ImperfectiveReflexivity	NormalMorphForm	DefectOne	DefectTwo	Byt	DefectThree	DefectFour	GTAdjectiveAttributive	NotEllipted	VocalForm	NForm	NotControlled	ZeroTypeOfCoordination	NoCompositeness	DegreePositive	Adverb_Un_Hyphen	Adverb_With_Hyphen	DeclensionAdjectival	DeclensionNominal	DeclensionMixed	Indeclinable	Un_Comp_Suf	BiAspectual	MonoAspectual	Paired	NoSynthComparative	MOne	MTwo	MThree	NormalClassifyingCapitalization	Future	Past	Present	Adjective	ZeroDoubleConjunct	NotCommonChild	Accusative	Nominative	RCDemonstrative	RCAttributive	RCPossessive	RCIndefinite	RCPersonal	RCInterrogative	RCNegative	RCReflexive	RCNoun	NoPlacement	Imperfective	Perfective	NotDefaultFiller	Masculine	NoLeftmostPlacement	Iterat	UnIterat	NoRightmostPlacement	NotLeftConjunct	PersonFirst	PersonSecond	PersonThird	PersonZero	Active	VoiceSya	Passive	VerbIntransitive	VerbIntransitiveSpecial	VerbTransitive	VerbTransitiveSpecial	NotRightConjunct	NoSpecialCaseForm	Locative_u	Genitive_u	Plural_consonant	Genitive_Locative_u	GenitivePlural_Zero	NominativePlural_a	SpecialPlual	SpecialVocative	NoContrast	NormalCapitalization	PO_Prefixoid	Rus_Prefixoid	VPOL_Prefixoid	NE_Prefixoid	Eval_Prefixoid	Intern_Prefixoid	Reduced_Prefixoid	InternHy_Prefixoid	Letter_Prefixoid	BEZ_Prefixoid	BES_Prefixoid	BEZer_Prefixoid	V_Prefixoid	InternModEr_Prefixoid	RusHy_Prefixoid	NAI_Prefixoid	POL_Prefixoid	NI_Prefixoid	KOE_Prefixoid	Intern_ReducedPrefixoid	InternMod_Prefixoid	Chem_Prefixoid	ProperNamePrefixoid	Chemical_Possible	ParticipleFullForm	ParticipleShortForm	Singular	FiveAndMore	Three	Four	Two	SevenEight	AdjectiveFullForm	NounProperGeneral	NounProperSurNameFlective	NounProperTown	NounProperName	AdjectiveProper	NounProperPatronymic	NounProperNameDimin	AbbrProperGeneral	NounProperSurNameForeign	NormalNumberParadigm	FullRealization
93	125	хирург	хирург	285489	285480	Animate	Reflexive	FullReflexivity	NonReflexive	ImperfectiveReflexivity	NormalMorphForm	DefectOne	DefectTwo	Byt	DefectThree	DefectFour	GTNoun	NotEllipted	VocalForm	NForm	NotControlled	ZeroTypeOfCoordination	NoCompositeness	DegreeComparative	DegreePositive	DegreeSuperlative	Adverb_Un_Hyphen	Adverb_With_Hyphen	DeclensionNominal	Un_Comp_Suf	BiAspectual	MonoAspectual	Paired	FullSynthComparison	NoSynthComparative	NoSynthSuperlative	OnlySuperlative	MOne	MTwo	MThree	NormalClassifyingCapitalization	Future	Past	Present	Noun	ZeroDoubleConjunct	NotCommonChild	Nominative	RCDemonstrative	RCAttributive	RCPossessive	RCIndefinite	RCPersonal	RCInterrogative	RCNegative	RCReflexive	RCNoun	NoPlacement	Imperfective	Perfective	NotDefaultFiller	Masculine	NoLeftmostPlacement	Iterat	UnIterat	NoRightmostPlacement	NotLeftConjunct	PersonFirst	PersonSecond	PersonThird	PersonZero	Active	VoiceSya	Passive	VerbIntransitive	VerbIntransitiveSpecial	VerbTransitive	VerbTransitiveSpecial	NotRightConjunct	NoSpecialCaseForm	NoContrast	NormalCapitalization	PO_Prefixoid	Rus_Prefixoid	VPOL_Prefixoid	NE_Prefixoid	Eval_Prefixoid	Intern_Prefixoid	Reduced_Prefixoid	InternHy_Prefixoid	Letter_Prefixoid	BEZ_Prefixoid	BES_Prefixoid	BEZer_Prefixoid	V_Prefixoid	InternModEr_Prefixoid	RusHy_Prefixoid	NAI_Prefixoid	POL_Prefixoid	NI_Prefixoid	KOE_Prefixoid	Intern_ReducedPrefixoid	InternMod_Prefixoid	Chem_Prefixoid	ProperNamePrefixoid	Chemical_Possible	ParticipleFullForm	ParticipleShortForm	Singular	FiveAndMore	Three	Four	Two	SevenEight	AdjectiveFullForm	AdjectiveShortForm	AdjectiveShortFlectional	NounProperGeneral	NounProperSurNameFlective	NounProperTown	NounProperName	AdjectiveProper	NounProperPatronymic	NounProperNameDimin	AbbrProperGeneral	NounProperSurNameForeign	NormalNumberParadigm	FullRealization
93	132	Леонид	Леонид	285492	285489	Animate	Animate	Reflexive	FullReflexivity	NonReflexive	ImperfectiveReflexivity	Reflexive	FullReflexivity	NonReflexive	ImperfectiveReflexivity	NormalMorphForm	NormalMorphForm	NormalMorphForm	DefectOne	DefectTwo	Byt	DefectThree	DefectFour	DefectOne	DefectTwo	Byt	DefectThree	DefectFour	GTNoun	GTNoun	NotEllipted	NotEllipted	NotEllipted	VocalForm	NForm	VocalForm	NForm	NotControlled	NotControlled	NotControlled	ZeroTypeOfCoordination	ZeroTypeOfCoordination	ZeroTypeOfCoordination	NoCompositeness	NoCompositeness	DegreeComparative	DegreePositive	DegreeSuperlative	DegreeComparative	DegreePositive	DegreeSuperlative	Adverb_Un_Hyphen	Adverb_With_Hyphen	Adverb_Un_Hyphen	Adverb_With_Hyphen	DeclensionNominal	DeclensionNominal	Un_Comp_Suf	Un_Comp_Suf	BiAspectual	MonoAspectual	Paired	BiAspectual	MonoAspectual	Paired	FullSynthComparison	NoSynthComparative	NoSynthSuperlative	OnlySuperlative	FullSynthComparison	NoSynthComparative	NoSynthSuperlative	OnlySuperlative	MOne	MTwo	MThree	MOne	MTwo	MThree	NormalClassifyingCapitalization	NormalClassifyingCapitalization	NormalClassifyingCapitalization	Future	Past	Present	Future	Past	Present	Noun	Noun	ZeroDoubleConjunct	ZeroDoubleConjunct	ZeroDoubleConjunct	NotCommonChild	NotCommonChild	NotCommonChild	Nominative	Accusative	Genitive	Partitive	RCDemonstrative	RCAttributive	RCPossessive	RCIndefinite	RCPersonal	RCInterrogative	RCNegative	RCReflexive	RCNoun	RCDemonstrative	RCAttributive	RCPossessive	RCIndefinite	RCPersonal	RCInterrogative	RCNegative	RCReflexive	RCNoun	NoPlacement	NoPlacement	NoPlacement	Imperfective	Perfective	Imperfective	Perfective	NotDefaultFiller	NotDefaultFiller	NotDefaultFiller	Masculine	Feminine	NoLeftmostPlacement	NoLeftmostPlacement	NoLeftmostPlacement	Iterat	UnIterat	Iterat	UnIterat	NoRightmostPlacement	NoRightmostPlacement	NoRightmostPlacement	NotLeftConjunct	NotLeftConjunct	NotLeftConjunct	PersonFirst	PersonSecond	PersonThird	PersonZero	PersonFirst	PersonSecond	PersonThird	PersonZero	Active	VoiceSya	Passive	Active	VoiceSya	Passive	VerbIntransitive	VerbIntransitiveSpecial	VerbTransitive	VerbTransitiveSpecial	VerbIntransitive	VerbIntransitiveSpecial	VerbTransitive	VerbTransitiveSpecial	NotRightConjunct	NotRightConjunct	NotRightConjunct	NoSpecialCaseForm	NoSpecialCaseForm	NoContrast	NoContrast	NoContrast	NormalCapitalization	NormalCapitalization	NormalCapitalization	PO_Prefixoid	Rus_Prefixoid	VPOL_Prefixoid	NE_Prefixoid	Eval_Prefixoid	Intern_Prefixoid	Reduced_Prefixoid	InternHy_Prefixoid	Letter_Prefixoid	BEZ_Prefixoid	BES_Prefixoid	BEZer_Prefixoid	V_Prefixoid	InternModEr_Prefixoid	RusHy_Prefixoid	NAI_Prefixoid	POL_Prefixoid	NI_Prefixoid	KOE_Prefixoid	Intern_ReducedPrefixoid	InternMod_Prefixoid	Chem_Prefixoid	ProperNamePrefixoid	Chemical_Possible	PO_Prefixoid	Rus_Prefixoid	VPOL_Prefixoid	NE_Prefixoid	Eval_Prefixoid	Intern_Prefixoid	Reduced_Prefixoid	InternHy_Prefixoid	Letter_Prefixoid	BEZ_Prefixoid	BES_Prefixoid	BEZer_Prefixoid	V_Prefixoid	InternModEr_Prefixoid	RusHy_Prefixoid	NAI_Prefixoid	POL_Prefixoid	NI_Prefixoid	KOE_Prefixoid	Intern_ReducedPrefixoid	InternMod_Prefixoid	Chem_Prefixoid	ProperNamePrefixoid	Chemical_Possible	ParticipleFullForm	ParticipleShortForm	ParticipleFullForm	ParticipleShortForm	Singular	Plural	FiveAndMore	Three	Four	Two	SevenEight	FiveAndMore	Three	Four	Two	SevenEight	AdjectiveFullForm	AdjectiveShortForm	AdjectiveShortFlectional	AdjectiveFullForm	AdjectiveShortForm	AdjectiveShortFlectional	NounProperName	NounProperName	NormalNumberParadigm	NormalNumberParadigm	NormalNumberParadigm	FullRealization	FullRealization	FullRealization
93	139	Рошаль	Рошаль	285493	285492	Animate	Reflexive	FullReflexivity	NonReflexive	ImperfectiveReflexivity	NormalMorphForm	DefectOne	DefectTwo	Byt	DefectThree	DefectFour	GTNoun	NotEllipted	VocalForm	NForm	NotControlled	ZeroTypeOfCoordination	NoCompositeness	DegreeComparative	DegreePositive	DegreeSuperlative	Adverb_Un_Hyphen	Adverb_With_Hyphen	DeclensionAdjectival	DeclensionNominal	DeclensionMixed	Indeclinable	Un_Comp_Suf	BiAspectual	MonoAspectual	Paired	FullSynthComparison	NoSynthComparative	NoSynthSuperlative	OnlySuperlative	MOne	MTwo	MThree	NormalClassifyingCapitalization	Future	Past	Present	Noun	ZeroDoubleConjunct	NotCommonChild	Accusative	Dative	Genitive	Instrumental	Locative	Nominative	Partitive	Prepositional	RCDemonstrative	RCAttributive	RCPossessive	RCIndefinite	RCPersonal	RCInterrogative	RCNegative	RCReflexive	RCNoun	NoPlacement	Imperfective	Perfective	NotDefaultFiller	Feminine	Masculine	NoLeftmostPlacement	Iterat	UnIterat	NoRightmostPlacement	NotLeftConjunct	PersonFirst	PersonSecond	PersonThird	PersonZero	Active	VoiceSya	Passive	VerbIntransitive	VerbIntransitiveSpecial	VerbTransitive	VerbTransitiveSpecial	NotRightConjunct	NoSpecialCaseForm	NoContrast	NormalCapitalization	PO_Prefixoid	Rus_Prefixoid	VPOL_Prefixoid	NE_Prefixoid	Eval_Prefixoid	Intern_Prefixoid	Reduced_Prefixoid	InternHy_Prefixoid	Letter_Prefixoid	BEZ_Prefixoid	BES_Prefixoid	BEZer_Prefixoid	V_Prefixoid	InternModEr_Prefixoid	RusHy_Prefixoid	NAI_Prefixoid	POL_Prefixoid	NI_Prefixoid	KOE_Prefixoid	Intern_ReducedPrefixoid	InternMod_Prefixoid	Chem_Prefixoid	ProperNamePrefixoid	Chemical_Possible	ParticipleFullForm	ParticipleShortForm	Plural	Singular	FiveAndMore	Three	Four	Two	SevenEight	AdjectiveFullForm	AdjectiveShortForm	AdjectiveShortFlectional	NounProperSurNameForeign	NormalNumberParadigm	FullRealization
93	148	хорошо	хорошо	285494	285478	Animate	Inanimate	Animate	Inanimate	Reflexive	FullReflexivity	NonReflexive	ImperfectiveReflexivity	Reflexive	FullReflexivity	NonReflexive	ImperfectiveReflexivity	NormalMorphForm	NormalMorphForm	NormalMorphForm	DefectOne	DefectTwo	Byt	DefectThree	DefectFour	DefectOne	DefectTwo	Byt	DefectThree	DefectFour	GTAdverb	GTAdjective	NotEllipted	NotEllipted	NotEllipted	VocalForm	NForm	VocalForm	NForm	NotControlled	NotControlled	NotControlled	ZeroTypeOfCoordination	ZeroTypeOfCoordination	ZeroTypeOfCoordination	Composite_ski	Composite_iko	Composite_sko	NoCompositeness	Composite_o	Composite_e	Composite_usek	Composite_null	Composite_Numeral	Composite_cko	Composite_cki	Composite_ComplexNumeral	Composite_NumeralFull	Composite_NumeralShort	NoCompositeness	DegreePositive	DegreePositive	Adverb_Un_Hyphen	Adverb_Un_Hyphen	Adverb_With_Hyphen	DeclensionAdjectival	DeclensionNominal	DeclensionMixed	Indeclinable	DeclensionAdjectival	DeclensionNominal	DeclensionMixed	Indeclinable	Comp_Suffixoid	Un_Comp_Suf	Comp_Suffixoid_Num_OJ	Comp_Suffixoid_Num_YJ	Comp_Suffixoid_Num_IJ	Comp_Suffixoid_Num_J	Comp_PunctuatorPost	Comp_PunctuatorPref	Comp_PunctuatorPostSeparable	Comp_PunctuatorPrefSeparable	Comp_Prefixoid	Comp_Suffixoid_Num_PercentYJ	Comp_Noun	Comp_Suffixoid_Chem	Comp_Adj	Comp_SuffixoidAbbr	Un_Comp_Suf	BiAspectual	MonoAspectual	Paired	BiAspectual	MonoAspectual	Paired	NoSynthSuperlative	FullSynthComparison	MOne	MTwo	MThree	MOne	MTwo	MThree	NormalClassifyingCapitalization	NormalClassifyingCapitalization	NormalClassifyingCapitalization	Future	Past	Present	Future	Past	Present	Adverb	Adjective	ZeroDoubleConjunct	ZeroDoubleConjunct	ZeroDoubleConjunct	NotCommonChild	NotCommonChild	NotCommonChild	Accusative	Dative	Genitive	Instrumental	Locative	Nominative	Partitive	Prepositional	DativeSpecial	ZeroCase	Vocative	ZeroCase	RCDemonstrative	RCAttributive	RCPossessive	RCIndefinite	RCPersonal	RCInterrogative	RCNegative	RCReflexive	RCNoun	RCDemonstrative	RCAttributive	RCPossessive	RCIndefinite	RCPersonal	RCInterrogative	RCNegative	RCReflexive	RCNoun	NoPlacement	NoPlacement	NoPlacement	Imperfective	Perfective	Imperfective	Perfective	NotDefaultFiller	NotDefaultFiller	NotDefaultFiller	Feminine	Masculine	Neuter	Common	Neuter	NoLeftmostPlacement	NoLeftmostPlacement	NoLeftmostPlacement	Iterat	UnIterat	Iterat	UnIterat	NoRightmostPlacement	NoRightmostPlacement	NoRightmostPlacement	NotLeftConjunct	NotLeftConjunct	NotLeftConjunct	PersonFirst	PersonSecond	PersonThird	PersonZero	PersonFirst	PersonSecond	PersonThird	PersonZero	Active	VoiceSya	Passive	Active	VoiceSya	Passive	VerbIntransitive	VerbIntransitiveSpecial	VerbTransitive	VerbTransitiveSpecial	VerbIntransitive	VerbIntransitiveSpecial	VerbTransitive	VerbTransitiveSpecial	NotRightConjunct	NotRightConjunct	NotRightConjunct	NoSpecialCaseForm	Locative_u	Genitive_u	Plural_consonant	Genitive_Locative_u	GenitivePlural_Zero	NominativePlural_a	SpecialPlual	SpecialVocative	NoSpecialCaseForm	Locative_u	Genitive_u	Plural_consonant	Genitive_Locative_u	GenitivePlural_Zero	NominativePlural_a	SpecialPlual	SpecialVocative	NoContrast	NoContrast	NoContrast	NormalCapitalization	NormalCapitalization	NormalCapitalization	PO_Prefixoid	Rus_Prefixoid	VPOL_Prefixoid	NE_Prefixoid	Eval_Prefixoid	Intern_Prefixoid	Reduced_Prefixoid	InternHy_Prefixoid	Letter_Prefixoid	BEZ_Prefixoid	BES_Prefixoid	BEZer_Prefixoid	V_Prefixoid	InternModEr_Prefixoid	RusHy_Prefixoid	NAI_Prefixoid	POL_Prefixoid	NI_Prefixoid	KOE_Prefixoid	Intern_ReducedPrefixoid	InternMod_Prefixoid	Chem_Prefixoid	ProperNamePrefixoid	Chemical_Possible	PO_Prefixoid	Rus_Prefixoid	VPOL_Prefixoid	NE_Prefixoid	Eval_Prefixoid	Intern_Prefixoid	Reduced_Prefixoid	InternHy_Prefixoid	Letter_Prefixoid	BEZ_Prefixoid	BES_Prefixoid	BEZer_Prefixoid	V_Prefixoid	InternModEr_Prefixoid	RusHy_Prefixoid	NAI_Prefixoid	POL_Prefixoid	NI_Prefixoid	KOE_Prefixoid	Intern_ReducedPrefixoid	InternMod_Prefixoid	Chem_Prefixoid	ProperNamePrefixoid	Chemical_Possible	ParticipleFullForm	ParticipleShortForm	ParticipleFullForm	ParticipleShortForm	Plural	Singular	Singular	FiveAndMore	Three	Four	Two	SevenEight	FiveAndMore	Three	Four	Two	SevenEight	AdjectiveFullForm	AdjectiveShortForm	AdjectiveShortFlectional	AdjectiveShortForm	NounProperGeneral	NounProperSurNameFlective	NounProperTown	NounProperName	AdjectiveProper	NounProperPatronymic	NounProperNameDimin	AbbrProperGeneral	NounProperSurNameForeign	NounProperGeneral	NounProperSurNameFlective	NounProperTown	NounProperName	AdjectiveProper	NounProperPatronymic	NounProperNameDimin	AbbrProperGeneral	NounProperSurNameForeign	NormalNumberParadigm	NormalNumberParadigm	NormalNumberParadigm	FullRealization	FullRealization	FullRealization
93	155	отзывался	отзывался	285478	285472	Animate	Inanimate	Animate	Inanimate	Reflexive	ImperfectiveReflexivity	NormalMorphForm	NormalMorphForm	DefectOne	DefectTwo	Byt	DefectThree	DefectFour	DefectOne	DefectTwo	Byt	DefectThree	DefectFour	GTVerb	GTVerb	NotEllipted	NotEllipted	VocalForm	NForm	VocalForm	NForm	NotControlled	NotControlled	ZeroTypeOfCoordination	ZeroTypeOfCoordination	Composite_ski	Composite_iko	Composite_sko	NoCompositeness	Composite_o	Composite_e	Composite_usek	Composite_null	Composite_Numeral	Composite_cko	Composite_cki	Composite_ComplexNumeral	Composite_NumeralFull	Composite_NumeralShort	Composite_ski	Composite_iko	Composite_sko	NoCompositeness	Composite_o	Composite_e	Composite_usek	Composite_null	Composite_Numeral	Composite_cko	Composite_cki	Composite_ComplexNumeral	Composite_NumeralFull	Composite_NumeralShort	DegreeComparative	DegreePositive	DegreeSuperlative	DegreeComparative	DegreePositive	DegreeSuperlative	Adverb_Un_Hyphen	Adverb_With_Hyphen	Adverb_Un_Hyphen	Adverb_With_Hyphen	DeclensionAdjectival	DeclensionNominal	DeclensionMixed	Indeclinable	DeclensionAdjectival	DeclensionNominal	DeclensionMixed	Indeclinable	Comp_Suffixoid	Un_Comp_Suf	Comp_Suffixoid_Num_OJ	Comp_Suffixoid_Num_YJ	Comp_Suffixoid_Num_IJ	Comp_Suffixoid_Num_J	Comp_PunctuatorPost	Comp_PunctuatorPref	Comp_PunctuatorPostSeparable	Comp_PunctuatorPrefSeparable	Comp_Prefixoid	Comp_Suffixoid_Num_PercentYJ	Comp_Noun	Comp_Suffixoid_Chem	Comp_Adj	Comp_SuffixoidAbbr	Comp_Suffixoid	Un_Comp_Suf	Comp_Suffixoid_Num_OJ	Comp_Suffixoid_Num_YJ	Comp_Suffixoid_Num_IJ	Comp_Suffixoid_Num_J	Comp_PunctuatorPost	Comp_PunctuatorPref	Comp_PunctuatorPostSeparable	Comp_PunctuatorPrefSeparable	Comp_Prefixoid	Comp_Suffixoid_Num_PercentYJ	Comp_Noun	Comp_Suffixoid_Chem	Comp_Adj	Comp_SuffixoidAbbr	Paired	Paired	FullSynthComparison	NoSynthComparative	NoSynthSuperlative	OnlySuperlative	FullSynthComparison	NoSynthComparative	NoSynthSuperlative	OnlySuperlative	MOne	MTwo	MThree	MOne	MTwo	MThree	NormalClassifyingCapitalization	NormalClassifyingCapitalization	Past	Past	Verb	Verb	ZeroDoubleConjunct	ZeroDoubleConjunct	NotCommonChild	NotCommonChild	Accusative	Dative	Genitive	Instrumental	Locative	Nominative	Partitive	Prepositional	DativeSpecial	ZeroCase	Vocative	Accusative	Dative	Genitive	Instrumental	Locative	Nominative	Partitive	Prepositional	DativeSpecial	ZeroCase	Vocative	RCDemonstrative	RCAttributive	RCPossessive	RCIndefinite	RCPersonal	RCInterrogative	RCNegative	RCReflexive	RCNoun	RCDemonstrative	RCAttributive	RCPossessive	RCIndefinite	RCPersonal	RCInterrogative	RCNegative	RCReflexive	RCNoun	NoPlacement	NoPlacement	Imperfective	Imperfective	NotDefaultFiller	NotDefaultFiller	Masculine	Masculine	NoLeftmostPlacement	NoLeftmostPlacement	UnIterat	UnIterat	NoRightmostPlacement	NoRightmostPlacement	NotLeftConjunct	NotLeftConjunct	PersonFirst	PersonSecond	PersonThird	PersonZero	PersonFirst	PersonSecond	PersonThird	PersonZero	VoiceSya	VoiceSya	VerbIntransitive	VerbTransitive	NotRightConjunct	NotRightConjunct	NoSpecialCaseForm	Locative_u	Genitive_u	Plural_consonant	Genitive_Locative_u	GenitivePlural_Zero	NominativePlural_a	SpecialPlual	SpecialVocative	NoSpecialCaseForm	Locative_u	Genitive_u	Plural_consonant	Genitive_Locative_u	GenitivePlural_Zero	NominativePlural_a	SpecialPlual	SpecialVocative	NoContrast	NoContrast	NormalCapitalization	NormalCapitalization	PO_Prefixoid	Rus_Prefixoid	VPOL_Prefixoid	NE_Prefixoid	Eval_Prefixoid	Intern_Prefixoid	Reduced_Prefixoid	InternHy_Prefixoid	Letter_Prefixoid	BEZ_Prefixoid	BES_Prefixoid	BEZer_Prefixoid	V_Prefixoid	InternModEr_Prefixoid	RusHy_Prefixoid	NAI_Prefixoid	POL_Prefixoid	NI_Prefixoid	KOE_Prefixoid	Intern_ReducedPrefixoid	InternMod_Prefixoid	Chem_Prefixoid	ProperNamePrefixoid	Chemical_Possible	PO_Prefixoid	Rus_Prefixoid	VPOL_Prefixoid	NE_Prefixoid	Eval_Prefixoid	Intern_Prefixoid	Reduced_Prefixoid	InternHy_Prefixoid	Letter_Prefixoid	BEZ_Prefixoid	BES_Prefixoid	BEZer_Prefixoid	V_Prefixoid	InternModEr_Prefixoid	RusHy_Prefixoid	NAI_Prefixoid	POL_Prefixoid	NI_Prefixoid	KOE_Prefixoid	Intern_ReducedPrefixoid	InternMod_Prefixoid	Chem_Prefixoid	ProperNamePrefixoid	Chemical_Possible	ParticipleFullForm	ParticipleShortForm	ParticipleFullForm	ParticipleShortForm	Singular	Singular	FiveAndMore	Three	Four	Two	SevenEight	FiveAndMore	Three	Four	Two	SevenEight	AdjectiveFullForm	AdjectiveShortForm	AdjectiveShortFlectional	AdjectiveFullForm	AdjectiveShortForm	AdjectiveShortFlectional	NounProperGeneral	NounProperSurNameFlective	NounProperTown	NounProperName	AdjectiveProper	NounProperPatronymic	NounProperNameDimin	AbbrProperGeneral	NounProperSurNameForeign	NounProperGeneral	NounProperSurNameFlective	NounProperTown	NounProperName	AdjectiveProper	NounProperPatronymic	NounProperNameDimin	AbbrProperGeneral	NounProperSurNameForeign	NormalNumberParadigm	NormalNumberParadigm	FullRealization	FullRealization
93	165	о	о	285496	285495	Animate	Inanimate	Animate	Inanimate	Inanimate	Reflexive	FullReflexivity	NonReflexive	ImperfectiveReflexivity	Reflexive	FullReflexivity	NonReflexive	ImperfectiveReflexivity	Reflexive	FullReflexivity	NonReflexive	ImperfectiveReflexivity	NormalMorphForm	NormalMorphForm	NormalMorphForm	DefectOne	DefectTwo	Byt	DefectThree	DefectFour	DefectOne	DefectTwo	Byt	DefectThree	DefectFour	DefectOne	DefectTwo	Byt	DefectThree	DefectFour	GTInvariable	GTInvariable	GTNoun	NotEllipted	NotEllipted	NotEllipted	VocalForm	NForm	VocalForm	NForm	VocalForm	NForm	NotControlled	NotControlled	NotControlled	ZeroTypeOfCoordination	ZeroTypeOfCoordination	ZeroTypeOfCoordination	Composite_ski	Composite_iko	Composite_sko	NoCompositeness	Composite_o	Composite_e	Composite_usek	Composite_null	Composite_Numeral	Composite_cko	Composite_cki	Composite_ComplexNumeral	Composite_NumeralFull	Composite_NumeralShort	Composite_ski	Composite_iko	Composite_sko	NoCompositeness	Composite_o	Composite_e	Composite_usek	Composite_null	Composite_Numeral	Composite_cko	Composite_cki	Composite_ComplexNumeral	Composite_NumeralFull	Composite_NumeralShort	NoCompositeness	DegreeComparative	DegreePositive	DegreeSuperlative	DegreeComparative	DegreePositive	DegreeSuperlative	DegreeComparative	DegreePositive	DegreeSuperlative	Adverb_Un_Hyphen	Adverb_With_Hyphen	Adverb_Un_Hyphen	Adverb_With_Hyphen	Adverb_Un_Hyphen	Adverb_With_Hyphen	DeclensionAdjectival	DeclensionNominal	DeclensionMixed	Indeclinable	DeclensionAdjectival	DeclensionNominal	DeclensionMixed	Indeclinable	Indeclinable	Comp_Suffixoid	Un_Comp_Suf	Comp_Suffixoid_Num_OJ	Comp_Suffixoid_Num_YJ	Comp_Suffixoid_Num_IJ	Comp_Suffixoid_Num_J	Comp_PunctuatorPost	Comp_PunctuatorPref	Comp_PunctuatorPostSeparable	Comp_PunctuatorPrefSeparable	Comp_Prefixoid	Comp_Suffixoid_Num_PercentYJ	Comp_Noun	Comp_Suffixoid_Chem	Comp_Adj	Comp_SuffixoidAbbr	Comp_Suffixoid	Un_Comp_Suf	Comp_Suffixoid_Num_OJ	Comp_Suffixoid_Num_YJ	Comp_Suffixoid_Num_IJ	Comp_Suffixoid_Num_J	Comp_PunctuatorPost	Comp_PunctuatorPref	Comp_PunctuatorPostSeparable	Comp_PunctuatorPrefSeparable	Comp_Prefixoid	Comp_Suffixoid_Num_PercentYJ	Comp_Noun	Comp_Suffixoid_Chem	Comp_Adj	Comp_SuffixoidAbbr	Comp_PunctuatorPrefSeparable	BiAspectual	MonoAspectual	Paired	BiAspectual	MonoAspectual	Paired	BiAspectual	MonoAspectual	Paired	FullSynthComparison	NoSynthComparative	NoSynthSuperlative	OnlySuperlative	FullSynthComparison	NoSynthComparative	NoSynthSuperlative	OnlySuperlative	FullSynthComparison	NoSynthComparative	NoSynthSuperlative	OnlySuperlative	MOne	MTwo	MThree	MOne	MTwo	MThree	MOne	MTwo	MThree	NormalClassifyingCapitalization	NormalClassifyingCapitalization	NormalClassifyingCapitalization	Future	Past	Present	Future	Past	Present	Future	Past	Present	Preposition	Interjection	Noun	ZeroDoubleConjunct	ZeroDoubleConjunct	ZeroDoubleConjunct	NotCommonChild	NotCommonChild	NotCommonChild	Accusative	Dative	Genitive	Instrumental	Locative	Nominative	Partitive	Prepositional	DativeSpecial	ZeroCase	Vocative	Accusative	Dative	Genitive	Instrumental	Locative	Nominative	Partitive	Prepositional	DativeSpecial	ZeroCase	Vocative	Accusative	Dative	Genitive	Instrumental	Locative	Nominative	Partitive	Prepositional	RCDemonstrative	RCAttributive	RCPossessive	RCIndefinite	RCPersonal	RCInterrogative	RCNegative	RCReflexive	RCNoun	RCDemonstrative	RCAttributive	RCPossessive	RCIndefinite	RCPersonal	RCInterrogative	RCNegative	RCReflexive	RCNoun	RCDemonstrative	RCAttributive	RCPossessive	RCIndefinite	RCPersonal	RCInterrogative	RCNegative	RCReflexive	RCNoun	NoPlacement	NoPlacement	NoPlacement	Imperfective	Perfective	Imperfective	Perfective	Imperfective	Perfective	NotDefaultFiller	NotDefaultFiller	NotDefaultFiller	Feminine	Masculine	Neuter	Common	Feminine	Masculine	Neuter	Common	Masculine	NoLeftmostPlacement	NoLeftmostPlacement	NoLeftmostPlacement	Iterat	UnIterat	Iterat	UnIterat	Iterat	UnIterat	NoRightmostPlacement	NoRightmostPlacement	NoRightmostPlacement	NotLeftConjunct	NotLeftConjunct	NotLeftConjunct	PersonFirst	PersonSecond	PersonThird	PersonZero	PersonFirst	PersonSecond	PersonThird	PersonZero	PersonFirst	PersonSecond	PersonThird	PersonZero	Active	VoiceSya	Passive	Active	VoiceSya	Passive	Active	VoiceSya	Passive	VerbIntransitive	VerbIntransitiveSpecial	VerbTransitive	VerbTransitiveSpecial	VerbIntransitive	VerbIntransitiveSpecial	VerbTransitive	VerbTransitiveSpecial	VerbIntransitive	VerbIntransitiveSpecial	VerbTransitive	VerbTransitiveSpecial	NotRightConjunct	NotRightConjunct	NotRightConjunct	NoSpecialCaseForm	Locative_u	Genitive_u	Plural_consonant	Genitive_Locative_u	GenitivePlural_Zero	NominativePlural_a	SpecialPlual	SpecialVocative	NoSpecialCaseForm	Locative_u	Genitive_u	Plural_consonant	Genitive_Locative_u	GenitivePlural_Zero	NominativePlural_a	SpecialPlual	SpecialVocative	NoSpecialCaseForm	Locative_u	Genitive_u	Plural_consonant	Genitive_Locative_u	GenitivePlural_Zero	NominativePlural_a	SpecialPlual	SpecialVocative	NoContrast	NoContrast	NoContrast	NormalCapitalization	NormalCapitalization	NormalCapitalization	PO_Prefixoid	Rus_Prefixoid	VPOL_Prefixoid	NE_Prefixoid	Eval_Prefixoid	Intern_Prefixoid	Reduced_Prefixoid	InternHy_Prefixoid	Letter_Prefixoid	BEZ_Prefixoid	BES_Prefixoid	BEZer_Prefixoid	V_Prefixoid	InternModEr_Prefixoid	RusHy_Prefixoid	NAI_Prefixoid	POL_Prefixoid	NI_Prefixoid	KOE_Prefixoid	Intern_ReducedPrefixoid	InternMod_Prefixoid	Chem_Prefixoid	ProperNamePrefixoid	Chemical_Possible	PO_Prefixoid	Rus_Prefixoid	VPOL_Prefixoid	NE_Prefixoid	Eval_Prefixoid	Intern_Prefixoid	Reduced_Prefixoid	InternHy_Prefixoid	Letter_Prefixoid	BEZ_Prefixoid	BES_Prefixoid	BEZer_Prefixoid	V_Prefixoid	InternModEr_Prefixoid	RusHy_Prefixoid	NAI_Prefixoid	POL_Prefixoid	NI_Prefixoid	KOE_Prefixoid	Intern_ReducedPrefixoid	InternMod_Prefixoid	Chem_Prefixoid	ProperNamePrefixoid	Chemical_Possible	PO_Prefixoid	Rus_Prefixoid	VPOL_Prefixoid	NE_Prefixoid	Eval_Prefixoid	Intern_Prefixoid	Reduced_Prefixoid	InternHy_Prefixoid	Letter_Prefixoid	BEZ_Prefixoid	BES_Prefixoid	BEZer_Prefixoid	V_Prefixoid	InternModEr_Prefixoid	RusHy_Prefixoid	NAI_Prefixoid	POL_Prefixoid	NI_Prefixoid	KOE_Prefixoid	Intern_ReducedPrefixoid	InternMod_Prefixoid	Chem_Prefixoid	ProperNamePrefixoid	Chemical_Possible	ParticipleFullForm	ParticipleShortForm	ParticipleFullForm	ParticipleShortForm	ParticipleFullForm	ParticipleShortForm	Plural	Singular	Plural	Singular	Singular	FiveAndMore	Three	Four	Two	SevenEight	FiveAndMore	Three	Four	Two	SevenEight	FiveAndMore	Three	Four	Two	SevenEight	AdjectiveFullForm	AdjectiveShortForm	AdjectiveShortFlectional	AdjectiveFullForm	AdjectiveShortForm	AdjectiveShortFlectional	AdjectiveFullForm	AdjectiveShortForm	AdjectiveShortFlectional	NounProperGeneral	NounProperSurNameFlective	NounProperTown	NounProperName	AdjectiveProper	NounProperPatronymic	NounProperNameDimin	AbbrProperGeneral	NounProperSurNameForeign	NounProperGeneral	NounProperSurNameFlective	NounProperTown	NounProperName	AdjectiveProper	NounProperPatronymic	NounProperNameDimin	AbbrProperGeneral	NounProperSurNameForeign	AbbrProperGeneral	NormalNumberParadigm	NormalNumberParadigm	SingulariaTantum	FullRealization	FullRealization	FullRealization
93	167	Скворцовой	Скворцовой	285495	285478	Animate	Reflexive	FullReflexivity	NonReflexive	ImperfectiveReflexivity	NormalMorphForm	DefectOne	DefectTwo	Byt	DefectThree	DefectFour	GTNoun	NotEllipted	VocalForm	NForm	NotControlled	ZeroTypeOfCoordination	NoCompositeness	DegreeComparative	DegreePositive	DegreeSuperlative	Adverb_Un_Hyphen	Adverb_With_Hyphen	DeclensionNominal	Un_Comp_Suf	BiAspectual	MonoAspectual	Paired	FullSynthComparison	NoSynthComparative	NoSynthSuperlative	OnlySuperlative	MOne	MTwo	MThree	NormalClassifyingCapitalization	Future	Past	Present	Noun	ZeroDoubleConjunct	NotCommonChild	Dative	Genitive	Instrumental	Locative	Partitive	Prepositional	RCDemonstrative	RCAttributive	RCPossessive	RCIndefinite	RCPersonal	RCInterrogative	RCNegative	RCReflexive	RCNoun	NoPlacement	Imperfective	Perfective	NotDefaultFiller	Feminine	NoLeftmostPlacement	Iterat	UnIterat	NoRightmostPlacement	NotLeftConjunct	PersonFirst	PersonSecond	PersonThird	PersonZero	Active	VoiceSya	Passive	VerbIntransitive	VerbIntransitiveSpecial	VerbTransitive	VerbTransitiveSpecial	NotRightConjunct	NoSpecialCaseForm	NoContrast	NormalCapitalization	PO_Prefixoid	Rus_Prefixoid	VPOL_Prefixoid	NE_Prefixoid	Eval_Prefixoid	Intern_Prefixoid	Reduced_Prefixoid	InternHy_Prefixoid	Letter_Prefixoid	BEZ_Prefixoid	BES_Prefixoid	BEZer_Prefixoid	V_Prefixoid	InternModEr_Prefixoid	RusHy_Prefixoid	NAI_Prefixoid	POL_Prefixoid	NI_Prefixoid	KOE_Prefixoid	Intern_ReducedPrefixoid	InternMod_Prefixoid	Chem_Prefixoid	ProperNamePrefixoid	Chemical_Possible	ParticipleFullForm	ParticipleShortForm	Singular	FiveAndMore	Three	Four	Two	SevenEight	AdjectiveFullForm	AdjectiveShortForm	AdjectiveShortFlectional	NounProperSurNameFlective	NormalNumberParadigm	FullRealization
95	-1			285513	285511
95	-1			285515	285507
95	-1			285516	285505
95	0	Сама	Сама	285500	285499	Animate	Inanimate	Animate	Animate	Inanimate	Reflexive	FullReflexivity	NonReflexive	ImperfectiveReflexivity	Reflexive	FullReflexivity	NonReflexive	ImperfectiveReflexivity	Reflexive	FullReflexivity	NonReflexive	ImperfectiveReflexivity	NormalMorphForm	NormalMorphForm	NormalMorphForm	NormalMorphForm	DefectOne	DefectTwo	Byt	DefectThree	DefectFour	DefectOne	DefectTwo	Byt	DefectThree	DefectFour	DefectOne	DefectTwo	Byt	DefectThree	DefectFour	GTAdjectiveAttributive	GTNoun	GTNoun	NotEllipted	NotEllipted	NotEllipted	NotEllipted	VocalForm	NForm	VocalForm	NForm	VocalForm	NForm	NotControlled	NotControlled	NotControlled	NotControlled	ZeroTypeOfCoordination	ZeroTypeOfCoordination	ZeroTypeOfCoordination	ZeroTypeOfCoordination	Composite_ski	Composite_iko	Composite_sko	NoCompositeness	Composite_o	Composite_e	Composite_usek	Composite_null	Composite_Numeral	Composite_cko	Composite_cki	Composite_ComplexNumeral	Composite_NumeralFull	Composite_NumeralShort	NoCompositeness	NoCompositeness	DegreeComparative	DegreePositive	DegreeSuperlative	DegreeComparative	DegreePositive	DegreeSuperlative	DegreeComparative	DegreePositive	DegreeSuperlative	Adverb_Un_Hyphen	Adverb_With_Hyphen	Adverb_Un_Hyphen	Adverb_With_Hyphen	Adverb_Un_Hyphen	Adverb_With_Hyphen	DeclensionAdjectival	DeclensionNominal	DeclensionMixed	Indeclinable	DeclensionMixed	Indeclinable	DeclensionAdjectival	DeclensionNominal	DeclensionMixed	Indeclinable	Comp_Suffixoid	Un_Comp_Suf	Comp_Suffixoid_Num_OJ	Comp_Suffixoid_Num_YJ	Comp_Suffixoid_Num_IJ	Comp_Suffixoid_Num_J	Comp_PunctuatorPost	Comp_PunctuatorPref	Comp_PunctuatorPostSeparable	Comp_PunctuatorPrefSeparable	Comp_Prefixoid	Comp_Suffixoid_Num_PercentYJ	Comp_Noun	Comp_Suffixoid_Chem	Comp_Adj	Comp_SuffixoidAbbr	Un_Comp_Suf	Un_Comp_Suf	Comp_PunctuatorPostSeparable	Comp_PunctuatorPrefSeparable	Comp_Noun	BiAspectual	MonoAspectual	Paired	BiAspectual	MonoAspectual	Paired	BiAspectual	MonoAspectual	Paired	FullSynthComparison	NoSynthComparative	NoSynthSuperlative	OnlySuperlative	FullSynthComparison	NoSynthComparative	NoSynthSuperlative	OnlySuperlative	FullSynthComparison	NoSynthComparative	NoSynthSuperlative	OnlySuperlative	MOne	MTwo	MThree	MOne	MTwo	MThree	MOne	MTwo	MThree	NormalClassifyingCapitalization	NormalClassifyingCapitalization	NormalClassifyingCapitalization	NormalClassifyingCapitalization	Future	Past	Present	Future	Past	Present	Future	Past	Present	Pronoun	Noun	Noun	ZeroDoubleConjunct	ZeroDoubleConjunct	ZeroDoubleConjunct	ZeroDoubleConjunct	NotCommonChild	NotCommonChild	NotCommonChild	NotCommonChild	Nominative	Accusative	Dative	Genitive	Instrumental	Locative	Nominative	Partitive	Prepositional	Accusative	Dative	Genitive	Instrumental	Locative	Nominative	Partitive	Prepositional	RCAttributive	RCDemonstrative	RCAttributive	RCPossessive	RCIndefinite	RCPersonal	RCInterrogative	RCNegative	RCReflexive	RCNoun	RCDemonstrative	RCAttributive	RCPossessive	RCIndefinite	RCPersonal	RCInterrogative	RCNegative	RCReflexive	RCNoun	NoPlacement	NoPlacement	NoPlacement	NoPlacement	Imperfective	Perfective	Imperfective	Perfective	Imperfective	Perfective	NotDefaultFiller	NotDefaultFiller	NotDefaultFiller	NotDefaultFiller	Feminine	Masculine	Common	Feminine	Masculine	Neuter	Common	NoLeftmostPlacement	NoLeftmostPlacement	NoLeftmostPlacement	NoLeftmostPlacement	Iterat	UnIterat	Iterat	UnIterat	Iterat	UnIterat	NoRightmostPlacement	NoRightmostPlacement	NoRightmostPlacement	NoRightmostPlacement	NotLeftConjunct	NotLeftConjunct	NotLeftConjunct	NotLeftConjunct	PersonFirst	PersonSecond	PersonThird	PersonZero	PersonFirst	PersonSecond	PersonThird	PersonZero	PersonFirst	PersonSecond	PersonThird	PersonZero	Active	VoiceSya	Passive	Active	VoiceSya	Passive	Active	VoiceSya	Passive	VerbIntransitive	VerbIntransitiveSpecial	VerbTransitive	VerbTransitiveSpecial	VerbIntransitive	VerbIntransitiveSpecial	VerbTransitive	VerbTransitiveSpecial	VerbIntransitive	VerbIntransitiveSpecial	VerbTransitive	VerbTransitiveSpecial	NotRightConjunct	NotRightConjunct	NotRightConjunct	NotRightConjunct	NoSpecialCaseForm	Locative_u	Genitive_u	Plural_consonant	Genitive_Locative_u	GenitivePlural_Zero	NominativePlural_a	SpecialPlual	SpecialVocative	NoSpecialCaseForm	NoSpecialCaseForm	Locative_u	Genitive_u	Plural_consonant	Genitive_Locative_u	GenitivePlural_Zero	NominativePlural_a	SpecialPlual	SpecialVocative	NoContrast	NoContrast	NoContrast	NoContrast	NormalCapitalization	NormalCapitalization	NormalCapitalization	NormalCapitalization	PO_Prefixoid	Rus_Prefixoid	VPOL_Prefixoid	NE_Prefixoid	Eval_Prefixoid	Intern_Prefixoid	Reduced_Prefixoid	InternHy_Prefixoid	Letter_Prefixoid	BEZ_Prefixoid	BES_Prefixoid	BEZer_Prefixoid	V_Prefixoid	InternModEr_Prefixoid	RusHy_Prefixoid	NAI_Prefixoid	POL_Prefixoid	NI_Prefixoid	KOE_Prefixoid	Intern_ReducedPrefixoid	InternMod_Prefixoid	Chem_Prefixoid	ProperNamePrefixoid	Chemical_Possible	PO_Prefixoid	Rus_Prefixoid	VPOL_Prefixoid	NE_Prefixoid	Eval_Prefixoid	Intern_Prefixoid	Reduced_Prefixoid	InternHy_Prefixoid	Letter_Prefixoid	BEZ_Prefixoid	BES_Prefixoid	BEZer_Prefixoid	V_Prefixoid	InternModEr_Prefixoid	RusHy_Prefixoid	NAI_Prefixoid	POL_Prefixoid	NI_Prefixoid	KOE_Prefixoid	Intern_ReducedPrefixoid	InternMod_Prefixoid	Chem_Prefixoid	ProperNamePrefixoid	Chemical_Possible	PO_Prefixoid	Rus_Prefixoid	VPOL_Prefixoid	NE_Prefixoid	Eval_Prefixoid	Intern_Prefixoid	Reduced_Prefixoid	InternHy_Prefixoid	Letter_Prefixoid	BEZ_Prefixoid	BES_Prefixoid	BEZer_Prefixoid	V_Prefixoid	InternModEr_Prefixoid	RusHy_Prefixoid	NAI_Prefixoid	POL_Prefixoid	NI_Prefixoid	KOE_Prefixoid	Intern_ReducedPrefixoid	InternMod_Prefixoid	Chem_Prefixoid	ProperNamePrefixoid	Chemical_Possible	ParticipleFullForm	ParticipleShortForm	ParticipleFullForm	ParticipleShortForm	ParticipleFullForm	ParticipleShortForm	Singular	Plural	Singular	Plural	Singular	FiveAndMore	Three	Four	Two	SevenEight	FiveAndMore	Three	Four	Two	SevenEight	FiveAndMore	Three	Four	Two	SevenEight	AdjectiveFullForm	AdjectiveFullForm	AdjectiveShortForm	AdjectiveShortFlectional	AdjectiveFullForm	AdjectiveShortForm	AdjectiveShortFlectional	NounProperGeneral	NounProperSurNameFlective	NounProperTown	NounProperName	AdjectiveProper	NounProperPatronymic	NounProperNameDimin	AbbrProperGeneral	NounProperSurNameForeign	NounProperGeneral	NounProperSurNameFlective	NounProperTown	NounProperName	AdjectiveProper	NounProperPatronymic	NounProperNameDimin	AbbrProperGeneral	NounProperSurNameForeign	NounProperGeneral	NounProperSurNameFlective	NounProperTown	NounProperName	AdjectiveProper	NounProperPatronymic	NounProperNameDimin	AbbrProperGeneral	NounProperSurNameForeign	NormalNumberParadigm	NormalNumberParadigm	NormalNumberParadigm	NormalNumberParadigm	PluraliaTantum	SingulariaTantum	FullRealization	FullRealization	FullRealization	FullRealization
95	5	Скворцова	Скворцова	285499	285498	Animate	Reflexive	FullReflexivity	NonReflexive	ImperfectiveReflexivity	NormalMorphForm	DefectOne	DefectTwo	Byt	DefectThree	DefectFour	GTNoun	NotEllipted	VocalForm	NForm	NotControlled	ZeroTypeOfCoordination	NoCompositeness	DegreeComparative	DegreePositive	DegreeSuperlative	Adverb_Un_Hyphen	Adverb_With_Hyphen	DeclensionNominal	Un_Comp_Suf	BiAspectual	MonoAspectual	Paired	FullSynthComparison	NoSynthComparative	NoSynthSuperlative	OnlySuperlative	MOne	MTwo	MThree	NormalClassifyingCapitalization	Future	Past	Present	Noun	ZeroDoubleConjunct	NotCommonChild	Accusative	Genitive	Nominative	Partitive	RCDemonstrative	RCAttributive	RCPossessive	RCIndefinite	RCPersonal	RCInterrogative	RCNegative	RCReflexive	RCNoun	NoPlacement	Imperfective	Perfective	NotDefaultFiller	Feminine	Masculine	NoLeftmostPlacement	Iterat	UnIterat	NoRightmostPlacement	NotLeftConjunct	PersonFirst	PersonSecond	PersonThird	PersonZero	Active	VoiceSya	Passive	VerbIntransitive	VerbIntransitiveSpecial	VerbTransitive	VerbTransitiveSpecial	NotRightConjunct	NoSpecialCaseForm	NoContrast	NormalCapitalization	PO_Prefixoid	Rus_Prefixoid	VPOL_Prefixoid	NE_Prefixoid	Eval_Prefixoid	Intern_Prefixoid	Reduced_Prefixoid	InternHy_Prefixoid	Letter_Prefixoid	BEZ_Prefixoid	BES_Prefixoid	BEZer_Prefixoid	V_Prefixoid	InternModEr_Prefixoid	RusHy_Prefixoid	NAI_Prefixoid	POL_Prefixoid	NI_Prefixoid	KOE_Prefixoid	Intern_ReducedPrefixoid	InternMod_Prefixoid	Chem_Prefixoid	ProperNamePrefixoid	Chemical_Possible	ParticipleFullForm	ParticipleShortForm	Singular	FiveAndMore	Three	Four	Two	SevenEight	AdjectiveFullForm	AdjectiveShortForm	AdjectiveShortFlectional	NounProperSurNameFlective	NormalNumberParadigm	FullRealization
95	15	в	в	285502	285501	Animate	Inanimate	Inanimate	Reflexive	FullReflexivity	NonReflexive	ImperfectiveReflexivity	Reflexive	FullReflexivity	NonReflexive	ImperfectiveReflexivity	NormalMorphForm	NormalMorphForm	DefectOne	DefectTwo	Byt	DefectThree	DefectFour	DefectOne	DefectTwo	Byt	DefectThree	DefectFour	GTInvariable	GTNoun	NotEllipted	NotEllipted	VocalForm	NForm	VocalForm	NForm	NotControlled	NotControlled	ZeroTypeOfCoordination	ZeroTypeOfCoordination	Composite_ski	Composite_iko	Composite_sko	NoCompositeness	Composite_o	Composite_e	Composite_usek	Composite_null	Composite_Numeral	Composite_cko	Composite_cki	Composite_ComplexNumeral	Composite_NumeralFull	Composite_NumeralShort	NoCompositeness	DegreeComparative	DegreePositive	DegreeSuperlative	DegreeComparative	DegreePositive	DegreeSuperlative	Adverb_Un_Hyphen	Adverb_With_Hyphen	Adverb_Un_Hyphen	Adverb_With_Hyphen	DeclensionAdjectival	DeclensionNominal	DeclensionMixed	Indeclinable	Indeclinable	Comp_Suffixoid	Un_Comp_Suf	Comp_Suffixoid_Num_OJ	Comp_Suffixoid_Num_YJ	Comp_Suffixoid_Num_IJ	Comp_Suffixoid_Num_J	Comp_PunctuatorPost	Comp_PunctuatorPref	Comp_PunctuatorPostSeparable	Comp_PunctuatorPrefSeparable	Comp_Prefixoid	Comp_Suffixoid_Num_PercentYJ	Comp_Noun	Comp_Suffixoid_Chem	Comp_Adj	Comp_SuffixoidAbbr	Comp_PunctuatorPostSeparable	BiAspectual	MonoAspectual	Paired	BiAspectual	MonoAspectual	Paired	FullSynthComparison	NoSynthComparative	NoSynthSuperlative	OnlySuperlative	FullSynthComparison	NoSynthComparative	NoSynthSuperlative	OnlySuperlative	MOne	MTwo	MThree	MOne	MTwo	MThree	NormalClassifyingCapitalization	NormalClassifyingCapitalization	Future	Past	Present	Future	Past	Present	Preposition	Noun	ZeroDoubleConjunct	ZeroDoubleConjunct	NotCommonChild	NotCommonChild	Accusative	Dative	Genitive	Instrumental	Locative	Nominative	Partitive	Prepositional	DativeSpecial	ZeroCase	Vocative	Accusative	Dative	Genitive	Instrumental	Locative	Nominative	Partitive	Prepositional	RCDemonstrative	RCAttributive	RCPossessive	RCIndefinite	RCPersonal	RCInterrogative	RCNegative	RCReflexive	RCNoun	RCDemonstrative	RCAttributive	RCPossessive	RCIndefinite	RCPersonal	RCInterrogative	RCNegative	RCReflexive	RCNoun	NoPlacement	NoPlacement	Imperfective	Perfective	Imperfective	Perfective	NotDefaultFiller	NotDefaultFiller	Feminine	Masculine	Neuter	Common	Masculine	NoLeftmostPlacement	NoLeftmostPlacement	Iterat	UnIterat	Iterat	UnIterat	NoRightmostPlacement	NoRightmostPlacement	NotLeftConjunct	NotLeftConjunct	PersonFirst	PersonSecond	PersonThird	PersonZero	PersonFirst	PersonSecond	PersonThird	PersonZero	Active	VoiceSya	Passive	Active	VoiceSya	Passive	VerbIntransitive	VerbIntransitiveSpecial	VerbTransitive	VerbTransitiveSpecial	VerbIntransitive	VerbIntransitiveSpecial	VerbTransitive	VerbTransitiveSpecial	NotRightConjunct	NotRightConjunct	NoSpecialCaseForm	Locative_u	Genitive_u	Plural_consonant	Genitive_Locative_u	GenitivePlural_Zero	NominativePlural_a	SpecialPlual	SpecialVocative	NoSpecialCaseForm	Locative_u	Genitive_u	Plural_consonant	Genitive_Locative_u	GenitivePlural_Zero	NominativePlural_a	SpecialPlual	SpecialVocative	NoContrast	NoContrast	NormalCapitalization	NormalCapitalization	PO_Prefixoid	Rus_Prefixoid	VPOL_Prefixoid	NE_Prefixoid	Eval_Prefixoid	Intern_Prefixoid	Reduced_Prefixoid	InternHy_Prefixoid	Letter_Prefixoid	BEZ_Prefixoid	BES_Prefixoid	BEZer_Prefixoid	V_Prefixoid	InternModEr_Prefixoid	RusHy_Prefixoid	NAI_Prefixoid	POL_Prefixoid	NI_Prefixoid	KOE_Prefixoid	Intern_ReducedPrefixoid	InternMod_Prefixoid	Chem_Prefixoid	ProperNamePrefixoid	Chemical_Possible	PO_Prefixoid	Rus_Prefixoid	VPOL_Prefixoid	NE_Prefixoid	Eval_Prefixoid	Intern_Prefixoid	Reduced_Prefixoid	InternHy_Prefixoid	Letter_Prefixoid	BEZ_Prefixoid	BES_Prefixoid	BEZer_Prefixoid	V_Prefixoid	InternModEr_Prefixoid	RusHy_Prefixoid	NAI_Prefixoid	POL_Prefixoid	NI_Prefixoid	KOE_Prefixoid	Intern_ReducedPrefixoid	InternMod_Prefixoid	Chem_Prefixoid	ProperNamePrefixoid	Chemical_Possible	ParticipleFullForm	ParticipleShortForm	ParticipleFullForm	ParticipleShortForm	Plural	Singular	Plural	Singular	FiveAndMore	Three	Four	Two	SevenEight	FiveAndMore	Three	Four	Two	SevenEight	AdjectiveFullForm	AdjectiveShortForm	AdjectiveShortFlectional	AdjectiveFullForm	AdjectiveShortForm	AdjectiveShortFlectional	NounProperGeneral	NounProperSurNameFlective	NounProperTown	NounProperName	AdjectiveProper	NounProperPatronymic	NounProperNameDimin	AbbrProperGeneral	NounProperSurNameForeign	NounProperGeneral	NounProperSurNameFlective	NounProperTown	NounProperName	AdjectiveProper	NounProperPatronymic	NounProperNameDimin	AbbrProperGeneral	NounProperSurNameForeign	NormalNumberParadigm	NormalNumberParadigm	FullRealization	FullRealization
95	17	своих	своих	285503	285501	Animate	Inanimate	Reflexive	FullReflexivity	NonReflexive	ImperfectiveReflexivity	NormalMorphForm	DefectOne	DefectTwo	Byt	DefectThree	DefectFour	GTAdjectiveAttributive	NotEllipted	VocalForm	NForm	NotControlled	ZeroTypeOfCoordination	Composite_ski	Composite_iko	Composite_sko	NoCompositeness	Composite_o	Composite_e	Composite_usek	Composite_null	Composite_Numeral	Composite_cko	Composite_cki	Composite_ComplexNumeral	Composite_NumeralFull	Composite_NumeralShort	DegreeComparative	DegreePositive	DegreeSuperlative	Adverb_Un_Hyphen	Adverb_With_Hyphen	DeclensionAdjectival	DeclensionNominal	DeclensionMixed	Indeclinable	Comp_Suffixoid	Un_Comp_Suf	Comp_Suffixoid_Num_OJ	Comp_Suffixoid_Num_YJ	Comp_Suffixoid_Num_IJ	Comp_Suffixoid_Num_J	Comp_PunctuatorPost	Comp_PunctuatorPref	Comp_PunctuatorPostSeparable	Comp_PunctuatorPrefSeparable	Comp_Prefixoid	Comp_Suffixoid_Num_PercentYJ	Comp_Noun	Comp_Suffixoid_Chem	Comp_Adj	Comp_SuffixoidAbbr	BiAspectual	MonoAspectual	Paired	FullSynthComparison	NoSynthComparative	NoSynthSuperlative	OnlySuperlative	MOne	MTwo	MThree	NormalClassifyingCapitalization	Future	Past	Present	Pronoun	ZeroDoubleConjunct	NotCommonChild	Accusative	Genitive	Locative	Partitive	Prepositional	RCPossessive	NoPlacement	Imperfective	Perfective	NotDefaultFiller	Feminine	Masculine	Neuter	Common	NoLeftmostPlacement	Iterat	UnIterat	NoRightmostPlacement	NotLeftConjunct	PersonFirst	PersonSecond	PersonThird	PersonZero	Active	VoiceSya	Passive	VerbIntransitive	VerbIntransitiveSpecial	VerbTransitive	VerbTransitiveSpecial	NotRightConjunct	NoSpecialCaseForm	Locative_u	Genitive_u	Plural_consonant	Genitive_Locative_u	GenitivePlural_Zero	NominativePlural_a	SpecialPlual	SpecialVocative	NoContrast	NormalCapitalization	PO_Prefixoid	Rus_Prefixoid	VPOL_Prefixoid	NE_Prefixoid	Eval_Prefixoid	Intern_Prefixoid	Reduced_Prefixoid	InternHy_Prefixoid	Letter_Prefixoid	BEZ_Prefixoid	BES_Prefixoid	BEZer_Prefixoid	V_Prefixoid	InternModEr_Prefixoid	RusHy_Prefixoid	NAI_Prefixoid	POL_Prefixoid	NI_Prefixoid	KOE_Prefixoid	Intern_ReducedPrefixoid	InternMod_Prefixoid	Chem_Prefixoid	ProperNamePrefixoid	Chemical_Possible	ParticipleFullForm	ParticipleShortForm	Plural	FiveAndMore	Three	Four	Two	SevenEight	AdjectiveFullForm	NounProperGeneral	NounProperSurNameFlective	NounProperTown	NounProperName	AdjectiveProper	NounProperPatronymic	NounProperNameDimin	AbbrProperGeneral	NounProperSurNameForeign	NormalNumberParadigm	FullRealization
95	23	первых	первых	285504	285501	Animate	Inanimate	Reflexive	FullReflexivity	NonReflexive	ImperfectiveReflexivity	NormalMorphForm	DefectOne	DefectTwo	Byt	DefectThree	DefectFour	GTAdjectiveAttributive	NotEllipted	VocalForm	NForm	NotControlled	ZeroTypeOfCoordination	Composite_ski	Composite_iko	Composite_sko	NoCompositeness	Composite_o	Composite_e	Composite_usek	Composite_null	Composite_Numeral	Composite_cko	Composite_cki	Composite_ComplexNumeral	Composite_NumeralFull	Composite_NumeralShort	DegreeComparative	DegreePositive	DegreeSuperlative	Adverb_Un_Hyphen	Adverb_With_Hyphen	DeclensionAdjectival	DeclensionNominal	DeclensionMixed	Indeclinable	Comp_Suffixoid	Un_Comp_Suf	Comp_Suffixoid_Num_OJ	Comp_Suffixoid_Num_YJ	Comp_Suffixoid_Num_IJ	Comp_Suffixoid_Num_J	Comp_PunctuatorPost	Comp_PunctuatorPref	Comp_PunctuatorPostSeparable	Comp_PunctuatorPrefSeparable	Comp_Prefixoid	Comp_Suffixoid_Num_PercentYJ	Comp_Noun	Comp_Suffixoid_Chem	Comp_Adj	Comp_SuffixoidAbbr	BiAspectual	MonoAspectual	Paired	FullSynthComparison	NoSynthComparative	NoSynthSuperlative	OnlySuperlative	MOne	MTwo	MThree	NormalClassifyingCapitalization	Future	Past	Present	Numeral	ZeroDoubleConjunct	NotCommonChild	Accusative	Genitive	Locative	Partitive	Prepositional	RCDemonstrative	RCAttributive	RCPossessive	RCIndefinite	RCPersonal	RCInterrogative	RCNegative	RCReflexive	RCNoun	NoPlacement	Imperfective	Perfective	NotDefaultFiller	Feminine	Masculine	Neuter	Common	NoLeftmostPlacement	Iterat	UnIterat	NoRightmostPlacement	NotLeftConjunct	PersonFirst	PersonSecond	PersonThird	PersonZero	Active	VoiceSya	Passive	VerbIntransitive	VerbIntransitiveSpecial	VerbTransitive	VerbTransitiveSpecial	NotRightConjunct	NoSpecialCaseForm	Locative_u	Genitive_u	Plural_consonant	Genitive_Locative_u	GenitivePlural_Zero	NominativePlural_a	SpecialPlual	SpecialVocative	NoContrast	NormalCapitalization	PO_Prefixoid	Rus_Prefixoid	VPOL_Prefixoid	NE_Prefixoid	Eval_Prefixoid	Intern_Prefixoid	Reduced_Prefixoid	InternHy_Prefixoid	Letter_Prefixoid	BEZ_Prefixoid	BES_Prefixoid	BEZer_Prefixoid	V_Prefixoid	InternModEr_Prefixoid	RusHy_Prefixoid	NAI_Prefixoid	POL_Prefixoid	NI_Prefixoid	KOE_Prefixoid	Intern_ReducedPrefixoid	InternMod_Prefixoid	Chem_Prefixoid	ProperNamePrefixoid	Chemical_Possible	ParticipleFullForm	ParticipleShortForm	Plural	FiveAndMore	Three	Four	Two	SevenEight	AdjectiveFullForm	AdjectiveShortForm	AdjectiveShortFlectional	NounProperGeneral	NounProperSurNameFlective	NounProperTown	NounProperName	AdjectiveProper	NounProperPatronymic	NounProperNameDimin	AbbrProperGeneral	NounProperSurNameForeign	NormalNumberParadigm	FullRealization
95	30	заявлениях	заявлениях	285501	285498	Inanimate	Reflexive	FullReflexivity	NonReflexive	ImperfectiveReflexivity	NormalMorphForm	DefectOne	DefectTwo	Byt	DefectThree	DefectFour	GTNoun	NotEllipted	VocalForm	NForm	NotControlled	ZeroTypeOfCoordination	NoCompositeness	DegreeComparative	DegreePositive	DegreeSuperlative	Adverb_Un_Hyphen	Adverb_With_Hyphen	DeclensionNominal	Un_Comp_Suf	BiAspectual	MonoAspectual	Paired	FullSynthComparison	NoSynthComparative	NoSynthSuperlative	OnlySuperlative	MOne	MTwo	MThree	NormalClassifyingCapitalization	Future	Past	Present	Noun	ZeroDoubleConjunct	NotCommonChild	Locative	Prepositional	RCDemonstrative	RCAttributive	RCPossessive	RCIndefinite	RCPersonal	RCInterrogative	RCNegative	RCReflexive	RCNoun	NoPlacement	Imperfective	Perfective	NotDefaultFiller	Neuter	NoLeftmostPlacement	Iterat	UnIterat	NoRightmostPlacement	NotLeftConjunct	PersonFirst	PersonSecond	PersonThird	PersonZero	Active	VoiceSya	Passive	VerbIntransitive	VerbIntransitiveSpecial	VerbTransitive	VerbTransitiveSpecial	NotRightConjunct	NoSpecialCaseForm	NoContrast	NormalCapitalization	PO_Prefixoid	Rus_Prefixoid	VPOL_Prefixoid	NE_Prefixoid	Eval_Prefixoid	Intern_Prefixoid	Reduced_Prefixoid	InternHy_Prefixoid	Letter_Prefixoid	BEZ_Prefixoid	BES_Prefixoid	BEZer_Prefixoid	V_Prefixoid	InternModEr_Prefixoid	RusHy_Prefixoid	NAI_Prefixoid	POL_Prefixoid	NI_Prefixoid	KOE_Prefixoid	Intern_ReducedPrefixoid	InternMod_Prefixoid	Chem_Prefixoid	ProperNamePrefixoid	Chemical_Possible	ParticipleFullForm	ParticipleShortForm	Plural	FiveAndMore	Three	Four	Two	SevenEight	AdjectiveFullForm	AdjectiveShortForm	AdjectiveShortFlectional	NounProperGeneral	NounProperSurNameFlective	NounProperTown	NounProperName	AdjectiveProper	NounProperPatronymic	NounProperNameDimin	AbbrProperGeneral	NounProperSurNameForeign	NormalNumberParadigm	FullRealization
95	41	отмечала	отмечала	285498	-1	Animate	Inanimate	FullReflexivity	NormalMorphForm	DefectOne	DefectTwo	Byt	DefectThree	DefectFour	GTVerb	NotEllipted	VocalForm	NForm	NotControlled	ZeroTypeOfCoordination	Composite_ski	Composite_iko	Composite_sko	NoCompositeness	Composite_o	Composite_e	Composite_usek	Composite_null	Composite_Numeral	Composite_cko	Composite_cki	Composite_ComplexNumeral	Composite_NumeralFull	Composite_NumeralShort	DegreeComparative	DegreePositive	DegreeSuperlative	Adverb_Un_Hyphen	Adverb_With_Hyphen	DeclensionAdjectival	DeclensionNominal	DeclensionMixed	Indeclinable	Comp_Suffixoid	Un_Comp_Suf	Comp_Suffixoid_Num_OJ	Comp_Suffixoid_Num_YJ	Comp_Suffixoid_Num_IJ	Comp_Suffixoid_Num_J	Comp_PunctuatorPost	Comp_PunctuatorPref	Comp_PunctuatorPostSeparable	Comp_PunctuatorPrefSeparable	Comp_Prefixoid	Comp_Suffixoid_Num_PercentYJ	Comp_Noun	Comp_Suffixoid_Chem	Comp_Adj	Comp_SuffixoidAbbr	Paired	FullSynthComparison	NoSynthComparative	NoSynthSuperlative	OnlySuperlative	MOne	MTwo	MThree	NormalClassifyingCapitalization	Past	Verb	ZeroDoubleConjunct	NotCommonChild	Accusative	Dative	Genitive	Instrumental	Locative	Nominative	Partitive	Prepositional	DativeSpecial	ZeroCase	Vocative	RCDemonstrative	RCAttributive	RCPossessive	RCIndefinite	RCPersonal	RCInterrogative	RCNegative	RCReflexive	RCNoun	NoPlacement	Imperfective	NotDefaultFiller	Feminine	NoLeftmostPlacement	UnIterat	NoRightmostPlacement	NotLeftConjunct	PersonFirst	PersonSecond	PersonThird	PersonZero	Active	VerbTransitive	NotRightConjunct	NoSpecialCaseForm	Locative_u	Genitive_u	Plural_consonant	Genitive_Locative_u	GenitivePlural_Zero	NominativePlural_a	SpecialPlual	SpecialVocative	NoContrast	NormalCapitalization	PO_Prefixoid	Rus_Prefixoid	VPOL_Prefixoid	NE_Prefixoid	Eval_Prefixoid	Intern_Prefixoid	Reduced_Prefixoid	InternHy_Prefixoid	Letter_Prefixoid	BEZ_Prefixoid	BES_Prefixoid	BEZer_Prefixoid	V_Prefixoid	InternModEr_Prefixoid	RusHy_Prefixoid	NAI_Prefixoid	POL_Prefixoid	NI_Prefixoid	KOE_Prefixoid	Intern_ReducedPrefixoid	InternMod_Prefixoid	Chem_Prefixoid	ProperNamePrefixoid	Chemical_Possible	ParticipleFullForm	ParticipleShortForm	Singular	FiveAndMore	Three	Four	Two	SevenEight	AdjectiveFullForm	AdjectiveShortForm	AdjectiveShortFlectional	NounProperGeneral	NounProperSurNameFlective	NounProperTown	NounProperName	AdjectiveProper	NounProperPatronymic	NounProperNameDimin	AbbrProperGeneral	NounProperSurNameForeign	NormalNumberParadigm	FullRealization
95	51	что	что	285506	285505	Animate	Inanimate	Inanimate	Reflexive	FullReflexivity	NonReflexive	ImperfectiveReflexivity	Reflexive	FullReflexivity	NonReflexive	ImperfectiveReflexivity	NormalMorphForm	NormalMorphForm	NormalMorphForm	NormalMorphForm	DefectOne	DefectTwo	Byt	DefectThree	DefectFour	DefectOne	DefectTwo	Byt	DefectThree	DefectFour	GTInvariable	GTNoun	NotEllipted	NotEllipted	NotEllipted	NotEllipted	VocalForm	NForm	VocalForm	NForm	NotControlled	NotControlled	NotControlled	NotControlled	ZeroTypeOfCoordination	ZeroTypeOfCoordination	ZeroTypeOfCoordination	ZeroTypeOfCoordination	Composite_ski	Composite_iko	Composite_sko	NoCompositeness	Composite_o	Composite_e	Composite_usek	Composite_null	Composite_Numeral	Composite_cko	Composite_cki	Composite_ComplexNumeral	Composite_NumeralFull	Composite_NumeralShort	Composite_ski	Composite_iko	Composite_sko	NoCompositeness	Composite_o	Composite_e	Composite_usek	Composite_null	Composite_Numeral	Composite_cko	Composite_cki	Composite_ComplexNumeral	Composite_NumeralFull	Composite_NumeralShort	DegreeComparative	DegreePositive	DegreeSuperlative	DegreeComparative	DegreePositive	DegreeSuperlative	Adverb_Un_Hyphen	Adverb_With_Hyphen	Adverb_Un_Hyphen	Adverb_With_Hyphen	DeclensionAdjectival	DeclensionNominal	DeclensionMixed	Indeclinable	DeclensionAdjectival	DeclensionNominal	DeclensionMixed	Indeclinable	Comp_Suffixoid	Un_Comp_Suf	Comp_Suffixoid_Num_OJ	Comp_Suffixoid_Num_YJ	Comp_Suffixoid_Num_IJ	Comp_Suffixoid_Num_J	Comp_PunctuatorPost	Comp_PunctuatorPref	Comp_PunctuatorPostSeparable	Comp_PunctuatorPrefSeparable	Comp_Prefixoid	Comp_Suffixoid_Num_PercentYJ	Comp_Noun	Comp_Suffixoid_Chem	Comp_Adj	Comp_SuffixoidAbbr	Comp_Suffixoid	Un_Comp_Suf	Comp_Suffixoid_Num_OJ	Comp_Suffixoid_Num_YJ	Comp_Suffixoid_Num_IJ	Comp_Suffixoid_Num_J	Comp_PunctuatorPost	Comp_PunctuatorPref	Comp_PunctuatorPostSeparable	Comp_PunctuatorPrefSeparable	Comp_Prefixoid	Comp_Suffixoid_Num_PercentYJ	Comp_Noun	Comp_Suffixoid_Chem	Comp_Adj	Comp_SuffixoidAbbr	BiAspectual	MonoAspectual	Paired	BiAspectual	MonoAspectual	Paired	FullSynthComparison	NoSynthComparative	NoSynthSuperlative	OnlySuperlative	FullSynthComparison	NoSynthComparative	NoSynthSuperlative	OnlySuperlative	MOne	MTwo	MThree	MOne	MTwo	MThree	NormalClassifyingCapitalization	NormalClassifyingCapitalization	NormalClassifyingCapitalization	NormalClassifyingCapitalization	Future	Past	Present	Future	Past	Present	Conjunction	Pronoun	ZeroDoubleConjunct	ZeroDoubleConjunct	ZeroDoubleConjunct	ZeroDoubleConjunct	NotCommonChild	NotCommonChild	NotCommonChild	NotCommonChild	Accusative	Dative	Genitive	Instrumental	Locative	Nominative	Partitive	Prepositional	DativeSpecial	ZeroCase	Vocative	Accusative	Nominative	RCDemonstrative	RCAttributive	RCPossessive	RCIndefinite	RCPersonal	RCInterrogative	RCNegative	RCReflexive	RCNoun	RCInterrogative	NoPlacement	NoPlacement	NoPlacement	NoPlacement	Imperfective	Perfective	Imperfective	Perfective	NotDefaultFiller	NotDefaultFiller	NotDefaultFiller	NotDefaultFiller	Feminine	Masculine	Neuter	Common	Neuter	NoLeftmostPlacement	NoLeftmostPlacement	NoLeftmostPlacement	NoLeftmostPlacement	Iterat	UnIterat	Iterat	UnIterat	NoRightmostPlacement	NoRightmostPlacement	NoRightmostPlacement	NoRightmostPlacement	NotLeftConjunct	NotLeftConjunct	NotLeftConjunct	NotLeftConjunct	PersonFirst	PersonSecond	PersonThird	PersonZero	PersonFirst	PersonSecond	PersonThird	PersonZero	Active	VoiceSya	Passive	Active	VoiceSya	Passive	VerbIntransitive	VerbIntransitiveSpecial	VerbTransitive	VerbTransitiveSpecial	VerbIntransitive	VerbIntransitiveSpecial	VerbTransitive	VerbTransitiveSpecial	NotRightConjunct	NotRightConjunct	NotRightConjunct	NotRightConjunct	NoSpecialCaseForm	Locative_u	Genitive_u	Plural_consonant	Genitive_Locative_u	GenitivePlural_Zero	NominativePlural_a	SpecialPlual	SpecialVocative	NoSpecialCaseForm	Locative_u	Genitive_u	Plural_consonant	Genitive_Locative_u	GenitivePlural_Zero	NominativePlural_a	SpecialPlual	SpecialVocative	NoContrast	NoContrast	NoContrast	NoContrast	NormalCapitalization	NormalCapitalization	NormalCapitalization	NormalCapitalization	PO_Prefixoid	Rus_Prefixoid	VPOL_Prefixoid	NE_Prefixoid	Eval_Prefixoid	Intern_Prefixoid	Reduced_Prefixoid	InternHy_Prefixoid	Letter_Prefixoid	BEZ_Prefixoid	BES_Prefixoid	BEZer_Prefixoid	V_Prefixoid	InternModEr_Prefixoid	RusHy_Prefixoid	NAI_Prefixoid	POL_Prefixoid	NI_Prefixoid	KOE_Prefixoid	Intern_ReducedPrefixoid	InternMod_Prefixoid	Chem_Prefixoid	ProperNamePrefixoid	Chemical_Possible	PO_Prefixoid	Rus_Prefixoid	VPOL_Prefixoid	NE_Prefixoid	Eval_Prefixoid	Intern_Prefixoid	Reduced_Prefixoid	InternHy_Prefixoid	Letter_Prefixoid	BEZ_Prefixoid	BES_Prefixoid	BEZer_Prefixoid	V_Prefixoid	InternModEr_Prefixoid	RusHy_Prefixoid	NAI_Prefixoid	POL_Prefixoid	NI_Prefixoid	KOE_Prefixoid	Intern_ReducedPrefixoid	InternMod_Prefixoid	Chem_Prefixoid	ProperNamePrefixoid	Chemical_Possible	ParticipleFullForm	ParticipleShortForm	ParticipleFullForm	ParticipleShortForm	Plural	Singular	Singular	FiveAndMore	Three	Four	Two	SevenEight	FiveAndMore	Three	Four	Two	SevenEight	AdjectiveFullForm	AdjectiveShortForm	AdjectiveShortFlectional	AdjectiveFullForm	AdjectiveShortForm	AdjectiveShortFlectional	NounProperGeneral	NounProperSurNameFlective	NounProperTown	NounProperName	AdjectiveProper	NounProperPatronymic	NounProperNameDimin	AbbrProperGeneral	NounProperSurNameForeign	NounProperGeneral	NounProperSurNameFlective	NounProperTown	NounProperName	AdjectiveProper	NounProperPatronymic	NounProperNameDimin	AbbrProperGeneral	NounProperSurNameForeign	NormalNumberParadigm	NormalNumberParadigm	NormalNumberParadigm	NormalNumberParadigm	FullRealization	FullRealization	FullRealization	FullRealization
95	55	планирует	планирует	285505	285498	Animate	Inanimate	FullReflexivity	NonReflexive	NormalMorphForm	DefectOne	DefectTwo	Byt	DefectThree	DefectFour	GTVerb	NotEllipted	VocalForm	NForm	NotControlled	ZeroTypeOfCoordination	Composite_ski	Composite_iko	Composite_sko	NoCompositeness	Composite_o	Composite_e	Composite_usek	Composite_null	Composite_Numeral	Composite_cko	Composite_cki	Composite_ComplexNumeral	Composite_NumeralFull	Composite_NumeralShort	DegreeComparative	DegreePositive	DegreeSuperlative	Adverb_Un_Hyphen	Adverb_With_Hyphen	DeclensionAdjectival	DeclensionNominal	DeclensionMixed	Indeclinable	Comp_Suffixoid	Un_Comp_Suf	Comp_Suffixoid_Num_OJ	Comp_Suffixoid_Num_YJ	Comp_Suffixoid_Num_IJ	Comp_Suffixoid_Num_J	Comp_PunctuatorPost	Comp_PunctuatorPref	Comp_PunctuatorPostSeparable	Comp_PunctuatorPrefSeparable	Comp_Prefixoid	Comp_Suffixoid_Num_PercentYJ	Comp_Noun	Comp_Suffixoid_Chem	Comp_Adj	Comp_SuffixoidAbbr	MonoAspectual	FullSynthComparison	NoSynthComparative	NoSynthSuperlative	OnlySuperlative	MOne	MTwo	MThree	NormalClassifyingCapitalization	Present	Verb	ZeroDoubleConjunct	NotCommonChild	Accusative	Dative	Genitive	Instrumental	Locative	Nominative	Partitive	Prepositional	DativeSpecial	ZeroCase	Vocative	RCDemonstrative	RCAttributive	RCPossessive	RCIndefinite	RCPersonal	RCInterrogative	RCNegative	RCReflexive	RCNoun	NoPlacement	Imperfective	NotDefaultFiller	Feminine	Masculine	Neuter	Common	NoLeftmostPlacement	UnIterat	NoRightmostPlacement	NotLeftConjunct	PersonThird	Active	VerbIntransitive	VerbTransitive	NotRightConjunct	NoSpecialCaseForm	Locative_u	Genitive_u	Plural_consonant	Genitive_Locative_u	GenitivePlural_Zero	NominativePlural_a	SpecialPlual	SpecialVocative	NoContrast	NormalCapitalization	PO_Prefixoid	Rus_Prefixoid	VPOL_Prefixoid	NE_Prefixoid	Eval_Prefixoid	Intern_Prefixoid	Reduced_Prefixoid	InternHy_Prefixoid	Letter_Prefixoid	BEZ_Prefixoid	BES_Prefixoid	BEZer_Prefixoid	V_Prefixoid	InternModEr_Prefixoid	RusHy_Prefixoid	NAI_Prefixoid	POL_Prefixoid	NI_Prefixoid	KOE_Prefixoid	Intern_ReducedPrefixoid	InternMod_Prefixoid	Chem_Prefixoid	ProperNamePrefixoid	Chemical_Possible	ParticipleFullForm	ParticipleShortForm	Singular	FiveAndMore	Three	Four	Two	SevenEight	AdjectiveFullForm	AdjectiveShortForm	AdjectiveShortFlectional	NounProperGeneral	NounProperSurNameFlective	NounProperTown	NounProperName	AdjectiveProper	NounProperPatronymic	NounProperNameDimin	AbbrProperGeneral	NounProperSurNameForeign	NormalNumberParadigm	FullRealization
95	65	помогать	помогать	285507	285505	Animate	Inanimate	NonReflexive	NormalMorphForm	DefectOne	DefectTwo	Byt	DefectThree	DefectFour	GTInfinitive	NotEllipted	VocalForm	NForm	NotControlled	ZeroTypeOfCoordination	Composite_ski	Composite_iko	Composite_sko	NoCompositeness	Composite_o	Composite_e	Composite_usek	Composite_null	Composite_Numeral	Composite_cko	Composite_cki	Composite_ComplexNumeral	Composite_NumeralFull	Composite_NumeralShort	DegreeComparative	DegreePositive	DegreeSuperlative	Adverb_Un_Hyphen	Adverb_With_Hyphen	DeclensionAdjectival	DeclensionNominal	DeclensionMixed	Indeclinable	Comp_Suffixoid	Un_Comp_Suf	Comp_Suffixoid_Num_OJ	Comp_Suffixoid_Num_YJ	Comp_Suffixoid_Num_IJ	Comp_Suffixoid_Num_J	Comp_PunctuatorPost	Comp_PunctuatorPref	Comp_PunctuatorPostSeparable	Comp_PunctuatorPrefSeparable	Comp_Prefixoid	Comp_Suffixoid_Num_PercentYJ	Comp_Noun	Comp_Suffixoid_Chem	Comp_Adj	Comp_SuffixoidAbbr	Paired	FullSynthComparison	NoSynthComparative	NoSynthSuperlative	OnlySuperlative	MOne	MTwo	MThree	NormalClassifyingCapitalization	Future	Past	Present	Verb	ZeroDoubleConjunct	NotCommonChild	Accusative	Dative	Genitive	Instrumental	Locative	Nominative	Partitive	Prepositional	DativeSpecial	ZeroCase	Vocative	RCDemonstrative	RCAttributive	RCPossessive	RCIndefinite	RCPersonal	RCInterrogative	RCNegative	RCReflexive	RCNoun	NoPlacement	Imperfective	NotDefaultFiller	Feminine	Masculine	Neuter	Common	NoLeftmostPlacement	UnIterat	NoRightmostPlacement	NotLeftConjunct	PersonZero	Active	VerbIntransitive	NotRightConjunct	NoSpecialCaseForm	Locative_u	Genitive_u	Plural_consonant	Genitive_Locative_u	GenitivePlural_Zero	NominativePlural_a	SpecialPlual	SpecialVocative	NoContrast	NormalCapitalization	PO_Prefixoid	Rus_Prefixoid	VPOL_Prefixoid	NE_Prefixoid	Eval_Prefixoid	Intern_Prefixoid	Reduced_Prefixoid	InternHy_Prefixoid	Letter_Prefixoid	BEZ_Prefixoid	BES_Prefixoid	BEZer_Prefixoid	V_Prefixoid	InternModEr_Prefixoid	RusHy_Prefixoid	NAI_Prefixoid	POL_Prefixoid	NI_Prefixoid	KOE_Prefixoid	Intern_ReducedPrefixoid	InternMod_Prefixoid	Chem_Prefixoid	ProperNamePrefixoid	Chemical_Possible	ParticipleFullForm	ParticipleShortForm	Plural	Singular	FiveAndMore	Three	Four	Two	SevenEight	AdjectiveFullForm	AdjectiveShortForm	AdjectiveShortFlectional	NounProperGeneral	NounProperSurNameFlective	NounProperTown	NounProperName	AdjectiveProper	NounProperPatronymic	NounProperNameDimin	AbbrProperGeneral	NounProperSurNameForeign	NormalNumberParadigm	FullRealization
95	75	развитию	развитию	285508	285507	Inanimate	Reflexive	FullReflexivity	NonReflexive	ImperfectiveReflexivity	NormalMorphForm	DefectOne	DefectTwo	Byt	DefectThree	DefectFour	GTNoun	NotEllipted	VocalForm	NForm	NotControlled	ZeroTypeOfCoordination	NoCompositeness	DegreeComparative	DegreePositive	DegreeSuperlative	Adverb_Un_Hyphen	Adverb_With_Hyphen	DeclensionNominal	Un_Comp_Suf	BiAspectual	MonoAspectual	Paired	FullSynthComparison	NoSynthComparative	NoSynthSuperlative	OnlySuperlative	MOne	MTwo	MThree	NormalClassifyingCapitalization	Future	Past	Present	Noun	ZeroDoubleConjunct	NotCommonChild	Dative	RCDemonstrative	RCAttributive	RCPossessive	RCIndefinite	RCPersonal	RCInterrogative	RCNegative	RCReflexive	RCNoun	NoPlacement	Imperfective	Perfective	NotDefaultFiller	Neuter	NoLeftmostPlacement	Iterat	UnIterat	NoRightmostPlacement	NotLeftConjunct	PersonFirst	PersonSecond	PersonThird	PersonZero	Active	VoiceSya	Passive	VerbIntransitive	VerbIntransitiveSpecial	VerbTransitive	VerbTransitiveSpecial	NotRightConjunct	NoSpecialCaseForm	NoContrast	NormalCapitalization	PO_Prefixoid	Rus_Prefixoid	VPOL_Prefixoid	NE_Prefixoid	Eval_Prefixoid	Intern_Prefixoid	Reduced_Prefixoid	InternHy_Prefixoid	Letter_Prefixoid	BEZ_Prefixoid	BES_Prefixoid	BEZer_Prefixoid	V_Prefixoid	InternModEr_Prefixoid	RusHy_Prefixoid	NAI_Prefixoid	POL_Prefixoid	NI_Prefixoid	KOE_Prefixoid	Intern_ReducedPrefixoid	InternMod_Prefixoid	Chem_Prefixoid	ProperNamePrefixoid	Chemical_Possible	ParticipleFullForm	ParticipleShortForm	Singular	FiveAndMore	Three	Four	Two	SevenEight	AdjectiveFullForm	AdjectiveShortForm	AdjectiveShortFlectional	NounProperGeneral	NounProperSurNameFlective	NounProperTown	NounProperName	AdjectiveProper	NounProperPatronymic	NounProperNameDimin	AbbrProperGeneral	NounProperSurNameForeign	NormalNumberParadigm	FullRealization
95	84	самоуправления	самоуправления	285509	285508	Inanimate	Reflexive	FullReflexivity	NonReflexive	ImperfectiveReflexivity	NormalMorphForm	DefectOne	DefectTwo	Byt	DefectThree	DefectFour	GTNoun	NotEllipted	VocalForm	NForm	NotControlled	ZeroTypeOfCoordination	NoCompositeness	DegreeComparative	DegreePositive	DegreeSuperlative	Adverb_Un_Hyphen	Adverb_With_Hyphen	DeclensionNominal	Un_Comp_Suf	BiAspectual	MonoAspectual	Paired	FullSynthComparison	NoSynthComparative	NoSynthSuperlative	OnlySuperlative	MOne	MTwo	MThree	NormalClassifyingCapitalization	Future	Past	Present	Noun	ZeroDoubleConjunct	NotCommonChild	Accusative	Genitive	Nominative	Partitive	RCDemonstrative	RCAttributive	RCPossessive	RCIndefinite	RCPersonal	RCInterrogative	RCNegative	RCReflexive	RCNoun	NoPlacement	Imperfective	Perfective	NotDefaultFiller	Neuter	NoLeftmostPlacement	Iterat	UnIterat	NoRightmostPlacement	NotLeftConjunct	PersonFirst	PersonSecond	PersonThird	PersonZero	Active	VoiceSya	Passive	VerbIntransitive	VerbIntransitiveSpecial	VerbTransitive	VerbTransitiveSpecial	NotRightConjunct	NoSpecialCaseForm	NoContrast	NormalCapitalization	PO_Prefixoid	Rus_Prefixoid	VPOL_Prefixoid	NE_Prefixoid	Eval_Prefixoid	Intern_Prefixoid	Reduced_Prefixoid	InternHy_Prefixoid	Letter_Prefixoid	BEZ_Prefixoid	BES_Prefixoid	BEZer_Prefixoid	V_Prefixoid	InternModEr_Prefixoid	RusHy_Prefixoid	NAI_Prefixoid	POL_Prefixoid	NI_Prefixoid	KOE_Prefixoid	Intern_ReducedPrefixoid	InternMod_Prefixoid	Chem_Prefixoid	ProperNamePrefixoid	Chemical_Possible	ParticipleFullForm	ParticipleShortForm	Plural	Singular	FiveAndMore	Three	Four	Two	SevenEight	AdjectiveFullForm	AdjectiveShortForm	AdjectiveShortFlectional	NounProperGeneral	NounProperSurNameFlective	NounProperTown	NounProperName	AdjectiveProper	NounProperPatronymic	NounProperNameDimin	AbbrProperGeneral	NounProperSurNameForeign	NormalNumberParadigm	FullRealization
95	99	само	само	285512	285511	Animate	Inanimate	Animate	Inanimate	Reflexive	FullReflexivity	NonReflexive	ImperfectiveReflexivity	Reflexive	FullReflexivity	NonReflexive	ImperfectiveReflexivity	NormalMorphForm	NormalMorphForm	DefectOne	DefectTwo	Byt	DefectThree	DefectFour	DefectOne	DefectTwo	Byt	DefectThree	DefectFour	GTAdjective	GTInvariable	NotEllipted	NotEllipted	VocalForm	NForm	VocalForm	NForm	NotControlled	NotControlled	ZeroTypeOfCoordination	ZeroTypeOfCoordination	NoCompositeness	Composite_ski	Composite_iko	Composite_sko	NoCompositeness	Composite_o	Composite_e	Composite_usek	Composite_null	Composite_Numeral	Composite_cko	Composite_cki	Composite_ComplexNumeral	Composite_NumeralFull	Composite_NumeralShort	DegreePositive	DegreeComparative	DegreePositive	DegreeSuperlative	Adverb_Un_Hyphen	Adverb_With_Hyphen	Adverb_Un_Hyphen	Adverb_With_Hyphen	DeclensionAdjectival	DeclensionNominal	DeclensionMixed	Indeclinable	DeclensionAdjectival	DeclensionNominal	DeclensionMixed	Indeclinable	Un_Comp_Suf	Un_Comp_Suf	BiAspectual	MonoAspectual	Paired	BiAspectual	MonoAspectual	Paired	NoSynthComparative	FullSynthComparison	NoSynthComparative	NoSynthSuperlative	OnlySuperlative	MOne	MTwo	MThree	MOne	MTwo	MThree	NormalClassifyingCapitalization	NormalClassifyingCapitalization	Future	Past	Present	Future	Past	Present	Adjective	Prefixoid	ZeroDoubleConjunct	ZeroDoubleConjunct	NotCommonChild	NotCommonChild	Accusative	Genitive	Locative	Partitive	Prepositional	Accusative	Dative	Genitive	Instrumental	Locative	Nominative	Partitive	Prepositional	DativeSpecial	ZeroCase	Vocative	RCDemonstrative	RCAttributive	RCPossessive	RCIndefinite	RCPersonal	RCInterrogative	RCNegative	RCReflexive	RCNoun	RCDemonstrative	RCAttributive	RCPossessive	RCIndefinite	RCPersonal	RCInterrogative	RCNegative	RCReflexive	RCNoun	NoPlacement	NoPlacement	Imperfective	Perfective	Imperfective	Perfective	NotDefaultFiller	NotDefaultFiller	Feminine	Masculine	Neuter	Common	Feminine	Masculine	Neuter	Common	NoLeftmostPlacement	NoLeftmostPlacement	Iterat	UnIterat	Iterat	UnIterat	NoRightmostPlacement	NoRightmostPlacement	NotLeftConjunct	NotLeftConjunct	PersonFirst	PersonSecond	PersonThird	PersonZero	PersonFirst	PersonSecond	PersonThird	PersonZero	Active	VoiceSya	Passive	Active	VoiceSya	Passive	VerbIntransitive	VerbIntransitiveSpecial	VerbTransitive	VerbTransitiveSpecial	VerbIntransitive	VerbIntransitiveSpecial	VerbTransitive	VerbTransitiveSpecial	NotRightConjunct	NotRightConjunct	NoSpecialCaseForm	Locative_u	Genitive_u	Plural_consonant	Genitive_Locative_u	GenitivePlural_Zero	NominativePlural_a	SpecialPlual	SpecialVocative	NoSpecialCaseForm	Locative_u	Genitive_u	Plural_consonant	Genitive_Locative_u	GenitivePlural_Zero	NominativePlural_a	SpecialPlual	SpecialVocative	NoContrast	NoContrast	NormalCapitalization	NormalCapitalization	PO_Prefixoid	Rus_Prefixoid	VPOL_Prefixoid	NE_Prefixoid	Eval_Prefixoid	Intern_Prefixoid	Reduced_Prefixoid	InternHy_Prefixoid	Letter_Prefixoid	BEZ_Prefixoid	BES_Prefixoid	BEZer_Prefixoid	V_Prefixoid	InternModEr_Prefixoid	RusHy_Prefixoid	NAI_Prefixoid	POL_Prefixoid	NI_Prefixoid	KOE_Prefixoid	Intern_ReducedPrefixoid	InternMod_Prefixoid	Chem_Prefixoid	ProperNamePrefixoid	Chemical_Possible	Rus_Prefixoid	ParticipleFullForm	ParticipleShortForm	ParticipleFullForm	ParticipleShortForm	Plural	Plural	Singular	FiveAndMore	Three	Four	Two	SevenEight	FiveAndMore	Three	Four	Two	SevenEight	AdjectiveFullForm	AdjectiveFullForm	AdjectiveShortForm	AdjectiveShortFlectional	NounProperGeneral	NounProperSurNameFlective	NounProperTown	NounProperName	AdjectiveProper	NounProperPatronymic	NounProperNameDimin	AbbrProperGeneral	NounProperSurNameForeign	NounProperGeneral	NounProperSurNameFlective	NounProperTown	NounProperName	AdjectiveProper	NounProperPatronymic	NounProperNameDimin	AbbrProperGeneral	NounProperSurNameForeign	NormalNumberParadigm	NormalNumberParadigm	FullRealization	FullRealization
95	103	управляемых	управляемых	285511	285510	Animate	Inanimate	Animate	Inanimate	FullReflexivity	Reflexive	FullReflexivity	NonReflexive	ImperfectiveReflexivity	NormalMorphForm	NormalMorphForm	DefectOne	DefectTwo	Byt	DefectThree	DefectFour	DefectOne	DefectTwo	Byt	DefectThree	DefectFour	GTParticiple	GTAdjective	NotEllipted	NotEllipted	VocalForm	NForm	VocalForm	NForm	NotControlled	NotControlled	ZeroTypeOfCoordination	ZeroTypeOfCoordination	Composite_ski	Composite_iko	Composite_sko	NoCompositeness	Composite_o	Composite_e	Composite_usek	Composite_null	Composite_Numeral	Composite_cko	Composite_cki	Composite_ComplexNumeral	Composite_NumeralFull	Composite_NumeralShort	NoCompositeness	DegreeComparative	DegreePositive	DegreeSuperlative	DegreePositive	Adverb_Un_Hyphen	Adverb_With_Hyphen	Adverb_Un_Hyphen	Adverb_With_Hyphen	DeclensionAdjectival	DeclensionNominal	DeclensionMixed	Indeclinable	DeclensionAdjectival	DeclensionNominal	DeclensionMixed	Indeclinable	Comp_Suffixoid	Un_Comp_Suf	Comp_Suffixoid_Num_OJ	Comp_Suffixoid_Num_YJ	Comp_Suffixoid_Num_IJ	Comp_Suffixoid_Num_J	Comp_PunctuatorPost	Comp_PunctuatorPref	Comp_PunctuatorPostSeparable	Comp_PunctuatorPrefSeparable	Comp_Prefixoid	Comp_Suffixoid_Num_PercentYJ	Comp_Noun	Comp_Suffixoid_Chem	Comp_Adj	Comp_SuffixoidAbbr	Un_Comp_Suf	MonoAspectual	BiAspectual	MonoAspectual	Paired	FullSynthComparison	NoSynthComparative	NoSynthSuperlative	OnlySuperlative	NoSynthSuperlative	MOne	MTwo	MThree	MOne	MTwo	MThree	NormalClassifyingCapitalization	NormalClassifyingCapitalization	Present	Future	Past	Present	Verb	Adjective	ZeroDoubleConjunct	ZeroDoubleConjunct	NotCommonChild	NotCommonChild	Accusative	Genitive	Locative	Partitive	Prepositional	Accusative	Genitive	Locative	Partitive	Prepositional	RCDemonstrative	RCAttributive	RCPossessive	RCIndefinite	RCPersonal	RCInterrogative	RCNegative	RCReflexive	RCNoun	RCDemonstrative	RCAttributive	RCPossessive	RCIndefinite	RCPersonal	RCInterrogative	RCNegative	RCReflexive	RCNoun	NoPlacement	NoPlacement	Imperfective	Imperfective	Perfective	NotDefaultFiller	NotDefaultFiller	Feminine	Masculine	Neuter	Common	Feminine	Masculine	Neuter	Common	NoLeftmostPlacement	NoLeftmostPlacement	UnIterat	Iterat	UnIterat	NoRightmostPlacement	NoRightmostPlacement	NotLeftConjunct	NotLeftConjunct	PersonFirst	PersonSecond	PersonThird	PersonZero	PersonFirst	PersonSecond	PersonThird	PersonZero	Passive	Active	VoiceSya	Passive	VerbTransitive	VerbIntransitive	VerbIntransitiveSpecial	VerbTransitive	VerbTransitiveSpecial	NotRightConjunct	NotRightConjunct	NoSpecialCaseForm	Locative_u	Genitive_u	Plural_consonant	Genitive_Locative_u	GenitivePlural_Zero	NominativePlural_a	SpecialPlual	SpecialVocative	NoSpecialCaseForm	Locative_u	Genitive_u	Plural_consonant	Genitive_Locative_u	GenitivePlural_Zero	NominativePlural_a	SpecialPlual	SpecialVocative	NoContrast	NoContrast	NormalCapitalization	NormalCapitalization	PO_Prefixoid	Rus_Prefixoid	VPOL_Prefixoid	NE_Prefixoid	Eval_Prefixoid	Intern_Prefixoid	Reduced_Prefixoid	InternHy_Prefixoid	Letter_Prefixoid	BEZ_Prefixoid	BES_Prefixoid	BEZer_Prefixoid	V_Prefixoid	InternModEr_Prefixoid	RusHy_Prefixoid	NAI_Prefixoid	POL_Prefixoid	NI_Prefixoid	KOE_Prefixoid	Intern_ReducedPrefixoid	InternMod_Prefixoid	Chem_Prefixoid	ProperNamePrefixoid	Chemical_Possible	PO_Prefixoid	Rus_Prefixoid	VPOL_Prefixoid	NE_Prefixoid	Eval_Prefixoid	Intern_Prefixoid	Reduced_Prefixoid	InternHy_Prefixoid	Letter_Prefixoid	BEZ_Prefixoid	BES_Prefixoid	BEZer_Prefixoid	V_Prefixoid	InternModEr_Prefixoid	RusHy_Prefixoid	NAI_Prefixoid	POL_Prefixoid	NI_Prefixoid	KOE_Prefixoid	Intern_ReducedPrefixoid	InternMod_Prefixoid	Chem_Prefixoid	ProperNamePrefixoid	Chemical_Possible	ParticipleFullForm	ParticipleFullForm	ParticipleShortForm	Plural	Plural	FiveAndMore	Three	Four	Two	SevenEight	FiveAndMore	Three	Four	Two	SevenEight	AdjectiveFullForm	AdjectiveShortForm	AdjectiveShortFlectional	AdjectiveFullForm	NounProperGeneral	NounProperSurNameFlective	NounProperTown	NounProperName	AdjectiveProper	NounProperPatronymic	NounProperNameDimin	AbbrProperGeneral	NounProperSurNameForeign	NounProperGeneral	NounProperSurNameFlective	NounProperTown	NounProperName	AdjectiveProper	NounProperPatronymic	NounProperNameDimin	AbbrProperGeneral	NounProperSurNameForeign	NormalNumberParadigm	NormalNumberParadigm	FullRealization	FullRealization
95	115	медицинских	медицинских	285514	285510	Animate	Inanimate	Reflexive	FullReflexivity	NonReflexive	ImperfectiveReflexivity	NormalMorphForm	DefectOne	DefectTwo	Byt	DefectThree	DefectFour	GTAdjectiveAttributive	NotEllipted	VocalForm	NForm	NotControlled	ZeroTypeOfCoordination	NoCompositeness	DegreePositive	Adverb_Un_Hyphen	Adverb_With_Hyphen	DeclensionAdjectival	DeclensionNominal	DeclensionMixed	Indeclinable	Un_Comp_Suf	BiAspectual	MonoAspectual	Paired	NoSynthComparative	MOne	MTwo	MThree	NormalClassifyingCapitalization	Future	Past	Present	Adjective	ZeroDoubleConjunct	NotCommonChild	Accusative	Genitive	Locative	Partitive	Prepositional	RCDemonstrative	RCAttributive	RCPossessive	RCIndefinite	RCPersonal	RCInterrogative	RCNegative	RCReflexive	RCNoun	NoPlacement	Imperfective	Perfective	NotDefaultFiller	Feminine	Masculine	Neuter	Common	NoLeftmostPlacement	Iterat	UnIterat	NoRightmostPlacement	NotLeftConjunct	PersonFirst	PersonSecond	PersonThird	PersonZero	Active	VoiceSya	Passive	VerbIntransitive	VerbIntransitiveSpecial	VerbTransitive	VerbTransitiveSpecial	NotRightConjunct	NoSpecialCaseForm	Locative_u	Genitive_u	Plural_consonant	Genitive_Locative_u	GenitivePlural_Zero	NominativePlural_a	SpecialPlual	SpecialVocative	NoContrast	NormalCapitalization	PO_Prefixoid	Rus_Prefixoid	VPOL_Prefixoid	NE_Prefixoid	Eval_Prefixoid	Intern_Prefixoid	Reduced_Prefixoid	InternHy_Prefixoid	Letter_Prefixoid	BEZ_Prefixoid	BES_Prefixoid	BEZer_Prefixoid	V_Prefixoid	InternModEr_Prefixoid	RusHy_Prefixoid	NAI_Prefixoid	POL_Prefixoid	NI_Prefixoid	KOE_Prefixoid	Intern_ReducedPrefixoid	InternMod_Prefixoid	Chem_Prefixoid	ProperNamePrefixoid	Chemical_Possible	ParticipleFullForm	ParticipleShortForm	Plural	FiveAndMore	Three	Four	Two	SevenEight	AdjectiveFullForm	NounProperGeneral	NounProperSurNameFlective	NounProperTown	NounProperName	AdjectiveProper	NounProperPatronymic	NounProperNameDimin	AbbrProperGeneral	NounProperSurNameForeign	NormalNumberParadigm	FullRealization
95	127	обществ	обществ	285510	285509	Inanimate	Reflexive	FullReflexivity	NonReflexive	ImperfectiveReflexivity	NormalMorphForm	DefectOne	DefectTwo	Byt	DefectThree	DefectFour	GTNoun	NotEllipted	VocalForm	NForm	NotControlled	ZeroTypeOfCoordination	NoCompositeness	DegreeComparative	DegreePositive	DegreeSuperlative	Adverb_Un_Hyphen	Adverb_With_Hyphen	DeclensionNominal	Un_Comp_Suf	BiAspectual	MonoAspectual	Paired	FullSynthComparison	NoSynthComparative	NoSynthSuperlative	OnlySuperlative	MOne	MTwo	MThree	NormalClassifyingCapitalization	Future	Past	Present	Noun	ZeroDoubleConjunct	NotCommonChild	Genitive	Partitive	RCDemonstrative	RCAttributive	RCPossessive	RCIndefinite	RCPersonal	RCInterrogative	RCNegative	RCReflexive	RCNoun	NoPlacement	Imperfective	Perfective	NotDefaultFiller	Neuter	NoLeftmostPlacement	Iterat	UnIterat	NoRightmostPlacement	NotLeftConjunct	PersonFirst	PersonSecond	PersonThird	PersonZero	Active	VoiceSya	Passive	VerbIntransitive	VerbIntransitiveSpecial	VerbTransitive	VerbTransitiveSpecial	NotRightConjunct	NominativePlural_a	NoContrast	NormalCapitalization	PO_Prefixoid	Rus_Prefixoid	VPOL_Prefixoid	NE_Prefixoid	Eval_Prefixoid	Intern_Prefixoid	Reduced_Prefixoid	InternHy_Prefixoid	Letter_Prefixoid	BEZ_Prefixoid	BES_Prefixoid	BEZer_Prefixoid	V_Prefixoid	InternModEr_Prefixoid	RusHy_Prefixoid	NAI_Prefixoid	POL_Prefixoid	NI_Prefixoid	KOE_Prefixoid	Intern_ReducedPrefixoid	InternMod_Prefixoid	Chem_Prefixoid	ProperNamePrefixoid	Chemical_Possible	ParticipleFullForm	ParticipleShortForm	Plural	FiveAndMore	Three	Four	Two	SevenEight	AdjectiveFullForm	AdjectiveShortForm	AdjectiveShortFlectional	NounProperGeneral	NounProperSurNameFlective	NounProperTown	NounProperName	AdjectiveProper	NounProperPatronymic	NounProperNameDimin	AbbrProperGeneral	NounProperSurNameForeign	NormalNumberParadigm	FullRealization
101	-1			285571	285564
101	-1			285572	285564
101	-1			285573	285556
101	0	Отмечалось	Отмечалось	285556	-1	Animate	Inanimate	FullReflexivity	NormalMorphForm	DefectOne	DefectTwo	Byt	DefectThree	DefectFour	GTVerb	NotEllipted	VocalForm	NForm	NotControlled	ZeroTypeOfCoordination	Composite_ski	Composite_iko	Composite_sko	NoCompositeness	Composite_o	Composite_e	Composite_usek	Composite_null	Composite_Numeral	Composite_cko	Composite_cki	Composite_ComplexNumeral	Composite_NumeralFull	Composite_NumeralShort	DegreeComparative	DegreePositive	DegreeSuperlative	Adverb_Un_Hyphen	Adverb_With_Hyphen	DeclensionAdjectival	DeclensionNominal	DeclensionMixed	Indeclinable	Comp_Suffixoid	Un_Comp_Suf	Comp_Suffixoid_Num_OJ	Comp_Suffixoid_Num_YJ	Comp_Suffixoid_Num_IJ	Comp_Suffixoid_Num_J	Comp_PunctuatorPost	Comp_PunctuatorPref	Comp_PunctuatorPostSeparable	Comp_PunctuatorPrefSeparable	Comp_Prefixoid	Comp_Suffixoid_Num_PercentYJ	Comp_Noun	Comp_Suffixoid_Chem	Comp_Adj	Comp_SuffixoidAbbr	Paired	FullSynthComparison	NoSynthComparative	NoSynthSuperlative	OnlySuperlative	MOne	MTwo	MThree	NormalClassifyingCapitalization	Past	Verb	ZeroDoubleConjunct	NotCommonChild	Accusative	Dative	Genitive	Instrumental	Locative	Nominative	Partitive	Prepositional	DativeSpecial	ZeroCase	Vocative	RCDemonstrative	RCAttributive	RCPossessive	RCIndefinite	RCPersonal	RCInterrogative	RCNegative	RCReflexive	RCNoun	NoPlacement	Imperfective	NotDefaultFiller	Neuter	NoLeftmostPlacement	UnIterat	NoRightmostPlacement	NotLeftConjunct	PersonFirst	PersonSecond	PersonThird	PersonZero	VoiceSya	VerbTransitive	NotRightConjunct	NoSpecialCaseForm	Locative_u	Genitive_u	Plural_consonant	Genitive_Locative_u	GenitivePlural_Zero	NominativePlural_a	SpecialPlual	SpecialVocative	NoContrast	NormalCapitalization	PO_Prefixoid	Rus_Prefixoid	VPOL_Prefixoid	NE_Prefixoid	Eval_Prefixoid	Intern_Prefixoid	Reduced_Prefixoid	InternHy_Prefixoid	Letter_Prefixoid	BEZ_Prefixoid	BES_Prefixoid	BEZer_Prefixoid	V_Prefixoid	InternModEr_Prefixoid	RusHy_Prefixoid	NAI_Prefixoid	POL_Prefixoid	NI_Prefixoid	KOE_Prefixoid	Intern_ReducedPrefixoid	InternMod_Prefixoid	Chem_Prefixoid	ProperNamePrefixoid	Chemical_Possible	ParticipleFullForm	ParticipleShortForm	Singular	FiveAndMore	Three	Four	Two	SevenEight	AdjectiveFullForm	AdjectiveShortForm	AdjectiveShortFlectional	NounProperGeneral	NounProperSurNameFlective	NounProperTown	NounProperName	AdjectiveProper	NounProperPatronymic	NounProperNameDimin	AbbrProperGeneral	NounProperSurNameForeign	NormalNumberParadigm	FullRealization
101	12	что	что	285558	285557	Animate	Inanimate	Inanimate	Reflexive	FullReflexivity	NonReflexive	ImperfectiveReflexivity	Reflexive	FullReflexivity	NonReflexive	ImperfectiveReflexivity	NormalMorphForm	NormalMorphForm	NormalMorphForm	NormalMorphForm	DefectOne	DefectTwo	Byt	DefectThree	DefectFour	DefectOne	DefectTwo	Byt	DefectThree	DefectFour	GTInvariable	GTNoun	NotEllipted	NotEllipted	NotEllipted	NotEllipted	VocalForm	NForm	VocalForm	NForm	NotControlled	NotControlled	NotControlled	NotControlled	ZeroTypeOfCoordination	ZeroTypeOfCoordination	ZeroTypeOfCoordination	ZeroTypeOfCoordination	Composite_ski	Composite_iko	Composite_sko	NoCompositeness	Composite_o	Composite_e	Composite_usek	Composite_null	Composite_Numeral	Composite_cko	Composite_cki	Composite_ComplexNumeral	Composite_NumeralFull	Composite_NumeralShort	Composite_ski	Composite_iko	Composite_sko	NoCompositeness	Composite_o	Composite_e	Composite_usek	Composite_null	Composite_Numeral	Composite_cko	Composite_cki	Composite_ComplexNumeral	Composite_NumeralFull	Composite_NumeralShort	DegreeComparative	DegreePositive	DegreeSuperlative	DegreeComparative	DegreePositive	DegreeSuperlative	Adverb_Un_Hyphen	Adverb_With_Hyphen	Adverb_Un_Hyphen	Adverb_With_Hyphen	DeclensionAdjectival	DeclensionNominal	DeclensionMixed	Indeclinable	DeclensionAdjectival	DeclensionNominal	DeclensionMixed	Indeclinable	Comp_Suffixoid	Un_Comp_Suf	Comp_Suffixoid_Num_OJ	Comp_Suffixoid_Num_YJ	Comp_Suffixoid_Num_IJ	Comp_Suffixoid_Num_J	Comp_PunctuatorPost	Comp_PunctuatorPref	Comp_PunctuatorPostSeparable	Comp_PunctuatorPrefSeparable	Comp_Prefixoid	Comp_Suffixoid_Num_PercentYJ	Comp_Noun	Comp_Suffixoid_Chem	Comp_Adj	Comp_SuffixoidAbbr	Comp_Suffixoid	Un_Comp_Suf	Comp_Suffixoid_Num_OJ	Comp_Suffixoid_Num_YJ	Comp_Suffixoid_Num_IJ	Comp_Suffixoid_Num_J	Comp_PunctuatorPost	Comp_PunctuatorPref	Comp_PunctuatorPostSeparable	Comp_PunctuatorPrefSeparable	Comp_Prefixoid	Comp_Suffixoid_Num_PercentYJ	Comp_Noun	Comp_Suffixoid_Chem	Comp_Adj	Comp_SuffixoidAbbr	BiAspectual	MonoAspectual	Paired	BiAspectual	MonoAspectual	Paired	FullSynthComparison	NoSynthComparative	NoSynthSuperlative	OnlySuperlative	FullSynthComparison	NoSynthComparative	NoSynthSuperlative	OnlySuperlative	MOne	MTwo	MThree	MOne	MTwo	MThree	NormalClassifyingCapitalization	NormalClassifyingCapitalization	NormalClassifyingCapitalization	NormalClassifyingCapitalization	Future	Past	Present	Future	Past	Present	Conjunction	Pronoun	ZeroDoubleConjunct	ZeroDoubleConjunct	ZeroDoubleConjunct	ZeroDoubleConjunct	NotCommonChild	NotCommonChild	NotCommonChild	NotCommonChild	Accusative	Dative	Genitive	Instrumental	Locative	Nominative	Partitive	Prepositional	DativeSpecial	ZeroCase	Vocative	Accusative	Nominative	RCDemonstrative	RCAttributive	RCPossessive	RCIndefinite	RCPersonal	RCInterrogative	RCNegative	RCReflexive	RCNoun	RCInterrogative	NoPlacement	NoPlacement	NoPlacement	NoPlacement	Imperfective	Perfective	Imperfective	Perfective	NotDefaultFiller	NotDefaultFiller	NotDefaultFiller	NotDefaultFiller	Feminine	Masculine	Neuter	Common	Neuter	NoLeftmostPlacement	NoLeftmostPlacement	NoLeftmostPlacement	NoLeftmostPlacement	Iterat	UnIterat	Iterat	UnIterat	NoRightmostPlacement	NoRightmostPlacement	NoRightmostPlacement	NoRightmostPlacement	NotLeftConjunct	NotLeftConjunct	NotLeftConjunct	NotLeftConjunct	PersonFirst	PersonSecond	PersonThird	PersonZero	PersonFirst	PersonSecond	PersonThird	PersonZero	Active	VoiceSya	Passive	Active	VoiceSya	Passive	VerbIntransitive	VerbIntransitiveSpecial	VerbTransitive	VerbTransitiveSpecial	VerbIntransitive	VerbIntransitiveSpecial	VerbTransitive	VerbTransitiveSpecial	NotRightConjunct	NotRightConjunct	NotRightConjunct	NotRightConjunct	NoSpecialCaseForm	Locative_u	Genitive_u	Plural_consonant	Genitive_Locative_u	GenitivePlural_Zero	NominativePlural_a	SpecialPlual	SpecialVocative	NoSpecialCaseForm	Locative_u	Genitive_u	Plural_consonant	Genitive_Locative_u	GenitivePlural_Zero	NominativePlural_a	SpecialPlual	SpecialVocative	NoContrast	NoContrast	NoContrast	NoContrast	NormalCapitalization	NormalCapitalization	NormalCapitalization	NormalCapitalization	PO_Prefixoid	Rus_Prefixoid	VPOL_Prefixoid	NE_Prefixoid	Eval_Prefixoid	Intern_Prefixoid	Reduced_Prefixoid	InternHy_Prefixoid	Letter_Prefixoid	BEZ_Prefixoid	BES_Prefixoid	BEZer_Prefixoid	V_Prefixoid	InternModEr_Prefixoid	RusHy_Prefixoid	NAI_Prefixoid	POL_Prefixoid	NI_Prefixoid	KOE_Prefixoid	Intern_ReducedPrefixoid	InternMod_Prefixoid	Chem_Prefixoid	ProperNamePrefixoid	Chemical_Possible	PO_Prefixoid	Rus_Prefixoid	VPOL_Prefixoid	NE_Prefixoid	Eval_Prefixoid	Intern_Prefixoid	Reduced_Prefixoid	InternHy_Prefixoid	Letter_Prefixoid	BEZ_Prefixoid	BES_Prefixoid	BEZer_Prefixoid	V_Prefixoid	InternModEr_Prefixoid	RusHy_Prefixoid	NAI_Prefixoid	POL_Prefixoid	NI_Prefixoid	KOE_Prefixoid	Intern_ReducedPrefixoid	InternMod_Prefixoid	Chem_Prefixoid	ProperNamePrefixoid	Chemical_Possible	ParticipleFullForm	ParticipleShortForm	ParticipleFullForm	ParticipleShortForm	Plural	Singular	Singular	FiveAndMore	Three	Four	Two	SevenEight	FiveAndMore	Three	Four	Two	SevenEight	AdjectiveFullForm	AdjectiveShortForm	AdjectiveShortFlectional	AdjectiveFullForm	AdjectiveShortForm	AdjectiveShortFlectional	NounProperGeneral	NounProperSurNameFlective	NounProperTown	NounProperName	AdjectiveProper	NounProperPatronymic	NounProperNameDimin	AbbrProperGeneral	NounProperSurNameForeign	NounProperGeneral	NounProperSurNameFlective	NounProperTown	NounProperName	AdjectiveProper	NounProperPatronymic	NounProperNameDimin	AbbrProperGeneral	NounProperSurNameForeign	NormalNumberParadigm	NormalNumberParadigm	NormalNumberParadigm	NormalNumberParadigm	FullRealization	FullRealization	FullRealization	FullRealization
101	16	она	она	285559	285557	Animate	Inanimate	Reflexive	FullReflexivity	NonReflexive	ImperfectiveReflexivity	NormalMorphForm	DefectOne	DefectTwo	Byt	DefectThree	DefectFour	GTNoun	NotEllipted	VocalForm	NForm	NotControlled	ZeroTypeOfCoordination	Composite_ski	Composite_iko	Composite_sko	NoCompositeness	Composite_o	Composite_e	Composite_usek	Composite_null	Composite_Numeral	Composite_cko	Composite_cki	Composite_ComplexNumeral	Composite_NumeralFull	Composite_NumeralShort	DegreeComparative	DegreePositive	DegreeSuperlative	Adverb_Un_Hyphen	Adverb_With_Hyphen	DeclensionAdjectival	DeclensionNominal	DeclensionMixed	Indeclinable	Comp_Suffixoid	Un_Comp_Suf	Comp_Suffixoid_Num_OJ	Comp_Suffixoid_Num_YJ	Comp_Suffixoid_Num_IJ	Comp_Suffixoid_Num_J	Comp_PunctuatorPost	Comp_PunctuatorPref	Comp_PunctuatorPostSeparable	Comp_PunctuatorPrefSeparable	Comp_Prefixoid	Comp_Suffixoid_Num_PercentYJ	Comp_Noun	Comp_Suffixoid_Chem	Comp_Adj	Comp_SuffixoidAbbr	BiAspectual	MonoAspectual	Paired	FullSynthComparison	NoSynthComparative	NoSynthSuperlative	OnlySuperlative	MOne	MTwo	MThree	NormalClassifyingCapitalization	Future	Past	Present	Pronoun	ZeroDoubleConjunct	NotCommonChild	Nominative	RCPersonal	NoPlacement	Imperfective	Perfective	NotDefaultFiller	Feminine	NoLeftmostPlacement	Iterat	UnIterat	NoRightmostPlacement	NotLeftConjunct	PersonThird	Active	VoiceSya	Passive	VerbIntransitive	VerbIntransitiveSpecial	VerbTransitive	VerbTransitiveSpecial	NotRightConjunct	NoSpecialCaseForm	Locative_u	Genitive_u	Plural_consonant	Genitive_Locative_u	GenitivePlural_Zero	NominativePlural_a	SpecialPlual	SpecialVocative	NoContrast	NormalCapitalization	PO_Prefixoid	Rus_Prefixoid	VPOL_Prefixoid	NE_Prefixoid	Eval_Prefixoid	Intern_Prefixoid	Reduced_Prefixoid	InternHy_Prefixoid	Letter_Prefixoid	BEZ_Prefixoid	BES_Prefixoid	BEZer_Prefixoid	V_Prefixoid	InternModEr_Prefixoid	RusHy_Prefixoid	NAI_Prefixoid	POL_Prefixoid	NI_Prefixoid	KOE_Prefixoid	Intern_ReducedPrefixoid	InternMod_Prefixoid	Chem_Prefixoid	ProperNamePrefixoid	Chemical_Possible	ParticipleFullForm	ParticipleShortForm	Singular	FiveAndMore	Three	Four	Two	SevenEight	AdjectiveFullForm	AdjectiveShortForm	AdjectiveShortFlectional	NounProperGeneral	NounProperSurNameFlective	NounProperTown	NounProperName	AdjectiveProper	NounProperPatronymic	NounProperNameDimin	AbbrProperGeneral	NounProperSurNameForeign	NormalNumberParadigm	FullRealization
101	20	ведет	ведет	285557	285556	Animate	Inanimate	FullReflexivity	NormalMorphForm	DefectOne	DefectTwo	Byt	DefectThree	DefectFour	GTVerb	NotEllipted	VocalForm	NForm	NotControlled	ZeroTypeOfCoordination	Composite_ski	Composite_iko	Composite_sko	NoCompositeness	Composite_o	Composite_e	Composite_usek	Composite_null	Composite_Numeral	Composite_cko	Composite_cki	Composite_ComplexNumeral	Composite_NumeralFull	Composite_NumeralShort	DegreeComparative	DegreePositive	DegreeSuperlative	Adverb_Un_Hyphen	Adverb_With_Hyphen	DeclensionAdjectival	DeclensionNominal	DeclensionMixed	Indeclinable	Comp_Suffixoid	Un_Comp_Suf	Comp_Suffixoid_Num_OJ	Comp_Suffixoid_Num_YJ	Comp_Suffixoid_Num_IJ	Comp_Suffixoid_Num_J	Comp_PunctuatorPost	Comp_PunctuatorPref	Comp_PunctuatorPostSeparable	Comp_PunctuatorPrefSeparable	Comp_Prefixoid	Comp_Suffixoid_Num_PercentYJ	Comp_Noun	Comp_Suffixoid_Chem	Comp_Adj	Comp_SuffixoidAbbr	MonoAspectual	FullSynthComparison	NoSynthComparative	NoSynthSuperlative	OnlySuperlative	MOne	MTwo	MThree	NormalClassifyingCapitalization	Present	Verb	ZeroDoubleConjunct	NotCommonChild	Accusative	Dative	Genitive	Instrumental	Locative	Nominative	Partitive	Prepositional	DativeSpecial	ZeroCase	Vocative	RCDemonstrative	RCAttributive	RCPossessive	RCIndefinite	RCPersonal	RCInterrogative	RCNegative	RCReflexive	RCNoun	NoPlacement	Imperfective	NotDefaultFiller	Feminine	Masculine	Neuter	Common	NoLeftmostPlacement	UnIterat	NoRightmostPlacement	NotLeftConjunct	PersonThird	Active	VerbTransitive	NotRightConjunct	NoSpecialCaseForm	Locative_u	Genitive_u	Plural_consonant	Genitive_Locative_u	GenitivePlural_Zero	NominativePlural_a	SpecialPlual	SpecialVocative	NoContrast	NormalCapitalization	PO_Prefixoid	Rus_Prefixoid	VPOL_Prefixoid	NE_Prefixoid	Eval_Prefixoid	Intern_Prefixoid	Reduced_Prefixoid	InternHy_Prefixoid	Letter_Prefixoid	BEZ_Prefixoid	BES_Prefixoid	BEZer_Prefixoid	V_Prefixoid	InternModEr_Prefixoid	RusHy_Prefixoid	NAI_Prefixoid	POL_Prefixoid	NI_Prefixoid	KOE_Prefixoid	Intern_ReducedPrefixoid	InternMod_Prefixoid	Chem_Prefixoid	ProperNamePrefixoid	Chemical_Possible	ParticipleFullForm	ParticipleShortForm	Singular	FiveAndMore	Three	Four	Two	SevenEight	AdjectiveFullForm	AdjectiveShortForm	AdjectiveShortFlectional	NounProperGeneral	NounProperSurNameFlective	NounProperTown	NounProperName	AdjectiveProper	NounProperPatronymic	NounProperNameDimin	AbbrProperGeneral	NounProperSurNameForeign	NormalNumberParadigm	FullRealization
101	26	активную	активную	285561	285560	Animate	Inanimate	Reflexive	FullReflexivity	NonReflexive	ImperfectiveReflexivity	NormalMorphForm	DefectOne	DefectTwo	Byt	DefectThree	DefectFour	GTAdjective	NotEllipted	VocalForm	NForm	NotControlled	ZeroTypeOfCoordination	NoCompositeness	DegreePositive	Adverb_Un_Hyphen	Adverb_With_Hyphen	DeclensionAdjectival	DeclensionNominal	DeclensionMixed	Indeclinable	Un_Comp_Suf	BiAspectual	MonoAspectual	Paired	FullSynthComparison	MOne	MTwo	MThree	NormalClassifyingCapitalization	Future	Past	Present	Adjective	ZeroDoubleConjunct	NotCommonChild	Accusative	RCDemonstrative	RCAttributive	RCPossessive	RCIndefinite	RCPersonal	RCInterrogative	RCNegative	RCReflexive	RCNoun	NoPlacement	Imperfective	Perfective	NotDefaultFiller	Feminine	NoLeftmostPlacement	Iterat	UnIterat	NoRightmostPlacement	NotLeftConjunct	PersonFirst	PersonSecond	PersonThird	PersonZero	Active	VoiceSya	Passive	VerbIntransitive	VerbIntransitiveSpecial	VerbTransitive	VerbTransitiveSpecial	NotRightConjunct	NoSpecialCaseForm	Locative_u	Genitive_u	Plural_consonant	Genitive_Locative_u	GenitivePlural_Zero	NominativePlural_a	SpecialPlual	SpecialVocative	NoContrast	NormalCapitalization	PO_Prefixoid	Rus_Prefixoid	VPOL_Prefixoid	NE_Prefixoid	Eval_Prefixoid	Intern_Prefixoid	Reduced_Prefixoid	InternHy_Prefixoid	Letter_Prefixoid	BEZ_Prefixoid	BES_Prefixoid	BEZer_Prefixoid	V_Prefixoid	InternModEr_Prefixoid	RusHy_Prefixoid	NAI_Prefixoid	POL_Prefixoid	NI_Prefixoid	KOE_Prefixoid	Intern_ReducedPrefixoid	InternMod_Prefixoid	Chem_Prefixoid	ProperNamePrefixoid	Chemical_Possible	ParticipleFullForm	ParticipleShortForm	Singular	FiveAndMore	Three	Four	Two	SevenEight	AdjectiveFullForm	NounProperGeneral	NounProperSurNameFlective	NounProperTown	NounProperName	AdjectiveProper	NounProperPatronymic	NounProperNameDimin	AbbrProperGeneral	NounProperSurNameForeign	NormalNumberParadigm	FullRealization
101	35	научно	научно	285563	285562	Animate	Inanimate	Animate	Inanimate	Reflexive	FullReflexivity	NonReflexive	ImperfectiveReflexivity	Reflexive	FullReflexivity	NonReflexive	ImperfectiveReflexivity	NormalMorphForm	NormalMorphForm	DefectOne	DefectTwo	Byt	DefectThree	DefectFour	DefectOne	DefectTwo	Byt	DefectThree	DefectFour	GTAdjective	GTAdverb	NotEllipted	NotEllipted	VocalForm	NForm	VocalForm	NForm	NotControlled	NotControlled	ZeroTypeOfCoordination	ZeroTypeOfCoordination	NoCompositeness	Composite_o	Composite_ski	Composite_iko	Composite_sko	NoCompositeness	Composite_o	Composite_e	Composite_usek	Composite_null	Composite_Numeral	Composite_cko	Composite_cki	Composite_ComplexNumeral	Composite_NumeralFull	Composite_NumeralShort	DegreePositive	DegreePositive	Adverb_Un_Hyphen	Adverb_With_Hyphen	Adverb_Un_Hyphen	DeclensionAdjectival	DeclensionNominal	DeclensionMixed	Indeclinable	DeclensionAdjectival	DeclensionNominal	DeclensionMixed	Indeclinable	Un_Comp_Suf	Comp_Suffixoid	Un_Comp_Suf	Comp_Suffixoid_Num_OJ	Comp_Suffixoid_Num_YJ	Comp_Suffixoid_Num_IJ	Comp_Suffixoid_Num_J	Comp_PunctuatorPost	Comp_PunctuatorPref	Comp_PunctuatorPostSeparable	Comp_PunctuatorPrefSeparable	Comp_Prefixoid	Comp_Suffixoid_Num_PercentYJ	Comp_Noun	Comp_Suffixoid_Chem	Comp_Adj	Comp_SuffixoidAbbr	BiAspectual	MonoAspectual	Paired	BiAspectual	MonoAspectual	Paired	FullSynthComparison	NoSynthComparative	MOne	MTwo	MThree	MOne	MTwo	MThree	NormalClassifyingCapitalization	NormalClassifyingCapitalization	Future	Past	Present	Future	Past	Present	Adjective	Adverb	ZeroDoubleConjunct	ZeroDoubleConjunct	NotCommonChild	NotCommonChild	Accusative	Dative	Genitive	Instrumental	Locative	Nominative	Partitive	Prepositional	DativeSpecial	ZeroCase	Vocative	Accusative	Dative	Genitive	Instrumental	Locative	Nominative	Partitive	Prepositional	DativeSpecial	ZeroCase	Vocative	RCDemonstrative	RCAttributive	RCPossessive	RCIndefinite	RCPersonal	RCInterrogative	RCNegative	RCReflexive	RCNoun	RCDemonstrative	RCAttributive	RCPossessive	RCIndefinite	RCPersonal	RCInterrogative	RCNegative	RCReflexive	RCNoun	NoPlacement	NoPlacement	Imperfective	Perfective	Imperfective	Perfective	NotDefaultFiller	NotDefaultFiller	Feminine	Masculine	Neuter	Common	Feminine	Masculine	Neuter	Common	NoLeftmostPlacement	NoLeftmostPlacement	Iterat	UnIterat	Iterat	UnIterat	NoRightmostPlacement	NoRightmostPlacement	NotLeftConjunct	NotLeftConjunct	PersonFirst	PersonSecond	PersonThird	PersonZero	PersonFirst	PersonSecond	PersonThird	PersonZero	Active	VoiceSya	Passive	Active	VoiceSya	Passive	VerbIntransitive	VerbIntransitiveSpecial	VerbTransitive	VerbTransitiveSpecial	VerbIntransitive	VerbIntransitiveSpecial	VerbTransitive	VerbTransitiveSpecial	NotRightConjunct	NotRightConjunct	NoSpecialCaseForm	Locative_u	Genitive_u	Plural_consonant	Genitive_Locative_u	GenitivePlural_Zero	NominativePlural_a	SpecialPlual	SpecialVocative	NoSpecialCaseForm	Locative_u	Genitive_u	Plural_consonant	Genitive_Locative_u	GenitivePlural_Zero	NominativePlural_a	SpecialPlual	SpecialVocative	NoContrast	NoContrast	NormalCapitalization	NormalCapitalization	PO_Prefixoid	Rus_Prefixoid	VPOL_Prefixoid	NE_Prefixoid	Eval_Prefixoid	Intern_Prefixoid	Reduced_Prefixoid	InternHy_Prefixoid	Letter_Prefixoid	BEZ_Prefixoid	BES_Prefixoid	BEZer_Prefixoid	V_Prefixoid	InternModEr_Prefixoid	RusHy_Prefixoid	NAI_Prefixoid	POL_Prefixoid	NI_Prefixoid	KOE_Prefixoid	Intern_ReducedPrefixoid	InternMod_Prefixoid	Chem_Prefixoid	ProperNamePrefixoid	Chemical_Possible	PO_Prefixoid	Rus_Prefixoid	VPOL_Prefixoid	NE_Prefixoid	Eval_Prefixoid	Intern_Prefixoid	Reduced_Prefixoid	InternHy_Prefixoid	Letter_Prefixoid	BEZ_Prefixoid	BES_Prefixoid	BEZer_Prefixoid	V_Prefixoid	InternModEr_Prefixoid	RusHy_Prefixoid	NAI_Prefixoid	POL_Prefixoid	NI_Prefixoid	KOE_Prefixoid	Intern_ReducedPrefixoid	InternMod_Prefixoid	Chem_Prefixoid	ProperNamePrefixoid	Chemical_Possible	ParticipleFullForm	ParticipleShortForm	ParticipleFullForm	ParticipleShortForm	Plural	Singular	Plural	Singular	FiveAndMore	Three	Four	Two	SevenEight	FiveAndMore	Three	Four	Two	SevenEight	AdjectiveFullForm	AdjectiveShortForm	AdjectiveShortFlectional	AdjectiveFullForm	AdjectiveShortForm	AdjectiveShortFlectional	NounProperGeneral	NounProperSurNameFlective	NounProperTown	NounProperName	AdjectiveProper	NounProperPatronymic	NounProperNameDimin	AbbrProperGeneral	NounProperSurNameForeign	NounProperGeneral	NounProperSurNameFlective	NounProperTown	NounProperName	AdjectiveProper	NounProperPatronymic	NounProperNameDimin	AbbrProperGeneral	NounProperSurNameForeign	NormalNumberParadigm	NormalNumberParadigm	FullRealization	FullRealization
101	42	публикаторскую	публикаторскую	285562	285560	Animate	Inanimate	Reflexive	FullReflexivity	NonReflexive	ImperfectiveReflexivity	NormalMorphForm	DefectOne	DefectTwo	Byt	DefectThree	DefectFour	GTAdjectiveAttributive	NotEllipted	VocalForm	NForm	NotControlled	ZeroTypeOfCoordination	NoCompositeness	DegreePositive	Adverb_Un_Hyphen	Adverb_With_Hyphen	DeclensionAdjectival	DeclensionNominal	DeclensionMixed	Indeclinable	Un_Comp_Suf	BiAspectual	MonoAspectual	Paired	NoSynthComparative	MOne	MTwo	MThree	NormalClassifyingCapitalization	Future	Past	Present	Adjective	ZeroDoubleConjunct	NotCommonChild	Accusative	RCDemonstrative	RCAttributive	RCPossessive	RCIndefinite	RCPersonal	RCInterrogative	RCNegative	RCReflexive	RCNoun	NoPlacement	Imperfective	Perfective	NotDefaultFiller	Feminine	NoLeftmostPlacement	Iterat	UnIterat	NoRightmostPlacement	NotLeftConjunct	PersonFirst	PersonSecond	PersonThird	PersonZero	Active	VoiceSya	Passive	VerbIntransitive	VerbIntransitiveSpecial	VerbTransitive	VerbTransitiveSpecial	NotRightConjunct	NoSpecialCaseForm	Locative_u	Genitive_u	Plural_consonant	Genitive_Locative_u	GenitivePlural_Zero	NominativePlural_a	SpecialPlual	SpecialVocative	NoContrast	NormalCapitalization	PO_Prefixoid	Rus_Prefixoid	VPOL_Prefixoid	NE_Prefixoid	Eval_Prefixoid	Intern_Prefixoid	Reduced_Prefixoid	InternHy_Prefixoid	Letter_Prefixoid	BEZ_Prefixoid	BES_Prefixoid	BEZer_Prefixoid	V_Prefixoid	InternModEr_Prefixoid	RusHy_Prefixoid	NAI_Prefixoid	POL_Prefixoid	NI_Prefixoid	KOE_Prefixoid	Intern_ReducedPrefixoid	InternMod_Prefixoid	Chem_Prefixoid	ProperNamePrefixoid	Chemical_Possible	ParticipleFullForm	ParticipleShortForm	Singular	FiveAndMore	Three	Four	Two	SevenEight	AdjectiveFullForm	NounProperGeneral	NounProperSurNameFlective	NounProperTown	NounProperName	AdjectiveProper	NounProperPatronymic	NounProperNameDimin	AbbrProperGeneral	NounProperSurNameForeign	NormalNumberParadigm	FullRealization
101	57	деятельность	деятельность	285560	285557	Inanimate	Reflexive	FullReflexivity	NonReflexive	ImperfectiveReflexivity	NormalMorphForm	DefectOne	DefectTwo	Byt	DefectThree	DefectFour	GTNoun	NotEllipted	VocalForm	NForm	NotControlled	ZeroTypeOfCoordination	NoCompositeness	DegreeComparative	DegreePositive	DegreeSuperlative	Adverb_Un_Hyphen	Adverb_With_Hyphen	DeclensionNominal	Un_Comp_Suf	BiAspectual	MonoAspectual	Paired	FullSynthComparison	NoSynthComparative	NoSynthSuperlative	OnlySuperlative	MOne	MTwo	MThree	NormalClassifyingCapitalization	Future	Past	Present	Noun	ZeroDoubleConjunct	NotCommonChild	Accusative	Nominative	RCDemonstrative	RCAttributive	RCPossessive	RCIndefinite	RCPersonal	RCInterrogative	RCNegative	RCReflexive	RCNoun	NoPlacement	Imperfective	Perfective	NotDefaultFiller	Feminine	NoLeftmostPlacement	Iterat	UnIterat	NoRightmostPlacement	NotLeftConjunct	PersonFirst	PersonSecond	PersonThird	PersonZero	Active	VoiceSya	Passive	VerbIntransitive	VerbIntransitiveSpecial	VerbTransitive	VerbTransitiveSpecial	NotRightConjunct	NoSpecialCaseForm	NoContrast	NormalCapitalization	PO_Prefixoid	Rus_Prefixoid	VPOL_Prefixoid	NE_Prefixoid	Eval_Prefixoid	Intern_Prefixoid	Reduced_Prefixoid	InternHy_Prefixoid	Letter_Prefixoid	BEZ_Prefixoid	BES_Prefixoid	BEZer_Prefixoid	V_Prefixoid	InternModEr_Prefixoid	RusHy_Prefixoid	NAI_Prefixoid	POL_Prefixoid	NI_Prefixoid	KOE_Prefixoid	Intern_ReducedPrefixoid	InternMod_Prefixoid	Chem_Prefixoid	ProperNamePrefixoid	Chemical_Possible	ParticipleFullForm	ParticipleShortForm	Singular	FiveAndMore	Three	Four	Two	SevenEight	AdjectiveFullForm	AdjectiveShortForm	AdjectiveShortFlectional	NounProperGeneral	NounProperSurNameFlective	NounProperTown	NounProperName	AdjectiveProper	NounProperPatronymic	NounProperNameDimin	AbbrProperGeneral	NounProperSurNameForeign	NormalNumberParadigm	FullRealization
101	70	и	и	285565	285564	Animate	Inanimate	Reflexive	FullReflexivity	NonReflexive	ImperfectiveReflexivity	NormalMorphForm	DefectOne	DefectTwo	Byt	DefectThree	DefectFour	GTInvariable	NotEllipted	VocalForm	NForm	NotControlled	ZeroTypeOfCoordination	Composite_ski	Composite_iko	Composite_sko	NoCompositeness	Composite_o	Composite_e	Composite_usek	Composite_null	Composite_Numeral	Composite_cko	Composite_cki	Composite_ComplexNumeral	Composite_NumeralFull	Composite_NumeralShort	DegreeComparative	DegreePositive	DegreeSuperlative	Adverb_Un_Hyphen	Adverb_With_Hyphen	DeclensionAdjectival	DeclensionNominal	DeclensionMixed	Indeclinable	Comp_Suffixoid	Un_Comp_Suf	Comp_Suffixoid_Num_OJ	Comp_Suffixoid_Num_YJ	Comp_Suffixoid_Num_IJ	Comp_Suffixoid_Num_J	Comp_PunctuatorPost	Comp_PunctuatorPref	Comp_PunctuatorPostSeparable	Comp_PunctuatorPrefSeparable	Comp_Prefixoid	Comp_Suffixoid_Num_PercentYJ	Comp_Noun	Comp_Suffixoid_Chem	Comp_Adj	Comp_SuffixoidAbbr	BiAspectual	MonoAspectual	Paired	FullSynthComparison	NoSynthComparative	NoSynthSuperlative	OnlySuperlative	MOne	MTwo	MThree	NormalClassifyingCapitalization	Future	Past	Present	Conjunction	Particle	ZeroDoubleConjunct	NotCommonChild	Accusative	Dative	Genitive	Instrumental	Locative	Nominative	Partitive	Prepositional	DativeSpecial	ZeroCase	Vocative	RCDemonstrative	RCAttributive	RCPossessive	RCIndefinite	RCPersonal	RCInterrogative	RCNegative	RCReflexive	RCNoun	NoPlacement	Imperfective	Perfective	NotDefaultFiller	Feminine	Masculine	Neuter	Common	NoLeftmostPlacement	Iterat	UnIterat	NoRightmostPlacement	NotLeftConjunct	PersonFirst	PersonSecond	PersonThird	PersonZero	Active	VoiceSya	Passive	VerbIntransitive	VerbIntransitiveSpecial	VerbTransitive	VerbTransitiveSpecial	NotRightConjunct	NoSpecialCaseForm	Locative_u	Genitive_u	Plural_consonant	Genitive_Locative_u	GenitivePlural_Zero	NominativePlural_a	SpecialPlual	SpecialVocative	NoContrast	NormalCapitalization	PO_Prefixoid	Rus_Prefixoid	VPOL_Prefixoid	NE_Prefixoid	Eval_Prefixoid	Intern_Prefixoid	Reduced_Prefixoid	InternHy_Prefixoid	Letter_Prefixoid	BEZ_Prefixoid	BES_Prefixoid	BEZer_Prefixoid	V_Prefixoid	InternModEr_Prefixoid	RusHy_Prefixoid	NAI_Prefixoid	POL_Prefixoid	NI_Prefixoid	KOE_Prefixoid	Intern_ReducedPrefixoid	InternMod_Prefixoid	Chem_Prefixoid	ProperNamePrefixoid	Chemical_Possible	ParticipleFullForm	ParticipleShortForm	Plural	Singular	FiveAndMore	Three	Four	Two	SevenEight	AdjectiveFullForm	AdjectiveShortForm	AdjectiveShortFlectional	NounProperGeneral	NounProperSurNameFlective	NounProperTown	NounProperName	AdjectiveProper	NounProperPatronymic	NounProperNameDimin	AbbrProperGeneral	NounProperSurNameForeign	NormalNumberParadigm	FullRealization
101	72	выступила	выступила	285564	285556	Animate	Inanimate	NonReflexive	NormalMorphForm	DefectOne	DefectTwo	Byt	DefectThree	DefectFour	GTVerb	NotEllipted	VocalForm	NForm	NotControlled	ZeroTypeOfCoordination	Composite_ski	Composite_iko	Composite_sko	NoCompositeness	Composite_o	Composite_e	Composite_usek	Composite_null	Composite_Numeral	Composite_cko	Composite_cki	Composite_ComplexNumeral	Composite_NumeralFull	Composite_NumeralShort	DegreeComparative	DegreePositive	DegreeSuperlative	Adverb_Un_Hyphen	Adverb_With_Hyphen	DeclensionAdjectival	DeclensionNominal	DeclensionMixed	Indeclinable	Comp_Suffixoid	Un_Comp_Suf	Comp_Suffixoid_Num_OJ	Comp_Suffixoid_Num_YJ	Comp_Suffixoid_Num_IJ	Comp_Suffixoid_Num_J	Comp_PunctuatorPost	Comp_PunctuatorPref	Comp_PunctuatorPostSeparable	Comp_PunctuatorPrefSeparable	Comp_Prefixoid	Comp_Suffixoid_Num_PercentYJ	Comp_Noun	Comp_Suffixoid_Chem	Comp_Adj	Comp_SuffixoidAbbr	Paired	FullSynthComparison	NoSynthComparative	NoSynthSuperlative	OnlySuperlative	MOne	MTwo	MThree	NormalClassifyingCapitalization	Past	Verb	ZeroDoubleConjunct	NotCommonChild	Accusative	Dative	Genitive	Instrumental	Locative	Nominative	Partitive	Prepositional	DativeSpecial	ZeroCase	Vocative	RCDemonstrative	RCAttributive	RCPossessive	RCIndefinite	RCPersonal	RCInterrogative	RCNegative	RCReflexive	RCNoun	NoPlacement	Perfective	NotDefaultFiller	Feminine	NoLeftmostPlacement	UnIterat	NoRightmostPlacement	NotLeftConjunct	PersonFirst	PersonSecond	PersonThird	PersonZero	Active	VerbIntransitive	NotRightConjunct	NoSpecialCaseForm	Locative_u	Genitive_u	Plural_consonant	Genitive_Locative_u	GenitivePlural_Zero	NominativePlural_a	SpecialPlual	SpecialVocative	NoContrast	NormalCapitalization	PO_Prefixoid	Rus_Prefixoid	VPOL_Prefixoid	NE_Prefixoid	Eval_Prefixoid	Intern_Prefixoid	Reduced_Prefixoid	InternHy_Prefixoid	Letter_Prefixoid	BEZ_Prefixoid	BES_Prefixoid	BEZer_Prefixoid	V_Prefixoid	InternModEr_Prefixoid	RusHy_Prefixoid	NAI_Prefixoid	POL_Prefixoid	NI_Prefixoid	KOE_Prefixoid	Intern_ReducedPrefixoid	InternMod_Prefixoid	Chem_Prefixoid	ProperNamePrefixoid	Chemical_Possible	ParticipleFullForm	ParticipleShortForm	Singular	FiveAndMore	Three	Four	Two	SevenEight	AdjectiveFullForm	AdjectiveShortForm	AdjectiveShortFlectional	NounProperGeneral	NounProperSurNameFlective	NounProperTown	NounProperName	AdjectiveProper	NounProperPatronymic	NounProperNameDimin	AbbrProperGeneral	NounProperSurNameForeign	NormalNumberParadigm	FullRealization
101	82	автором	автором	285566	285564	Animate	Reflexive	FullReflexivity	NonReflexive	ImperfectiveReflexivity	NormalMorphForm	DefectOne	DefectTwo	Byt	DefectThree	DefectFour	GTNoun	NotEllipted	VocalForm	NForm	NotControlled	ZeroTypeOfCoordination	NoCompositeness	DegreeComparative	DegreePositive	DegreeSuperlative	Adverb_Un_Hyphen	Adverb_With_Hyphen	DeclensionNominal	Un_Comp_Suf	BiAspectual	MonoAspectual	Paired	FullSynthComparison	NoSynthComparative	NoSynthSuperlative	OnlySuperlative	MOne	MTwo	MThree	NormalClassifyingCapitalization	Future	Past	Present	Noun	ZeroDoubleConjunct	NotCommonChild	Instrumental	RCDemonstrative	RCAttributive	RCPossessive	RCIndefinite	RCPersonal	RCInterrogative	RCNegative	RCReflexive	RCNoun	NoPlacement	Imperfective	Perfective	NotDefaultFiller	Masculine	NoLeftmostPlacement	Iterat	UnIterat	NoRightmostPlacement	NotLeftConjunct	PersonFirst	PersonSecond	PersonThird	PersonZero	Active	VoiceSya	Passive	VerbIntransitive	VerbIntransitiveSpecial	VerbTransitive	VerbTransitiveSpecial	NotRightConjunct	NoSpecialCaseForm	NoContrast	NormalCapitalization	PO_Prefixoid	Rus_Prefixoid	VPOL_Prefixoid	NE_Prefixoid	Eval_Prefixoid	Intern_Prefixoid	Reduced_Prefixoid	InternHy_Prefixoid	Letter_Prefixoid	BEZ_Prefixoid	BES_Prefixoid	BEZer_Prefixoid	V_Prefixoid	InternModEr_Prefixoid	RusHy_Prefixoid	NAI_Prefixoid	POL_Prefixoid	NI_Prefixoid	KOE_Prefixoid	Intern_ReducedPrefixoid	InternMod_Prefixoid	Chem_Prefixoid	ProperNamePrefixoid	Chemical_Possible	ParticipleFullForm	ParticipleShortForm	Singular	FiveAndMore	Three	Four	Two	SevenEight	AdjectiveFullForm	AdjectiveShortForm	AdjectiveShortFlectional	NounProperGeneral	NounProperSurNameFlective	NounProperTown	NounProperName	AdjectiveProper	NounProperPatronymic	NounProperNameDimin	AbbrProperGeneral	NounProperSurNameForeign	NormalNumberParadigm	FullRealization
101	90	более	более	285568	285567	Animate	Inanimate	Reflexive	FullReflexivity	NonReflexive	ImperfectiveReflexivity	NormalMorphForm	NormalMorphForm	NormalMorphForm	DefectOne	DefectTwo	Byt	DefectThree	DefectFour	GTAdverb	NotEllipted	NotEllipted	NotEllipted	VocalForm	NForm	NotControlled	NotControlled	NotControlled	ZeroTypeOfCoordination	ZeroTypeOfCoordination	ZeroTypeOfCoordination	Composite_ski	Composite_iko	Composite_sko	NoCompositeness	Composite_o	Composite_e	Composite_usek	Composite_null	Composite_Numeral	Composite_cko	Composite_cki	Composite_ComplexNumeral	Composite_NumeralFull	Composite_NumeralShort	DegreeComparative	Adverb_Un_Hyphen	DeclensionAdjectival	DeclensionNominal	DeclensionMixed	Indeclinable	Comp_Suffixoid	Un_Comp_Suf	Comp_Suffixoid_Num_OJ	Comp_Suffixoid_Num_YJ	Comp_Suffixoid_Num_IJ	Comp_Suffixoid_Num_J	Comp_PunctuatorPost	Comp_PunctuatorPref	Comp_PunctuatorPostSeparable	Comp_PunctuatorPrefSeparable	Comp_Prefixoid	Comp_Suffixoid_Num_PercentYJ	Comp_Noun	Comp_Suffixoid_Chem	Comp_Adj	Comp_SuffixoidAbbr	BiAspectual	MonoAspectual	Paired	NoSynthSuperlative	MTwo	NormalClassifyingCapitalization	NormalClassifyingCapitalization	NormalClassifyingCapitalization	Future	Past	Present	Adverb	ZeroDoubleConjunct	ZeroDoubleConjunct	ZeroDoubleConjunct	NotCommonChild	NotCommonChild	NotCommonChild	Accusative	Dative	Genitive	Instrumental	Locative	Nominative	Partitive	Prepositional	DativeSpecial	ZeroCase	Vocative	RCDemonstrative	RCAttributive	RCPossessive	RCIndefinite	RCPersonal	RCInterrogative	RCNegative	RCReflexive	RCNoun	NoPlacement	NoPlacement	NoPlacement	Imperfective	Perfective	NotDefaultFiller	NotDefaultFiller	NotDefaultFiller	Feminine	Masculine	Neuter	Common	NoLeftmostPlacement	NoLeftmostPlacement	NoLeftmostPlacement	Iterat	UnIterat	NoRightmostPlacement	NoRightmostPlacement	NoRightmostPlacement	NotLeftConjunct	NotLeftConjunct	NotLeftConjunct	PersonFirst	PersonSecond	PersonThird	PersonZero	Active	VoiceSya	Passive	VerbIntransitive	VerbIntransitiveSpecial	VerbTransitive	VerbTransitiveSpecial	NotRightConjunct	NotRightConjunct	NotRightConjunct	NoSpecialCaseForm	Locative_u	Genitive_u	Plural_consonant	Genitive_Locative_u	GenitivePlural_Zero	NominativePlural_a	SpecialPlual	SpecialVocative	NoContrast	NoContrast	NoContrast	NormalCapitalization	NormalCapitalization	NormalCapitalization	PO_Prefixoid	Rus_Prefixoid	VPOL_Prefixoid	NE_Prefixoid	Eval_Prefixoid	Intern_Prefixoid	Reduced_Prefixoid	InternHy_Prefixoid	Letter_Prefixoid	BEZ_Prefixoid	BES_Prefixoid	BEZer_Prefixoid	V_Prefixoid	InternModEr_Prefixoid	RusHy_Prefixoid	NAI_Prefixoid	POL_Prefixoid	NI_Prefixoid	KOE_Prefixoid	Intern_ReducedPrefixoid	InternMod_Prefixoid	Chem_Prefixoid	ProperNamePrefixoid	Chemical_Possible	ParticipleFullForm	ParticipleShortForm	Plural	Singular	FiveAndMore	Three	Four	Two	SevenEight	AdjectiveFullForm	AdjectiveShortForm	AdjectiveShortFlectional	NounProperGeneral	NounProperSurNameFlective	NounProperTown	NounProperName	AdjectiveProper	NounProperPatronymic	NounProperNameDimin	AbbrProperGeneral	NounProperSurNameForeign	NormalNumberParadigm	NormalNumberParadigm	NormalNumberParadigm	FullRealization	FullRealization	FullRealization
101	96	400	400	285569	285567	ZeroTypeOfCoordination	NoPlacement	NormalCapitalization	NotDefaultFiller	NoContrast	NoLeftmostPlacement	FullRealization	NoRightmostPlacement	NormalNumberParadigm	NotLeftConjunct	NormalClassifyingCapitalization	ZeroDoubleConjunct	NotCommonChild	NotEllipted	NormalMorphForm	NotControlled	NotRightConjunct
101	100	научных	научных	285570	285567	Animate	Inanimate	Reflexive	FullReflexivity	NonReflexive	ImperfectiveReflexivity	NormalMorphForm	DefectOne	DefectTwo	Byt	DefectThree	DefectFour	GTAdjective	NotEllipted	VocalForm	NForm	NotControlled	ZeroTypeOfCoordination	NoCompositeness	DegreePositive	Adverb_Un_Hyphen	Adverb_With_Hyphen	DeclensionAdjectival	DeclensionNominal	DeclensionMixed	Indeclinable	Un_Comp_Suf	BiAspectual	MonoAspectual	Paired	FullSynthComparison	MOne	MTwo	MThree	NormalClassifyingCapitalization	Future	Past	Present	Adjective	ZeroDoubleConjunct	NotCommonChild	Accusative	Genitive	Locative	Partitive	Prepositional	RCDemonstrative	RCAttributive	RCPossessive	RCIndefinite	RCPersonal	RCInterrogative	RCNegative	RCReflexive	RCNoun	NoPlacement	Imperfective	Perfective	NotDefaultFiller	Feminine	Masculine	Neuter	Common	NoLeftmostPlacement	Iterat	UnIterat	NoRightmostPlacement	NotLeftConjunct	PersonFirst	PersonSecond	PersonThird	PersonZero	Active	VoiceSya	Passive	VerbIntransitive	VerbIntransitiveSpecial	VerbTransitive	VerbTransitiveSpecial	NotRightConjunct	NoSpecialCaseForm	Locative_u	Genitive_u	Plural_consonant	Genitive_Locative_u	GenitivePlural_Zero	NominativePlural_a	SpecialPlual	SpecialVocative	NoContrast	NormalCapitalization	PO_Prefixoid	Rus_Prefixoid	VPOL_Prefixoid	NE_Prefixoid	Eval_Prefixoid	Intern_Prefixoid	Reduced_Prefixoid	InternHy_Prefixoid	Letter_Prefixoid	BEZ_Prefixoid	BES_Prefixoid	BEZer_Prefixoid	V_Prefixoid	InternModEr_Prefixoid	RusHy_Prefixoid	NAI_Prefixoid	POL_Prefixoid	NI_Prefixoid	KOE_Prefixoid	Intern_ReducedPrefixoid	InternMod_Prefixoid	Chem_Prefixoid	ProperNamePrefixoid	Chemical_Possible	ParticipleFullForm	ParticipleShortForm	Plural	FiveAndMore	Three	Four	Two	SevenEight	AdjectiveFullForm	NounProperGeneral	NounProperSurNameFlective	NounProperTown	NounProperName	AdjectiveProper	NounProperPatronymic	NounProperNameDimin	AbbrProperGeneral	NounProperSurNameForeign	NormalNumberParadigm	FullRealization
101	108	работ	работ	285567	285566	Inanimate	Reflexive	FullReflexivity	NonReflexive	ImperfectiveReflexivity	NormalMorphForm	DefectOne	DefectTwo	Byt	DefectThree	DefectFour	GTNoun	NotEllipted	VocalForm	NForm	NotControlled	ZeroTypeOfCoordination	NoCompositeness	DegreeComparative	DegreePositive	DegreeSuperlative	Adverb_Un_Hyphen	Adverb_With_Hyphen	DeclensionNominal	Un_Comp_Suf	BiAspectual	MonoAspectual	Paired	FullSynthComparison	NoSynthComparative	NoSynthSuperlative	OnlySuperlative	MOne	MTwo	MThree	NormalClassifyingCapitalization	Future	Past	Present	Noun	ZeroDoubleConjunct	NotCommonChild	Genitive	Partitive	RCDemonstrative	RCAttributive	RCPossessive	RCIndefinite	RCPersonal	RCInterrogative	RCNegative	RCReflexive	RCNoun	NoPlacement	Imperfective	Perfective	NotDefaultFiller	Feminine	NoLeftmostPlacement	Iterat	UnIterat	NoRightmostPlacement	NotLeftConjunct	PersonFirst	PersonSecond	PersonThird	PersonZero	Active	VoiceSya	Passive	VerbIntransitive	VerbIntransitiveSpecial	VerbTransitive	VerbTransitiveSpecial	NotRightConjunct	NoSpecialCaseForm	NoContrast	NormalCapitalization	PO_Prefixoid	Rus_Prefixoid	VPOL_Prefixoid	NE_Prefixoid	Eval_Prefixoid	Intern_Prefixoid	Reduced_Prefixoid	InternHy_Prefixoid	Letter_Prefixoid	BEZ_Prefixoid	BES_Prefixoid	BEZer_Prefixoid	V_Prefixoid	InternModEr_Prefixoid	RusHy_Prefixoid	NAI_Prefixoid	POL_Prefixoid	NI_Prefixoid	KOE_Prefixoid	Intern_ReducedPrefixoid	InternMod_Prefixoid	Chem_Prefixoid	ProperNamePrefixoid	Chemical_Possible	ParticipleFullForm	ParticipleShortForm	Plural	FiveAndMore	Three	Four	Two	SevenEight	AdjectiveFullForm	AdjectiveShortForm	AdjectiveShortFlectional	NounProperGeneral	NounProperSurNameFlective	NounProperTown	NounProperName	AdjectiveProper	NounProperPatronymic	NounProperNameDimin	AbbrProperGeneral	NounProperSurNameForeign	NormalNumberParadigm	FullRealization
111	0	В	В	285606	285605	Animate	Inanimate	Inanimate	Inanimate	Reflexive	FullReflexivity	NonReflexive	ImperfectiveReflexivity	Reflexive	FullReflexivity	NonReflexive	ImperfectiveReflexivity	Reflexive	FullReflexivity	NonReflexive	ImperfectiveReflexivity	NormalMorphForm	NormalMorphForm	NormalMorphForm	NormalMorphForm	DefectOne	DefectTwo	Byt	DefectThree	DefectFour	DefectOne	DefectTwo	Byt	DefectThree	DefectFour	DefectOne	DefectTwo	Byt	DefectThree	DefectFour	GTInvariable	GTNoun	GTNoun	NotEllipted	NotEllipted	NotEllipted	NotEllipted	VocalForm	NForm	VocalForm	NForm	VocalForm	NForm	NotControlled	NotControlled	NotControlled	NotControlled	ZeroTypeOfCoordination	ZeroTypeOfCoordination	ZeroTypeOfCoordination	ZeroTypeOfCoordination	Composite_ski	Composite_iko	Composite_sko	NoCompositeness	Composite_o	Composite_e	Composite_usek	Composite_null	Composite_Numeral	Composite_cko	Composite_cki	Composite_ComplexNumeral	Composite_NumeralFull	Composite_NumeralShort	NoCompositeness	NoCompositeness	DegreeComparative	DegreePositive	DegreeSuperlative	DegreeComparative	DegreePositive	DegreeSuperlative	DegreeComparative	DegreePositive	DegreeSuperlative	Adverb_Un_Hyphen	Adverb_With_Hyphen	Adverb_Un_Hyphen	Adverb_With_Hyphen	Adverb_Un_Hyphen	Adverb_With_Hyphen	DeclensionAdjectival	DeclensionNominal	DeclensionMixed	Indeclinable	Indeclinable	Indeclinable	Comp_Suffixoid	Un_Comp_Suf	Comp_Suffixoid_Num_OJ	Comp_Suffixoid_Num_YJ	Comp_Suffixoid_Num_IJ	Comp_Suffixoid_Num_J	Comp_PunctuatorPost	Comp_PunctuatorPref	Comp_PunctuatorPostSeparable	Comp_PunctuatorPrefSeparable	Comp_Prefixoid	Comp_Suffixoid_Num_PercentYJ	Comp_Noun	Comp_Suffixoid_Chem	Comp_Adj	Comp_SuffixoidAbbr	Comp_PunctuatorPostSeparable	Comp_PunctuatorPostSeparable	BiAspectual	MonoAspectual	Paired	BiAspectual	MonoAspectual	Paired	BiAspectual	MonoAspectual	Paired	FullSynthComparison	NoSynthComparative	NoSynthSuperlative	OnlySuperlative	FullSynthComparison	NoSynthComparative	NoSynthSuperlative	OnlySuperlative	FullSynthComparison	NoSynthComparative	NoSynthSuperlative	OnlySuperlative	MOne	MTwo	MThree	MOne	MTwo	MThree	MOne	MTwo	MThree	NormalClassifyingCapitalization	NormalClassifyingCapitalization	NormalClassifyingCapitalization	NormalClassifyingCapitalization	Future	Past	Present	Future	Past	Present	Future	Past	Present	Preposition	Noun	Noun	ZeroDoubleConjunct	ZeroDoubleConjunct	ZeroDoubleConjunct	ZeroDoubleConjunct	NotCommonChild	NotCommonChild	NotCommonChild	NotCommonChild	Accusative	Dative	Genitive	Instrumental	Locative	Nominative	Partitive	Prepositional	DativeSpecial	ZeroCase	Vocative	Accusative	Dative	Genitive	Instrumental	Locative	Nominative	Partitive	Prepositional	Accusative	Dative	Genitive	Instrumental	Locative	Nominative	Partitive	Prepositional	RCDemonstrative	RCAttributive	RCPossessive	RCIndefinite	RCPersonal	RCInterrogative	RCNegative	RCReflexive	RCNoun	RCDemonstrative	RCAttributive	RCPossessive	RCIndefinite	RCPersonal	RCInterrogative	RCNegative	RCReflexive	RCNoun	RCDemonstrative	RCAttributive	RCPossessive	RCIndefinite	RCPersonal	RCInterrogative	RCNegative	RCReflexive	RCNoun	NoPlacement	NoPlacement	NoPlacement	NoPlacement	Imperfective	Perfective	Imperfective	Perfective	Imperfective	Perfective	NotDefaultFiller	NotDefaultFiller	NotDefaultFiller	NotDefaultFiller	Feminine	Masculine	Neuter	Common	Masculine	Feminine	Masculine	Neuter	Common	NoLeftmostPlacement	NoLeftmostPlacement	NoLeftmostPlacement	NoLeftmostPlacement	Iterat	UnIterat	Iterat	UnIterat	Iterat	UnIterat	NoRightmostPlacement	NoRightmostPlacement	NoRightmostPlacement	NoRightmostPlacement	NotLeftConjunct	NotLeftConjunct	NotLeftConjunct	NotLeftConjunct	PersonFirst	PersonSecond	PersonThird	PersonZero	PersonFirst	PersonSecond	PersonThird	PersonZero	PersonFirst	PersonSecond	PersonThird	PersonZero	Active	VoiceSya	Passive	Active	VoiceSya	Passive	Active	VoiceSya	Passive	VerbIntransitive	VerbIntransitiveSpecial	VerbTransitive	VerbTransitiveSpecial	VerbIntransitive	VerbIntransitiveSpecial	VerbTransitive	VerbTransitiveSpecial	VerbIntransitive	VerbIntransitiveSpecial	VerbTransitive	VerbTransitiveSpecial	NotRightConjunct	NotRightConjunct	NotRightConjunct	NotRightConjunct	NoSpecialCaseForm	Locative_u	Genitive_u	Plural_consonant	Genitive_Locative_u	GenitivePlural_Zero	NominativePlural_a	SpecialPlual	SpecialVocative	NoSpecialCaseForm	Locative_u	Genitive_u	Plural_consonant	Genitive_Locative_u	GenitivePlural_Zero	NominativePlural_a	SpecialPlual	SpecialVocative	NoSpecialCaseForm	Locative_u	Genitive_u	Plural_consonant	Genitive_Locative_u	GenitivePlural_Zero	NominativePlural_a	SpecialPlual	SpecialVocative	NoContrast	NoContrast	NoContrast	NoContrast	NormalCapitalization	NormalCapitalization	NormalCapitalization	NormalCapitalization	PO_Prefixoid	Rus_Prefixoid	VPOL_Prefixoid	NE_Prefixoid	Eval_Prefixoid	Intern_Prefixoid	Reduced_Prefixoid	InternHy_Prefixoid	Letter_Prefixoid	BEZ_Prefixoid	BES_Prefixoid	BEZer_Prefixoid	V_Prefixoid	InternModEr_Prefixoid	RusHy_Prefixoid	NAI_Prefixoid	POL_Prefixoid	NI_Prefixoid	KOE_Prefixoid	Intern_ReducedPrefixoid	InternMod_Prefixoid	Chem_Prefixoid	ProperNamePrefixoid	Chemical_Possible	PO_Prefixoid	Rus_Prefixoid	VPOL_Prefixoid	NE_Prefixoid	Eval_Prefixoid	Intern_Prefixoid	Reduced_Prefixoid	InternHy_Prefixoid	Letter_Prefixoid	BEZ_Prefixoid	BES_Prefixoid	BEZer_Prefixoid	V_Prefixoid	InternModEr_Prefixoid	RusHy_Prefixoid	NAI_Prefixoid	POL_Prefixoid	NI_Prefixoid	KOE_Prefixoid	Intern_ReducedPrefixoid	InternMod_Prefixoid	Chem_Prefixoid	ProperNamePrefixoid	Chemical_Possible	PO_Prefixoid	Rus_Prefixoid	VPOL_Prefixoid	NE_Prefixoid	Eval_Prefixoid	Intern_Prefixoid	Reduced_Prefixoid	InternHy_Prefixoid	Letter_Prefixoid	BEZ_Prefixoid	BES_Prefixoid	BEZer_Prefixoid	V_Prefixoid	InternModEr_Prefixoid	RusHy_Prefixoid	NAI_Prefixoid	POL_Prefixoid	NI_Prefixoid	KOE_Prefixoid	Intern_ReducedPrefixoid	InternMod_Prefixoid	Chem_Prefixoid	ProperNamePrefixoid	Chemical_Possible	ParticipleFullForm	ParticipleShortForm	ParticipleFullForm	ParticipleShortForm	ParticipleFullForm	ParticipleShortForm	Plural	Singular	Plural	Singular	Plural	Singular	FiveAndMore	Three	Four	Two	SevenEight	FiveAndMore	Three	Four	Two	SevenEight	FiveAndMore	Three	Four	Two	SevenEight	AdjectiveFullForm	AdjectiveShortForm	AdjectiveShortFlectional	AdjectiveFullForm	AdjectiveShortForm	AdjectiveShortFlectional	AdjectiveFullForm	AdjectiveShortForm	AdjectiveShortFlectional	NounProperGeneral	NounProperSurNameFlective	NounProperTown	NounProperName	AdjectiveProper	NounProperPatronymic	NounProperNameDimin	AbbrProperGeneral	NounProperSurNameForeign	NounProperGeneral	NounProperSurNameFlective	NounProperTown	NounProperName	AdjectiveProper	NounProperPatronymic	NounProperNameDimin	AbbrProperGeneral	NounProperSurNameForeign	NounProperGeneral	NounProperSurNameFlective	NounProperTown	NounProperName	AdjectiveProper	NounProperPatronymic	NounProperNameDimin	AbbrProperGeneral	NounProperSurNameForeign	NormalNumberParadigm	NormalNumberParadigm	NormalNumberParadigm	NormalNumberParadigm	FullRealization	FullRealization	FullRealization	FullRealization
111	2	ее	ее	285607	285605	Animate	Inanimate	Animate	Inanimate	Reflexive	FullReflexivity	NonReflexive	ImperfectiveReflexivity	Reflexive	FullReflexivity	NonReflexive	ImperfectiveReflexivity	NormalMorphForm	NormalMorphForm	DefectOne	DefectTwo	Byt	DefectThree	DefectFour	DefectOne	DefectTwo	Byt	DefectThree	DefectFour	GTAdjectiveAttributive	GTNoun	NotEllipted	NotEllipted	VocalForm	NForm	VocalForm	NotControlled	NotControlled	ZeroTypeOfCoordination	ZeroTypeOfCoordination	Composite_ski	Composite_iko	Composite_sko	NoCompositeness	Composite_o	Composite_e	Composite_usek	Composite_null	Composite_Numeral	Composite_cko	Composite_cki	Composite_ComplexNumeral	Composite_NumeralFull	Composite_NumeralShort	Composite_ski	Composite_iko	Composite_sko	NoCompositeness	Composite_o	Composite_e	Composite_usek	Composite_null	Composite_Numeral	Composite_cko	Composite_cki	Composite_ComplexNumeral	Composite_NumeralFull	Composite_NumeralShort	DegreeComparative	DegreePositive	DegreeSuperlative	DegreeComparative	DegreePositive	DegreeSuperlative	Adverb_Un_Hyphen	Adverb_With_Hyphen	Adverb_Un_Hyphen	Adverb_With_Hyphen	DeclensionAdjectival	DeclensionNominal	DeclensionMixed	Indeclinable	DeclensionAdjectival	DeclensionNominal	DeclensionMixed	Indeclinable	Comp_Suffixoid	Un_Comp_Suf	Comp_Suffixoid_Num_OJ	Comp_Suffixoid_Num_YJ	Comp_Suffixoid_Num_IJ	Comp_Suffixoid_Num_J	Comp_PunctuatorPost	Comp_PunctuatorPref	Comp_PunctuatorPostSeparable	Comp_PunctuatorPrefSeparable	Comp_Prefixoid	Comp_Suffixoid_Num_PercentYJ	Comp_Noun	Comp_Suffixoid_Chem	Comp_Adj	Comp_SuffixoidAbbr	Comp_Suffixoid	Un_Comp_Suf	Comp_Suffixoid_Num_OJ	Comp_Suffixoid_Num_YJ	Comp_Suffixoid_Num_IJ	Comp_Suffixoid_Num_J	Comp_PunctuatorPost	Comp_PunctuatorPref	Comp_PunctuatorPostSeparable	Comp_PunctuatorPrefSeparable	Comp_Prefixoid	Comp_Suffixoid_Num_PercentYJ	Comp_Noun	Comp_Suffixoid_Chem	Comp_Adj	Comp_SuffixoidAbbr	BiAspectual	MonoAspectual	Paired	BiAspectual	MonoAspectual	Paired	FullSynthComparison	NoSynthComparative	NoSynthSuperlative	OnlySuperlative	FullSynthComparison	NoSynthComparative	NoSynthSuperlative	OnlySuperlative	MOne	MTwo	MThree	MOne	MTwo	MThree	NormalClassifyingCapitalization	NormalClassifyingCapitalization	Future	Past	Present	Future	Past	Present	Pronoun	Pronoun	ZeroDoubleConjunct	ZeroDoubleConjunct	NotCommonChild	NotCommonChild	Accusative	Dative	Genitive	Instrumental	Locative	Nominative	Partitive	Prepositional	Accusative	Genitive	RCPossessive	RCPersonal	NoPlacement	NoPlacement	Imperfective	Perfective	Imperfective	Perfective	NotDefaultFiller	NotDefaultFiller	Feminine	Masculine	Neuter	Common	Feminine	NoLeftmostPlacement	NoLeftmostPlacement	Iterat	UnIterat	Iterat	UnIterat	NoRightmostPlacement	NoRightmostPlacement	NotLeftConjunct	NotLeftConjunct	PersonThird	PersonThird	Active	VoiceSya	Passive	Active	VoiceSya	Passive	VerbIntransitive	VerbIntransitiveSpecial	VerbTransitive	VerbTransitiveSpecial	VerbIntransitive	VerbIntransitiveSpecial	VerbTransitive	VerbTransitiveSpecial	NotRightConjunct	NotRightConjunct	NoSpecialCaseForm	Locative_u	Genitive_u	Plural_consonant	Genitive_Locative_u	GenitivePlural_Zero	NominativePlural_a	SpecialPlual	SpecialVocative	NoSpecialCaseForm	Locative_u	Genitive_u	Plural_consonant	Genitive_Locative_u	GenitivePlural_Zero	NominativePlural_a	SpecialPlual	SpecialVocative	NoContrast	NoContrast	NormalCapitalization	NormalCapitalization	PO_Prefixoid	Rus_Prefixoid	VPOL_Prefixoid	NE_Prefixoid	Eval_Prefixoid	Intern_Prefixoid	Reduced_Prefixoid	InternHy_Prefixoid	Letter_Prefixoid	BEZ_Prefixoid	BES_Prefixoid	BEZer_Prefixoid	V_Prefixoid	InternModEr_Prefixoid	RusHy_Prefixoid	NAI_Prefixoid	POL_Prefixoid	NI_Prefixoid	KOE_Prefixoid	Intern_ReducedPrefixoid	InternMod_Prefixoid	Chem_Prefixoid	ProperNamePrefixoid	Chemical_Possible	PO_Prefixoid	Rus_Prefixoid	VPOL_Prefixoid	NE_Prefixoid	Eval_Prefixoid	Intern_Prefixoid	Reduced_Prefixoid	InternHy_Prefixoid	Letter_Prefixoid	BEZ_Prefixoid	BES_Prefixoid	BEZer_Prefixoid	V_Prefixoid	InternModEr_Prefixoid	RusHy_Prefixoid	NAI_Prefixoid	POL_Prefixoid	NI_Prefixoid	KOE_Prefixoid	Intern_ReducedPrefixoid	InternMod_Prefixoid	Chem_Prefixoid	ProperNamePrefixoid	Chemical_Possible	ParticipleFullForm	ParticipleShortForm	ParticipleFullForm	ParticipleShortForm	Plural	Singular	Singular	FiveAndMore	Three	Four	Two	SevenEight	FiveAndMore	Three	Four	Two	SevenEight	AdjectiveFullForm	AdjectiveFullForm	AdjectiveShortForm	AdjectiveShortFlectional	NounProperGeneral	NounProperSurNameFlective	NounProperTown	NounProperName	AdjectiveProper	NounProperPatronymic	NounProperNameDimin	AbbrProperGeneral	NounProperSurNameForeign	NounProperGeneral	NounProperSurNameFlective	NounProperTown	NounProperName	AdjectiveProper	NounProperPatronymic	NounProperNameDimin	AbbrProperGeneral	NounProperSurNameForeign	NormalNumberParadigm	NormalNumberParadigm	FullRealization	FullRealization
111	5	собственности	собственности	285605	285604	Inanimate	Inanimate	Reflexive	FullReflexivity	NonReflexive	ImperfectiveReflexivity	Reflexive	FullReflexivity	NonReflexive	ImperfectiveReflexivity	NormalMorphForm	NormalMorphForm	DefectOne	DefectTwo	Byt	DefectThree	DefectFour	DefectOne	DefectTwo	Byt	DefectThree	DefectFour	GTNoun	GTNoun	NotEllipted	NotEllipted	VocalForm	NForm	VocalForm	NForm	NotControlled	NotControlled	ZeroTypeOfCoordination	ZeroTypeOfCoordination	NoCompositeness	NoCompositeness	DegreeComparative	DegreePositive	DegreeSuperlative	DegreeComparative	DegreePositive	DegreeSuperlative	Adverb_Un_Hyphen	Adverb_With_Hyphen	Adverb_Un_Hyphen	Adverb_With_Hyphen	DeclensionNominal	DeclensionNominal	Un_Comp_Suf	Un_Comp_Suf	BiAspectual	MonoAspectual	Paired	BiAspectual	MonoAspectual	Paired	FullSynthComparison	NoSynthComparative	NoSynthSuperlative	OnlySuperlative	FullSynthComparison	NoSynthComparative	NoSynthSuperlative	OnlySuperlative	MOne	MTwo	MThree	MOne	MTwo	MThree	NormalClassifyingCapitalization	NormalClassifyingCapitalization	Future	Past	Present	Future	Past	Present	Noun	Noun	ZeroDoubleConjunct	ZeroDoubleConjunct	NotCommonChild	NotCommonChild	Dative	Genitive	Locative	Partitive	Prepositional	Accusative	Nominative	RCDemonstrative	RCAttributive	RCPossessive	RCIndefinite	RCPersonal	RCInterrogative	RCNegative	RCReflexive	RCNoun	RCDemonstrative	RCAttributive	RCPossessive	RCIndefinite	RCPersonal	RCInterrogative	RCNegative	RCReflexive	RCNoun	NoPlacement	NoPlacement	Imperfective	Perfective	Imperfective	Perfective	NotDefaultFiller	NotDefaultFiller	Feminine	Feminine	NoLeftmostPlacement	NoLeftmostPlacement	Iterat	UnIterat	Iterat	UnIterat	NoRightmostPlacement	NoRightmostPlacement	NotLeftConjunct	NotLeftConjunct	PersonFirst	PersonSecond	PersonThird	PersonZero	PersonFirst	PersonSecond	PersonThird	PersonZero	Active	VoiceSya	Passive	Active	VoiceSya	Passive	VerbIntransitive	VerbIntransitiveSpecial	VerbTransitive	VerbTransitiveSpecial	VerbIntransitive	VerbIntransitiveSpecial	VerbTransitive	VerbTransitiveSpecial	NotRightConjunct	NotRightConjunct	NoSpecialCaseForm	NoSpecialCaseForm	NoContrast	NoContrast	NormalCapitalization	NormalCapitalization	PO_Prefixoid	Rus_Prefixoid	VPOL_Prefixoid	NE_Prefixoid	Eval_Prefixoid	Intern_Prefixoid	Reduced_Prefixoid	InternHy_Prefixoid	Letter_Prefixoid	BEZ_Prefixoid	BES_Prefixoid	BEZer_Prefixoid	V_Prefixoid	InternModEr_Prefixoid	RusHy_Prefixoid	NAI_Prefixoid	POL_Prefixoid	NI_Prefixoid	KOE_Prefixoid	Intern_ReducedPrefixoid	InternMod_Prefixoid	Chem_Prefixoid	ProperNamePrefixoid	Chemical_Possible	PO_Prefixoid	Rus_Prefixoid	VPOL_Prefixoid	NE_Prefixoid	Eval_Prefixoid	Intern_Prefixoid	Reduced_Prefixoid	InternHy_Prefixoid	Letter_Prefixoid	BEZ_Prefixoid	BES_Prefixoid	BEZer_Prefixoid	V_Prefixoid	InternModEr_Prefixoid	RusHy_Prefixoid	NAI_Prefixoid	POL_Prefixoid	NI_Prefixoid	KOE_Prefixoid	Intern_ReducedPrefixoid	InternMod_Prefixoid	Chem_Prefixoid	ProperNamePrefixoid	Chemical_Possible	ParticipleFullForm	ParticipleShortForm	ParticipleFullForm	ParticipleShortForm	Singular	Plural	FiveAndMore	Three	Four	Two	SevenEight	FiveAndMore	Three	Four	Two	SevenEight	AdjectiveFullForm	AdjectiveShortForm	AdjectiveShortFlectional	AdjectiveFullForm	AdjectiveShortForm	AdjectiveShortFlectional	NounProperGeneral	NounProperSurNameFlective	NounProperTown	NounProperName	AdjectiveProper	NounProperPatronymic	NounProperNameDimin	AbbrProperGeneral	NounProperSurNameForeign	NounProperGeneral	NounProperSurNameFlective	NounProperTown	NounProperName	AdjectiveProper	NounProperPatronymic	NounProperNameDimin	AbbrProperGeneral	NounProperSurNameForeign	NormalNumberParadigm	NormalNumberParadigm	FullRealization	FullRealization
111	19	находилась	находилась	285604	-1	Animate	Inanimate	Animate	Inanimate	Reflexive	FullReflexivity	NormalMorphForm	NormalMorphForm	DefectOne	DefectTwo	Byt	DefectThree	DefectFour	DefectOne	DefectTwo	Byt	DefectThree	DefectFour	GTVerb	GTVerb	NotEllipted	NotEllipted	VocalForm	NForm	VocalForm	NForm	NotControlled	NotControlled	ZeroTypeOfCoordination	ZeroTypeOfCoordination	Composite_ski	Composite_iko	Composite_sko	NoCompositeness	Composite_o	Composite_e	Composite_usek	Composite_null	Composite_Numeral	Composite_cko	Composite_cki	Composite_ComplexNumeral	Composite_NumeralFull	Composite_NumeralShort	Composite_ski	Composite_iko	Composite_sko	NoCompositeness	Composite_o	Composite_e	Composite_usek	Composite_null	Composite_Numeral	Composite_cko	Composite_cki	Composite_ComplexNumeral	Composite_NumeralFull	Composite_NumeralShort	DegreeComparative	DegreePositive	DegreeSuperlative	DegreeComparative	DegreePositive	DegreeSuperlative	Adverb_Un_Hyphen	Adverb_With_Hyphen	Adverb_Un_Hyphen	Adverb_With_Hyphen	DeclensionAdjectival	DeclensionNominal	DeclensionMixed	Indeclinable	DeclensionAdjectival	DeclensionNominal	DeclensionMixed	Indeclinable	Comp_Suffixoid	Un_Comp_Suf	Comp_Suffixoid_Num_OJ	Comp_Suffixoid_Num_YJ	Comp_Suffixoid_Num_IJ	Comp_Suffixoid_Num_J	Comp_PunctuatorPost	Comp_PunctuatorPref	Comp_PunctuatorPostSeparable	Comp_PunctuatorPrefSeparable	Comp_Prefixoid	Comp_Suffixoid_Num_PercentYJ	Comp_Noun	Comp_Suffixoid_Chem	Comp_Adj	Comp_SuffixoidAbbr	Comp_Suffixoid	Un_Comp_Suf	Comp_Suffixoid_Num_OJ	Comp_Suffixoid_Num_YJ	Comp_Suffixoid_Num_IJ	Comp_Suffixoid_Num_J	Comp_PunctuatorPost	Comp_PunctuatorPref	Comp_PunctuatorPostSeparable	Comp_PunctuatorPrefSeparable	Comp_Prefixoid	Comp_Suffixoid_Num_PercentYJ	Comp_Noun	Comp_Suffixoid_Chem	Comp_Adj	Comp_SuffixoidAbbr	MonoAspectual	Paired	FullSynthComparison	NoSynthComparative	NoSynthSuperlative	OnlySuperlative	FullSynthComparison	NoSynthComparative	NoSynthSuperlative	OnlySuperlative	MOne	MTwo	MThree	MOne	MTwo	MThree	NormalClassifyingCapitalization	NormalClassifyingCapitalization	Past	Past	Verb	Verb	ZeroDoubleConjunct	ZeroDoubleConjunct	NotCommonChild	NotCommonChild	Accusative	Dative	Genitive	Instrumental	Locative	Nominative	Partitive	Prepositional	DativeSpecial	ZeroCase	Vocative	Accusative	Dative	Genitive	Instrumental	Locative	Nominative	Partitive	Prepositional	DativeSpecial	ZeroCase	Vocative	RCDemonstrative	RCAttributive	RCPossessive	RCIndefinite	RCPersonal	RCInterrogative	RCNegative	RCReflexive	RCNoun	RCDemonstrative	RCAttributive	RCPossessive	RCIndefinite	RCPersonal	RCInterrogative	RCNegative	RCReflexive	RCNoun	NoPlacement	NoPlacement	Imperfective	Imperfective	NotDefaultFiller	NotDefaultFiller	Feminine	Feminine	NoLeftmostPlacement	NoLeftmostPlacement	UnIterat	UnIterat	NoRightmostPlacement	NoRightmostPlacement	NotLeftConjunct	NotLeftConjunct	PersonFirst	PersonSecond	PersonThird	PersonZero	PersonFirst	PersonSecond	PersonThird	PersonZero	VoiceSya	VoiceSya	VerbIntransitive	VerbTransitive	NotRightConjunct	NotRightConjunct	NoSpecialCaseForm	Locative_u	Genitive_u	Plural_consonant	Genitive_Locative_u	GenitivePlural_Zero	NominativePlural_a	SpecialPlual	SpecialVocative	NoSpecialCaseForm	Locative_u	Genitive_u	Plural_consonant	Genitive_Locative_u	GenitivePlural_Zero	NominativePlural_a	SpecialPlual	SpecialVocative	NoContrast	NoContrast	NormalCapitalization	NormalCapitalization	PO_Prefixoid	Rus_Prefixoid	VPOL_Prefixoid	NE_Prefixoid	Eval_Prefixoid	Intern_Prefixoid	Reduced_Prefixoid	InternHy_Prefixoid	Letter_Prefixoid	BEZ_Prefixoid	BES_Prefixoid	BEZer_Prefixoid	V_Prefixoid	InternModEr_Prefixoid	RusHy_Prefixoid	NAI_Prefixoid	POL_Prefixoid	NI_Prefixoid	KOE_Prefixoid	Intern_ReducedPrefixoid	InternMod_Prefixoid	Chem_Prefixoid	ProperNamePrefixoid	Chemical_Possible	PO_Prefixoid	Rus_Prefixoid	VPOL_Prefixoid	NE_Prefixoid	Eval_Prefixoid	Intern_Prefixoid	Reduced_Prefixoid	InternHy_Prefixoid	Letter_Prefixoid	BEZ_Prefixoid	BES_Prefixoid	BEZer_Prefixoid	V_Prefixoid	InternModEr_Prefixoid	RusHy_Prefixoid	NAI_Prefixoid	POL_Prefixoid	NI_Prefixoid	KOE_Prefixoid	Intern_ReducedPrefixoid	InternMod_Prefixoid	Chem_Prefixoid	ProperNamePrefixoid	Chemical_Possible	ParticipleFullForm	ParticipleShortForm	ParticipleFullForm	ParticipleShortForm	Singular	Singular	FiveAndMore	Three	Four	Two	SevenEight	FiveAndMore	Three	Four	Two	SevenEight	AdjectiveFullForm	AdjectiveShortForm	AdjectiveShortFlectional	AdjectiveFullForm	AdjectiveShortForm	AdjectiveShortFlectional	NounProperGeneral	NounProperSurNameFlective	NounProperTown	NounProperName	AdjectiveProper	NounProperPatronymic	NounProperNameDimin	AbbrProperGeneral	NounProperSurNameForeign	NounProperGeneral	NounProperSurNameFlective	NounProperTown	NounProperName	AdjectiveProper	NounProperPatronymic	NounProperNameDimin	AbbrProperGeneral	NounProperSurNameForeign	NormalNumberParadigm	NormalNumberParadigm	FullRealization	FullRealization
111	30	квартира	квартира	285608	285604	Inanimate	Reflexive	FullReflexivity	NonReflexive	ImperfectiveReflexivity	NormalMorphForm	DefectOne	DefectTwo	Byt	DefectThree	DefectFour	GTNoun	NotEllipted	VocalForm	NForm	NotControlled	ZeroTypeOfCoordination	NoCompositeness	DegreeComparative	DegreePositive	DegreeSuperlative	Adverb_Un_Hyphen	Adverb_With_Hyphen	DeclensionNominal	Un_Comp_Suf	BiAspectual	MonoAspectual	Paired	FullSynthComparison	NoSynthComparative	NoSynthSuperlative	OnlySuperlative	MOne	MTwo	MThree	NormalClassifyingCapitalization	Future	Past	Present	Noun	ZeroDoubleConjunct	NotCommonChild	Nominative	RCDemonstrative	RCAttributive	RCPossessive	RCIndefinite	RCPersonal	RCInterrogative	RCNegative	RCReflexive	RCNoun	NoPlacement	Imperfective	Perfective	NotDefaultFiller	Feminine	NoLeftmostPlacement	Iterat	UnIterat	NoRightmostPlacement	NotLeftConjunct	PersonFirst	PersonSecond	PersonThird	PersonZero	Active	VoiceSya	Passive	VerbIntransitive	VerbIntransitiveSpecial	VerbTransitive	VerbTransitiveSpecial	NotRightConjunct	NoSpecialCaseForm	NoContrast	NormalCapitalization	PO_Prefixoid	Rus_Prefixoid	VPOL_Prefixoid	NE_Prefixoid	Eval_Prefixoid	Intern_Prefixoid	Reduced_Prefixoid	InternHy_Prefixoid	Letter_Prefixoid	BEZ_Prefixoid	BES_Prefixoid	BEZer_Prefixoid	V_Prefixoid	InternModEr_Prefixoid	RusHy_Prefixoid	NAI_Prefixoid	POL_Prefixoid	NI_Prefixoid	KOE_Prefixoid	Intern_ReducedPrefixoid	InternMod_Prefixoid	Chem_Prefixoid	ProperNamePrefixoid	Chemical_Possible	ParticipleFullForm	ParticipleShortForm	Singular	FiveAndMore	Three	Four	Two	SevenEight	AdjectiveFullForm	AdjectiveShortForm	AdjectiveShortFlectional	NounProperGeneral	NounProperSurNameFlective	NounProperTown	NounProperName	AdjectiveProper	NounProperPatronymic	NounProperNameDimin	AbbrProperGeneral	NounProperSurNameForeign	NormalNumberParadigm	FullRealization
111	40	38	38	285610	285609	ZeroTypeOfCoordination	NoPlacement	NormalCapitalization	NotDefaultFiller	NoContrast	NoLeftmostPlacement	FullRealization	NoRightmostPlacement	NormalNumberParadigm	NotLeftConjunct	NormalClassifyingCapitalization	ZeroDoubleConjunct	NotCommonChild	NotEllipted	NormalMorphForm	NotControlled	NotRightConjunct
111	43	квадратных	квадратных	285611	285609	Animate	Inanimate	Reflexive	FullReflexivity	NonReflexive	ImperfectiveReflexivity	NormalMorphForm	DefectOne	DefectTwo	Byt	DefectThree	DefectFour	GTAdjective	NotEllipted	VocalForm	NForm	NotControlled	ZeroTypeOfCoordination	NoCompositeness	DegreePositive	Adverb_Un_Hyphen	Adverb_With_Hyphen	DeclensionAdjectival	DeclensionNominal	DeclensionMixed	Indeclinable	Un_Comp_Suf	BiAspectual	MonoAspectual	Paired	FullSynthComparison	MOne	MTwo	MThree	NormalClassifyingCapitalization	Future	Past	Present	Adjective	ZeroDoubleConjunct	NotCommonChild	Accusative	Genitive	Locative	Partitive	Prepositional	RCDemonstrative	RCAttributive	RCPossessive	RCIndefinite	RCPersonal	RCInterrogative	RCNegative	RCReflexive	RCNoun	NoPlacement	Imperfective	Perfective	NotDefaultFiller	Feminine	Masculine	Neuter	Common	NoLeftmostPlacement	Iterat	UnIterat	NoRightmostPlacement	NotLeftConjunct	PersonFirst	PersonSecond	PersonThird	PersonZero	Active	VoiceSya	Passive	VerbIntransitive	VerbIntransitiveSpecial	VerbTransitive	VerbTransitiveSpecial	NotRightConjunct	NoSpecialCaseForm	Locative_u	Genitive_u	Plural_consonant	Genitive_Locative_u	GenitivePlural_Zero	NominativePlural_a	SpecialPlual	SpecialVocative	NoContrast	NormalCapitalization	PO_Prefixoid	Rus_Prefixoid	VPOL_Prefixoid	NE_Prefixoid	Eval_Prefixoid	Intern_Prefixoid	Reduced_Prefixoid	InternHy_Prefixoid	Letter_Prefixoid	BEZ_Prefixoid	BES_Prefixoid	BEZer_Prefixoid	V_Prefixoid	InternModEr_Prefixoid	RusHy_Prefixoid	NAI_Prefixoid	POL_Prefixoid	NI_Prefixoid	KOE_Prefixoid	Intern_ReducedPrefixoid	InternMod_Prefixoid	Chem_Prefixoid	ProperNamePrefixoid	Chemical_Possible	ParticipleFullForm	ParticipleShortForm	Plural	FiveAndMore	Three	Four	Two	SevenEight	AdjectiveFullForm	NounProperGeneral	NounProperSurNameFlective	NounProperTown	NounProperName	AdjectiveProper	NounProperPatronymic	NounProperNameDimin	AbbrProperGeneral	NounProperSurNameForeign	NormalNumberParadigm	FullRealization
111	54	метров	метров	285609	285608	Inanimate	Reflexive	FullReflexivity	NonReflexive	ImperfectiveReflexivity	NormalMorphForm	DefectOne	DefectTwo	Byt	DefectThree	DefectFour	GTNoun	NotEllipted	VocalForm	NForm	NotControlled	ZeroTypeOfCoordination	NoCompositeness	DegreeComparative	DegreePositive	DegreeSuperlative	Adverb_Un_Hyphen	Adverb_With_Hyphen	DeclensionNominal	Un_Comp_Suf	BiAspectual	MonoAspectual	Paired	FullSynthComparison	NoSynthComparative	NoSynthSuperlative	OnlySuperlative	MOne	MTwo	MThree	NormalClassifyingCapitalization	Future	Past	Present	Noun	ZeroDoubleConjunct	NotCommonChild	Genitive	Partitive	RCDemonstrative	RCAttributive	RCPossessive	RCIndefinite	RCPersonal	RCInterrogative	RCNegative	RCReflexive	RCNoun	NoPlacement	Imperfective	Perfective	NotDefaultFiller	Masculine	NoLeftmostPlacement	Iterat	UnIterat	NoRightmostPlacement	NotLeftConjunct	PersonFirst	PersonSecond	PersonThird	PersonZero	Active	VoiceSya	Passive	VerbIntransitive	VerbIntransitiveSpecial	VerbTransitive	VerbTransitiveSpecial	NotRightConjunct	NoSpecialCaseForm	NoContrast	NormalCapitalization	PO_Prefixoid	Rus_Prefixoid	VPOL_Prefixoid	NE_Prefixoid	Eval_Prefixoid	Intern_Prefixoid	Reduced_Prefixoid	InternHy_Prefixoid	Letter_Prefixoid	BEZ_Prefixoid	BES_Prefixoid	BEZer_Prefixoid	V_Prefixoid	InternModEr_Prefixoid	RusHy_Prefixoid	NAI_Prefixoid	POL_Prefixoid	NI_Prefixoid	KOE_Prefixoid	Intern_ReducedPrefixoid	InternMod_Prefixoid	Chem_Prefixoid	ProperNamePrefixoid	Chemical_Possible	ParticipleFullForm	ParticipleShortForm	Plural	FiveAndMore	Three	Four	Two	SevenEight	AdjectiveFullForm	AdjectiveShortForm	AdjectiveShortFlectional	NounProperGeneral	NounProperSurNameFlective	NounProperTown	NounProperName	AdjectiveProper	NounProperPatronymic	NounProperNameDimin	AbbrProperGeneral	NounProperSurNameForeign	NormalNumberParadigm	FullRealization
111	63	квартира	квартира	285612	285604	Inanimate	Reflexive	FullReflexivity	NonReflexive	ImperfectiveReflexivity	NormalMorphForm	DefectOne	DefectTwo	Byt	DefectThree	DefectFour	GTNoun	NotEllipted	VocalForm	NForm	NotControlled	ZeroTypeOfCoordination	NoCompositeness	DegreeComparative	DegreePositive	DegreeSuperlative	Adverb_Un_Hyphen	Adverb_With_Hyphen	DeclensionNominal	Un_Comp_Suf	BiAspectual	MonoAspectual	Paired	FullSynthComparison	NoSynthComparative	NoSynthSuperlative	OnlySuperlative	MOne	MTwo	MThree	NormalClassifyingCapitalization	Future	Past	Present	Noun	ZeroDoubleConjunct	NotCommonChild	Nominative	RCDemonstrative	RCAttributive	RCPossessive	RCIndefinite	RCPersonal	RCInterrogative	RCNegative	RCReflexive	RCNoun	NoPlacement	Imperfective	Perfective	NotDefaultFiller	Feminine	NoLeftmostPlacement	Iterat	UnIterat	NoRightmostPlacement	NotLeftConjunct	PersonFirst	PersonSecond	PersonThird	PersonZero	Active	VoiceSya	Passive	VerbIntransitive	VerbIntransitiveSpecial	VerbTransitive	VerbTransitiveSpecial	NotRightConjunct	NoSpecialCaseForm	NoContrast	NormalCapitalization	PO_Prefixoid	Rus_Prefixoid	VPOL_Prefixoid	NE_Prefixoid	Eval_Prefixoid	Intern_Prefixoid	Reduced_Prefixoid	InternHy_Prefixoid	Letter_Prefixoid	BEZ_Prefixoid	BES_Prefixoid	BEZer_Prefixoid	V_Prefixoid	InternModEr_Prefixoid	RusHy_Prefixoid	NAI_Prefixoid	POL_Prefixoid	NI_Prefixoid	KOE_Prefixoid	Intern_ReducedPrefixoid	InternMod_Prefixoid	Chem_Prefixoid	ProperNamePrefixoid	Chemical_Possible	ParticipleFullForm	ParticipleShortForm	Singular	FiveAndMore	Three	Four	Two	SevenEight	AdjectiveFullForm	AdjectiveShortForm	AdjectiveShortFlectional	NounProperGeneral	NounProperSurNameFlective	NounProperTown	NounProperName	AdjectiveProper	NounProperPatronymic	NounProperNameDimin	AbbrProperGeneral	NounProperSurNameForeign	NormalNumberParadigm	FullRealization
111	72	в	в	285614	285613	Animate	Inanimate	Inanimate	Reflexive	FullReflexivity	NonReflexive	ImperfectiveReflexivity	Reflexive	FullReflexivity	NonReflexive	ImperfectiveReflexivity	NormalMorphForm	NormalMorphForm	DefectOne	DefectTwo	Byt	DefectThree	DefectFour	DefectOne	DefectTwo	Byt	DefectThree	DefectFour	GTInvariable	GTNoun	NotEllipted	NotEllipted	VocalForm	NForm	VocalForm	NForm	NotControlled	NotControlled	ZeroTypeOfCoordination	ZeroTypeOfCoordination	Composite_ski	Composite_iko	Composite_sko	NoCompositeness	Composite_o	Composite_e	Composite_usek	Composite_null	Composite_Numeral	Composite_cko	Composite_cki	Composite_ComplexNumeral	Composite_NumeralFull	Composite_NumeralShort	NoCompositeness	DegreeComparative	DegreePositive	DegreeSuperlative	DegreeComparative	DegreePositive	DegreeSuperlative	Adverb_Un_Hyphen	Adverb_With_Hyphen	Adverb_Un_Hyphen	Adverb_With_Hyphen	DeclensionAdjectival	DeclensionNominal	DeclensionMixed	Indeclinable	Indeclinable	Comp_Suffixoid	Un_Comp_Suf	Comp_Suffixoid_Num_OJ	Comp_Suffixoid_Num_YJ	Comp_Suffixoid_Num_IJ	Comp_Suffixoid_Num_J	Comp_PunctuatorPost	Comp_PunctuatorPref	Comp_PunctuatorPostSeparable	Comp_PunctuatorPrefSeparable	Comp_Prefixoid	Comp_Suffixoid_Num_PercentYJ	Comp_Noun	Comp_Suffixoid_Chem	Comp_Adj	Comp_SuffixoidAbbr	Comp_PunctuatorPostSeparable	BiAspectual	MonoAspectual	Paired	BiAspectual	MonoAspectual	Paired	FullSynthComparison	NoSynthComparative	NoSynthSuperlative	OnlySuperlative	FullSynthComparison	NoSynthComparative	NoSynthSuperlative	OnlySuperlative	MOne	MTwo	MThree	MOne	MTwo	MThree	NormalClassifyingCapitalization	NormalClassifyingCapitalization	Future	Past	Present	Future	Past	Present	Preposition	Noun	ZeroDoubleConjunct	ZeroDoubleConjunct	NotCommonChild	NotCommonChild	Accusative	Dative	Genitive	Instrumental	Locative	Nominative	Partitive	Prepositional	DativeSpecial	ZeroCase	Vocative	Accusative	Dative	Genitive	Instrumental	Locative	Nominative	Partitive	Prepositional	RCDemonstrative	RCAttributive	RCPossessive	RCIndefinite	RCPersonal	RCInterrogative	RCNegative	RCReflexive	RCNoun	RCDemonstrative	RCAttributive	RCPossessive	RCIndefinite	RCPersonal	RCInterrogative	RCNegative	RCReflexive	RCNoun	NoPlacement	NoPlacement	Imperfective	Perfective	Imperfective	Perfective	NotDefaultFiller	NotDefaultFiller	Feminine	Masculine	Neuter	Common	Masculine	NoLeftmostPlacement	NoLeftmostPlacement	Iterat	UnIterat	Iterat	UnIterat	NoRightmostPlacement	NoRightmostPlacement	NotLeftConjunct	NotLeftConjunct	PersonFirst	PersonSecond	PersonThird	PersonZero	PersonFirst	PersonSecond	PersonThird	PersonZero	Active	VoiceSya	Passive	Active	VoiceSya	Passive	VerbIntransitive	VerbIntransitiveSpecial	VerbTransitive	VerbTransitiveSpecial	VerbIntransitive	VerbIntransitiveSpecial	VerbTransitive	VerbTransitiveSpecial	NotRightConjunct	NotRightConjunct	NoSpecialCaseForm	Locative_u	Genitive_u	Plural_consonant	Genitive_Locative_u	GenitivePlural_Zero	NominativePlural_a	SpecialPlual	SpecialVocative	NoSpecialCaseForm	Locative_u	Genitive_u	Plural_consonant	Genitive_Locative_u	GenitivePlural_Zero	NominativePlural_a	SpecialPlual	SpecialVocative	NoContrast	NoContrast	NormalCapitalization	NormalCapitalization	PO_Prefixoid	Rus_Prefixoid	VPOL_Prefixoid	NE_Prefixoid	Eval_Prefixoid	Intern_Prefixoid	Reduced_Prefixoid	InternHy_Prefixoid	Letter_Prefixoid	BEZ_Prefixoid	BES_Prefixoid	BEZer_Prefixoid	V_Prefixoid	InternModEr_Prefixoid	RusHy_Prefixoid	NAI_Prefixoid	POL_Prefixoid	NI_Prefixoid	KOE_Prefixoid	Intern_ReducedPrefixoid	InternMod_Prefixoid	Chem_Prefixoid	ProperNamePrefixoid	Chemical_Possible	PO_Prefixoid	Rus_Prefixoid	VPOL_Prefixoid	NE_Prefixoid	Eval_Prefixoid	Intern_Prefixoid	Reduced_Prefixoid	InternHy_Prefixoid	Letter_Prefixoid	BEZ_Prefixoid	BES_Prefixoid	BEZer_Prefixoid	V_Prefixoid	InternModEr_Prefixoid	RusHy_Prefixoid	NAI_Prefixoid	POL_Prefixoid	NI_Prefixoid	KOE_Prefixoid	Intern_ReducedPrefixoid	InternMod_Prefixoid	Chem_Prefixoid	ProperNamePrefixoid	Chemical_Possible	ParticipleFullForm	ParticipleShortForm	ParticipleFullForm	ParticipleShortForm	Plural	Singular	Plural	Singular	FiveAndMore	Three	Four	Two	SevenEight	FiveAndMore	Three	Four	Two	SevenEight	AdjectiveFullForm	AdjectiveShortForm	AdjectiveShortFlectional	AdjectiveFullForm	AdjectiveShortForm	AdjectiveShortFlectional	NounProperGeneral	NounProperSurNameFlective	NounProperTown	NounProperName	AdjectiveProper	NounProperPatronymic	NounProperNameDimin	AbbrProperGeneral	NounProperSurNameForeign	NounProperGeneral	NounProperSurNameFlective	NounProperTown	NounProperName	AdjectiveProper	NounProperPatronymic	NounProperNameDimin	AbbrProperGeneral	NounProperSurNameForeign	NormalNumberParadigm	NormalNumberParadigm	FullRealization	FullRealization
111	74	долевой	долевой	285615	285613	Animate	Inanimate	Reflexive	FullReflexivity	NonReflexive	ImperfectiveReflexivity	NormalMorphForm	DefectOne	DefectTwo	Byt	DefectThree	DefectFour	GTAdjectiveAttributive	NotEllipted	VocalForm	NForm	NotControlled	ZeroTypeOfCoordination	NoCompositeness	DegreePositive	Adverb_Un_Hyphen	Adverb_With_Hyphen	DeclensionAdjectival	DeclensionNominal	DeclensionMixed	Indeclinable	Un_Comp_Suf	BiAspectual	MonoAspectual	Paired	NoSynthComparative	MOne	MTwo	MThree	NormalClassifyingCapitalization	Future	Past	Present	Adjective	ZeroDoubleConjunct	NotCommonChild	Accusative	Dative	Genitive	Instrumental	Locative	Nominative	Partitive	Prepositional	RCDemonstrative	RCAttributive	RCPossessive	RCIndefinite	RCPersonal	RCInterrogative	RCNegative	RCReflexive	RCNoun	NoPlacement	Imperfective	Perfective	NotDefaultFiller	Feminine	Masculine	NoLeftmostPlacement	Iterat	UnIterat	NoRightmostPlacement	NotLeftConjunct	PersonFirst	PersonSecond	PersonThird	PersonZero	Active	VoiceSya	Passive	VerbIntransitive	VerbIntransitiveSpecial	VerbTransitive	VerbTransitiveSpecial	NotRightConjunct	NoSpecialCaseForm	Locative_u	Genitive_u	Plural_consonant	Genitive_Locative_u	GenitivePlural_Zero	NominativePlural_a	SpecialPlual	SpecialVocative	NoContrast	NormalCapitalization	PO_Prefixoid	Rus_Prefixoid	VPOL_Prefixoid	NE_Prefixoid	Eval_Prefixoid	Intern_Prefixoid	Reduced_Prefixoid	InternHy_Prefixoid	Letter_Prefixoid	BEZ_Prefixoid	BES_Prefixoid	BEZer_Prefixoid	V_Prefixoid	InternModEr_Prefixoid	RusHy_Prefixoid	NAI_Prefixoid	POL_Prefixoid	NI_Prefixoid	KOE_Prefixoid	Intern_ReducedPrefixoid	InternMod_Prefixoid	Chem_Prefixoid	ProperNamePrefixoid	Chemical_Possible	ParticipleFullForm	ParticipleShortForm	Singular	FiveAndMore	Three	Four	Two	SevenEight	AdjectiveFullForm	NounProperGeneral	NounProperSurNameFlective	NounProperTown	NounProperName	AdjectiveProper	NounProperPatronymic	NounProperNameDimin	AbbrProperGeneral	NounProperSurNameForeign	NormalNumberParadigm	FullRealization
111	82	собственности	собственности	285613	285612	Inanimate	Inanimate	Reflexive	FullReflexivity	NonReflexive	ImperfectiveReflexivity	Reflexive	FullReflexivity	NonReflexive	ImperfectiveReflexivity	NormalMorphForm	NormalMorphForm	DefectOne	DefectTwo	Byt	DefectThree	DefectFour	DefectOne	DefectTwo	Byt	DefectThree	DefectFour	GTNoun	GTNoun	NotEllipted	NotEllipted	VocalForm	NForm	VocalForm	NForm	NotControlled	NotControlled	ZeroTypeOfCoordination	ZeroTypeOfCoordination	NoCompositeness	NoCompositeness	DegreeComparative	DegreePositive	DegreeSuperlative	DegreeComparative	DegreePositive	DegreeSuperlative	Adverb_Un_Hyphen	Adverb_With_Hyphen	Adverb_Un_Hyphen	Adverb_With_Hyphen	DeclensionNominal	DeclensionNominal	Un_Comp_Suf	Un_Comp_Suf	BiAspectual	MonoAspectual	Paired	BiAspectual	MonoAspectual	Paired	FullSynthComparison	NoSynthComparative	NoSynthSuperlative	OnlySuperlative	FullSynthComparison	NoSynthComparative	NoSynthSuperlative	OnlySuperlative	MOne	MTwo	MThree	MOne	MTwo	MThree	NormalClassifyingCapitalization	NormalClassifyingCapitalization	Future	Past	Present	Future	Past	Present	Noun	Noun	ZeroDoubleConjunct	ZeroDoubleConjunct	NotCommonChild	NotCommonChild	Dative	Genitive	Locative	Partitive	Prepositional	Accusative	Nominative	RCDemonstrative	RCAttributive	RCPossessive	RCIndefinite	RCPersonal	RCInterrogative	RCNegative	RCReflexive	RCNoun	RCDemonstrative	RCAttributive	RCPossessive	RCIndefinite	RCPersonal	RCInterrogative	RCNegative	RCReflexive	RCNoun	NoPlacement	NoPlacement	Imperfective	Perfective	Imperfective	Perfective	NotDefaultFiller	NotDefaultFiller	Feminine	Feminine	NoLeftmostPlacement	NoLeftmostPlacement	Iterat	UnIterat	Iterat	UnIterat	NoRightmostPlacement	NoRightmostPlacement	NotLeftConjunct	NotLeftConjunct	PersonFirst	PersonSecond	PersonThird	PersonZero	PersonFirst	PersonSecond	PersonThird	PersonZero	Active	VoiceSya	Passive	Active	VoiceSya	Passive	VerbIntransitive	VerbIntransitiveSpecial	VerbTransitive	VerbTransitiveSpecial	VerbIntransitive	VerbIntransitiveSpecial	VerbTransitive	VerbTransitiveSpecial	NotRightConjunct	NotRightConjunct	NoSpecialCaseForm	NoSpecialCaseForm	NoContrast	NoContrast	NormalCapitalization	NormalCapitalization	PO_Prefixoid	Rus_Prefixoid	VPOL_Prefixoid	NE_Prefixoid	Eval_Prefixoid	Intern_Prefixoid	Reduced_Prefixoid	InternHy_Prefixoid	Letter_Prefixoid	BEZ_Prefixoid	BES_Prefixoid	BEZer_Prefixoid	V_Prefixoid	InternModEr_Prefixoid	RusHy_Prefixoid	NAI_Prefixoid	POL_Prefixoid	NI_Prefixoid	KOE_Prefixoid	Intern_ReducedPrefixoid	InternMod_Prefixoid	Chem_Prefixoid	ProperNamePrefixoid	Chemical_Possible	PO_Prefixoid	Rus_Prefixoid	VPOL_Prefixoid	NE_Prefixoid	Eval_Prefixoid	Intern_Prefixoid	Reduced_Prefixoid	InternHy_Prefixoid	Letter_Prefixoid	BEZ_Prefixoid	BES_Prefixoid	BEZer_Prefixoid	V_Prefixoid	InternModEr_Prefixoid	RusHy_Prefixoid	NAI_Prefixoid	POL_Prefixoid	NI_Prefixoid	KOE_Prefixoid	Intern_ReducedPrefixoid	InternMod_Prefixoid	Chem_Prefixoid	ProperNamePrefixoid	Chemical_Possible	ParticipleFullForm	ParticipleShortForm	ParticipleFullForm	ParticipleShortForm	Singular	Plural	FiveAndMore	Three	Four	Two	SevenEight	FiveAndMore	Three	Four	Two	SevenEight	AdjectiveFullForm	AdjectiveShortForm	AdjectiveShortFlectional	AdjectiveFullForm	AdjectiveShortForm	AdjectiveShortFlectional	NounProperGeneral	NounProperSurNameFlective	NounProperTown	NounProperName	AdjectiveProper	NounProperPatronymic	NounProperNameDimin	AbbrProperGeneral	NounProperSurNameForeign	NounProperGeneral	NounProperSurNameFlective	NounProperTown	NounProperName	AdjectiveProper	NounProperPatronymic	NounProperNameDimin	AbbrProperGeneral	NounProperSurNameForeign	NormalNumberParadigm	NormalNumberParadigm	FullRealization	FullRealization
111	97	машина	машина	285616	285604	Inanimate	Reflexive	FullReflexivity	NonReflexive	ImperfectiveReflexivity	NormalMorphForm	DefectOne	DefectTwo	Byt	DefectThree	DefectFour	GTNoun	NotEllipted	VocalForm	NForm	NotControlled	ZeroTypeOfCoordination	NoCompositeness	DegreeComparative	DegreePositive	DegreeSuperlative	Adverb_Un_Hyphen	Adverb_With_Hyphen	DeclensionNominal	Un_Comp_Suf	BiAspectual	MonoAspectual	Paired	FullSynthComparison	NoSynthComparative	NoSynthSuperlative	OnlySuperlative	MOne	MTwo	MThree	NormalClassifyingCapitalization	Future	Past	Present	Noun	ZeroDoubleConjunct	NotCommonChild	Nominative	RCDemonstrative	RCAttributive	RCPossessive	RCIndefinite	RCPersonal	RCInterrogative	RCNegative	RCReflexive	RCNoun	NoPlacement	Imperfective	Perfective	NotDefaultFiller	Feminine	NoLeftmostPlacement	Iterat	UnIterat	NoRightmostPlacement	NotLeftConjunct	PersonFirst	PersonSecond	PersonThird	PersonZero	Active	VoiceSya	Passive	VerbIntransitive	VerbIntransitiveSpecial	VerbTransitive	VerbTransitiveSpecial	NotRightConjunct	NoSpecialCaseForm	NoContrast	NormalCapitalization	PO_Prefixoid	Rus_Prefixoid	VPOL_Prefixoid	NE_Prefixoid	Eval_Prefixoid	Intern_Prefixoid	Reduced_Prefixoid	InternHy_Prefixoid	Letter_Prefixoid	BEZ_Prefixoid	BES_Prefixoid	BEZer_Prefixoid	V_Prefixoid	InternModEr_Prefixoid	RusHy_Prefixoid	NAI_Prefixoid	POL_Prefixoid	NI_Prefixoid	KOE_Prefixoid	Intern_ReducedPrefixoid	InternMod_Prefixoid	Chem_Prefixoid	ProperNamePrefixoid	Chemical_Possible	ParticipleFullForm	ParticipleShortForm	Singular	FiveAndMore	Three	Four	Two	SevenEight	AdjectiveFullForm	AdjectiveShortForm	AdjectiveShortFlectional	NounProperGeneral	NounProperSurNameFlective	NounProperTown	NounProperName	AdjectiveProper	NounProperPatronymic	NounProperNameDimin	AbbrProperGeneral	NounProperSurNameForeign	NormalNumberParadigm	FullRealization
111	104	Mitsubishi	Mitsubishi	285617	285616	ZeroTypeOfCoordination	ZeroTypeOfCoordination	NoPlacement	NoPlacement	NormalCapitalization	NormalCapitalization	NotDefaultFiller	NotDefaultFiller	NoContrast	NoContrast	NoLeftmostPlacement	NoLeftmostPlacement	FullRealization	FullRealization	NoRightmostPlacement	NoRightmostPlacement	NormalNumberParadigm	NormalNumberParadigm	NotLeftConjunct	NotLeftConjunct	NormalClassifyingCapitalization	NormalClassifyingCapitalization	ZeroDoubleConjunct	ZeroDoubleConjunct	NotCommonChild	NotCommonChild	NotEllipted	NotEllipted	NormalMorphForm	NormalMorphForm	NotControlled	NotControlled	NotRightConjunct	NotRightConjunct
111	115	Lancer	Lancer	285618	285617	ZeroTypeOfCoordination	NoPlacement	NormalCapitalization	NotDefaultFiller	NoContrast	NoLeftmostPlacement	FullRealization	NoRightmostPlacement	NormalNumberParadigm	NotLeftConjunct	NormalClassifyingCapitalization	ZeroDoubleConjunct	NotCommonChild	NotEllipted	NormalMorphForm	NotControlled	NotRightConjunct
111	122	и	и	285620	285619	Animate	Inanimate	Reflexive	FullReflexivity	NonReflexive	ImperfectiveReflexivity	NormalMorphForm	DefectOne	DefectTwo	Byt	DefectThree	DefectFour	GTInvariable	NotEllipted	VocalForm	NForm	NotControlled	ZeroTypeOfCoordination	Composite_ski	Composite_iko	Composite_sko	NoCompositeness	Composite_o	Composite_e	Composite_usek	Composite_null	Composite_Numeral	Composite_cko	Composite_cki	Composite_ComplexNumeral	Composite_NumeralFull	Composite_NumeralShort	DegreeComparative	DegreePositive	DegreeSuperlative	Adverb_Un_Hyphen	Adverb_With_Hyphen	DeclensionAdjectival	DeclensionNominal	DeclensionMixed	Indeclinable	Comp_Suffixoid	Un_Comp_Suf	Comp_Suffixoid_Num_OJ	Comp_Suffixoid_Num_YJ	Comp_Suffixoid_Num_IJ	Comp_Suffixoid_Num_J	Comp_PunctuatorPost	Comp_PunctuatorPref	Comp_PunctuatorPostSeparable	Comp_PunctuatorPrefSeparable	Comp_Prefixoid	Comp_Suffixoid_Num_PercentYJ	Comp_Noun	Comp_Suffixoid_Chem	Comp_Adj	Comp_SuffixoidAbbr	BiAspectual	MonoAspectual	Paired	FullSynthComparison	NoSynthComparative	NoSynthSuperlative	OnlySuperlative	MOne	MTwo	MThree	NormalClassifyingCapitalization	Future	Past	Present	Conjunction	Particle	ZeroDoubleConjunct	NotCommonChild	Accusative	Dative	Genitive	Instrumental	Locative	Nominative	Partitive	Prepositional	DativeSpecial	ZeroCase	Vocative	RCDemonstrative	RCAttributive	RCPossessive	RCIndefinite	RCPersonal	RCInterrogative	RCNegative	RCReflexive	RCNoun	NoPlacement	Imperfective	Perfective	NotDefaultFiller	Feminine	Masculine	Neuter	Common	NoLeftmostPlacement	Iterat	UnIterat	NoRightmostPlacement	NotLeftConjunct	PersonFirst	PersonSecond	PersonThird	PersonZero	Active	VoiceSya	Passive	VerbIntransitive	VerbIntransitiveSpecial	VerbTransitive	VerbTransitiveSpecial	NotRightConjunct	NoSpecialCaseForm	Locative_u	Genitive_u	Plural_consonant	Genitive_Locative_u	GenitivePlural_Zero	NominativePlural_a	SpecialPlual	SpecialVocative	NoContrast	NormalCapitalization	PO_Prefixoid	Rus_Prefixoid	VPOL_Prefixoid	NE_Prefixoid	Eval_Prefixoid	Intern_Prefixoid	Reduced_Prefixoid	InternHy_Prefixoid	Letter_Prefixoid	BEZ_Prefixoid	BES_Prefixoid	BEZer_Prefixoid	V_Prefixoid	InternModEr_Prefixoid	RusHy_Prefixoid	NAI_Prefixoid	POL_Prefixoid	NI_Prefixoid	KOE_Prefixoid	Intern_ReducedPrefixoid	InternMod_Prefixoid	Chem_Prefixoid	ProperNamePrefixoid	Chemical_Possible	ParticipleFullForm	ParticipleShortForm	Plural	Singular	FiveAndMore	Three	Four	Two	SevenEight	AdjectiveFullForm	AdjectiveShortForm	AdjectiveShortFlectional	NounProperGeneral	NounProperSurNameFlective	NounProperTown	NounProperName	AdjectiveProper	NounProperPatronymic	NounProperNameDimin	AbbrProperGeneral	NounProperSurNameForeign	NormalNumberParadigm	FullRealization
111	124	одно	одно	285621	285619	Animate	Inanimate	Reflexive	FullReflexivity	NonReflexive	ImperfectiveReflexivity	NormalMorphForm	DefectOne	DefectTwo	Byt	DefectThree	DefectFour	GTAdjectiveAttributive	GTNumeral	NotEllipted	VocalForm	NForm	NotControlled	ZeroTypeOfCoordination	Composite_ski	Composite_iko	Composite_sko	NoCompositeness	Composite_o	Composite_e	Composite_usek	Composite_null	Composite_Numeral	Composite_cko	Composite_cki	Composite_ComplexNumeral	Composite_NumeralFull	Composite_NumeralShort	DegreeComparative	DegreePositive	DegreeSuperlative	Adverb_Un_Hyphen	Adverb_With_Hyphen	DeclensionAdjectival	DeclensionNominal	DeclensionMixed	Indeclinable	Comp_Suffixoid	Un_Comp_Suf	Comp_Suffixoid_Num_OJ	Comp_Suffixoid_Num_YJ	Comp_Suffixoid_Num_IJ	Comp_Suffixoid_Num_J	Comp_PunctuatorPost	Comp_PunctuatorPref	Comp_PunctuatorPostSeparable	Comp_PunctuatorPrefSeparable	Comp_Prefixoid	Comp_Suffixoid_Num_PercentYJ	Comp_Noun	Comp_Suffixoid_Chem	Comp_Adj	Comp_SuffixoidAbbr	BiAspectual	MonoAspectual	Paired	FullSynthComparison	NoSynthComparative	NoSynthSuperlative	OnlySuperlative	MOne	MTwo	MThree	NormalClassifyingCapitalization	Future	Past	Present	Numeral	Pronoun	ZeroDoubleConjunct	NotCommonChild	Accusative	Nominative	ZeroCase	RCDemonstrative	RCAttributive	RCPossessive	RCIndefinite	RCPersonal	RCInterrogative	RCNegative	RCReflexive	RCNoun	NoPlacement	Imperfective	Perfective	NotDefaultFiller	Feminine	Masculine	Neuter	Common	NoLeftmostPlacement	Iterat	UnIterat	NoRightmostPlacement	NotLeftConjunct	PersonFirst	PersonSecond	PersonThird	PersonZero	Active	VoiceSya	Passive	VerbIntransitive	VerbIntransitiveSpecial	VerbTransitive	VerbTransitiveSpecial	NotRightConjunct	NoSpecialCaseForm	Locative_u	Genitive_u	Plural_consonant	Genitive_Locative_u	GenitivePlural_Zero	NominativePlural_a	SpecialPlual	SpecialVocative	NoContrast	NormalCapitalization	PO_Prefixoid	Rus_Prefixoid	VPOL_Prefixoid	NE_Prefixoid	Eval_Prefixoid	Intern_Prefixoid	Reduced_Prefixoid	InternHy_Prefixoid	Letter_Prefixoid	BEZ_Prefixoid	BES_Prefixoid	BEZer_Prefixoid	V_Prefixoid	InternModEr_Prefixoid	RusHy_Prefixoid	NAI_Prefixoid	POL_Prefixoid	NI_Prefixoid	KOE_Prefixoid	Intern_ReducedPrefixoid	InternMod_Prefixoid	Chem_Prefixoid	ProperNamePrefixoid	Chemical_Possible	ParticipleFullForm	ParticipleShortForm	Plural	Singular	FiveAndMore	Three	Four	Two	SevenEight	AdjectiveFullForm	AdjectiveShortForm	AdjectiveShortFlectional	NounProperGeneral	NounProperSurNameFlective	NounProperTown	NounProperName	AdjectiveProper	NounProperPatronymic	NounProperNameDimin	AbbrProperGeneral	NounProperSurNameForeign	NormalNumberParadigm	FullRealization
111	129	машино-место	машино-место	285619	285604	Inanimate	Reflexive	FullReflexivity	NonReflexive	ImperfectiveReflexivity	NormalMorphForm	DefectOne	DefectTwo	Byt	DefectThree	DefectFour	GTNoun	NotEllipted	VocalForm	NForm	NotControlled	ZeroTypeOfCoordination	Composite_o	DegreeComparative	DegreePositive	DegreeSuperlative	Adverb_Un_Hyphen	Adverb_With_Hyphen	DeclensionNominal	Un_Comp_Suf	BiAspectual	MonoAspectual	Paired	FullSynthComparison	NoSynthComparative	NoSynthSuperlative	OnlySuperlative	MOne	MTwo	MThree	NormalClassifyingCapitalization	Future	Past	Present	Noun	ZeroDoubleConjunct	NotCommonChild	ZeroCase	RCDemonstrative	RCAttributive	RCPossessive	RCIndefinite	RCPersonal	RCInterrogative	RCNegative	RCReflexive	RCNoun	NoPlacement	Imperfective	Perfective	NotDefaultFiller	Feminine	NoLeftmostPlacement	Iterat	UnIterat	NoRightmostPlacement	NotLeftConjunct	PersonFirst	PersonSecond	PersonThird	PersonZero	Active	VoiceSya	Passive	VerbIntransitive	VerbIntransitiveSpecial	VerbTransitive	VerbTransitiveSpecial	NotRightConjunct	NoSpecialCaseForm	NoContrast	NormalCapitalization	PO_Prefixoid	Rus_Prefixoid	VPOL_Prefixoid	NE_Prefixoid	Eval_Prefixoid	Intern_Prefixoid	Reduced_Prefixoid	InternHy_Prefixoid	Letter_Prefixoid	BEZ_Prefixoid	BES_Prefixoid	BEZer_Prefixoid	V_Prefixoid	InternModEr_Prefixoid	RusHy_Prefixoid	NAI_Prefixoid	POL_Prefixoid	NI_Prefixoid	KOE_Prefixoid	Intern_ReducedPrefixoid	InternMod_Prefixoid	Chem_Prefixoid	ProperNamePrefixoid	Chemical_Possible	ParticipleFullForm	ParticipleShortForm	Plural	Singular	FiveAndMore	Three	Four	Two	SevenEight	AdjectiveFullForm	AdjectiveShortForm	AdjectiveShortFlectional	NounProperGeneral	NounProperSurNameFlective	NounProperTown	NounProperName	AdjectiveProper	NounProperPatronymic	NounProperNameDimin	AbbrProperGeneral	NounProperSurNameForeign	NormalNumberParadigm	FullRealization
113	0	О	О	285624	285623	Animate	Inanimate	Animate	Inanimate	Inanimate	Reflexive	FullReflexivity	NonReflexive	ImperfectiveReflexivity	Reflexive	FullReflexivity	NonReflexive	ImperfectiveReflexivity	Reflexive	FullReflexivity	NonReflexive	ImperfectiveReflexivity	NormalMorphForm	NormalMorphForm	NormalMorphForm	NormalMorphForm	DefectOne	DefectTwo	Byt	DefectThree	DefectFour	DefectOne	DefectTwo	Byt	DefectThree	DefectFour	DefectOne	DefectTwo	Byt	DefectThree	DefectFour	GTInvariable	GTInvariable	GTNoun	NotEllipted	NotEllipted	NotEllipted	NotEllipted	VocalForm	NForm	VocalForm	NForm	VocalForm	NForm	NotControlled	NotControlled	NotControlled	NotControlled	ZeroTypeOfCoordination	ZeroTypeOfCoordination	ZeroTypeOfCoordination	ZeroTypeOfCoordination	Composite_ski	Composite_iko	Composite_sko	NoCompositeness	Composite_o	Composite_e	Composite_usek	Composite_null	Composite_Numeral	Composite_cko	Composite_cki	Composite_ComplexNumeral	Composite_NumeralFull	Composite_NumeralShort	Composite_ski	Composite_iko	Composite_sko	NoCompositeness	Composite_o	Composite_e	Composite_usek	Composite_null	Composite_Numeral	Composite_cko	Composite_cki	Composite_ComplexNumeral	Composite_NumeralFull	Composite_NumeralShort	NoCompositeness	DegreeComparative	DegreePositive	DegreeSuperlative	DegreeComparative	DegreePositive	DegreeSuperlative	DegreeComparative	DegreePositive	DegreeSuperlative	Adverb_Un_Hyphen	Adverb_With_Hyphen	Adverb_Un_Hyphen	Adverb_With_Hyphen	Adverb_Un_Hyphen	Adverb_With_Hyphen	DeclensionAdjectival	DeclensionNominal	DeclensionMixed	Indeclinable	DeclensionAdjectival	DeclensionNominal	DeclensionMixed	Indeclinable	Indeclinable	Comp_Suffixoid	Un_Comp_Suf	Comp_Suffixoid_Num_OJ	Comp_Suffixoid_Num_YJ	Comp_Suffixoid_Num_IJ	Comp_Suffixoid_Num_J	Comp_PunctuatorPost	Comp_PunctuatorPref	Comp_PunctuatorPostSeparable	Comp_PunctuatorPrefSeparable	Comp_Prefixoid	Comp_Suffixoid_Num_PercentYJ	Comp_Noun	Comp_Suffixoid_Chem	Comp_Adj	Comp_SuffixoidAbbr	Comp_Suffixoid	Un_Comp_Suf	Comp_Suffixoid_Num_OJ	Comp_Suffixoid_Num_YJ	Comp_Suffixoid_Num_IJ	Comp_Suffixoid_Num_J	Comp_PunctuatorPost	Comp_PunctuatorPref	Comp_PunctuatorPostSeparable	Comp_PunctuatorPrefSeparable	Comp_Prefixoid	Comp_Suffixoid_Num_PercentYJ	Comp_Noun	Comp_Suffixoid_Chem	Comp_Adj	Comp_SuffixoidAbbr	Comp_PunctuatorPrefSeparable	BiAspectual	MonoAspectual	Paired	BiAspectual	MonoAspectual	Paired	BiAspectual	MonoAspectual	Paired	FullSynthComparison	NoSynthComparative	NoSynthSuperlative	OnlySuperlative	FullSynthComparison	NoSynthComparative	NoSynthSuperlative	OnlySuperlative	FullSynthComparison	NoSynthComparative	NoSynthSuperlative	OnlySuperlative	MOne	MTwo	MThree	MOne	MTwo	MThree	MOne	MTwo	MThree	NormalClassifyingCapitalization	NormalClassifyingCapitalization	NormalClassifyingCapitalization	NormalClassifyingCapitalization	Future	Past	Present	Future	Past	Present	Future	Past	Present	Preposition	Interjection	Noun	ZeroDoubleConjunct	ZeroDoubleConjunct	ZeroDoubleConjunct	ZeroDoubleConjunct	NotCommonChild	NotCommonChild	NotCommonChild	NotCommonChild	Accusative	Dative	Genitive	Instrumental	Locative	Nominative	Partitive	Prepositional	DativeSpecial	ZeroCase	Vocative	Accusative	Dative	Genitive	Instrumental	Locative	Nominative	Partitive	Prepositional	DativeSpecial	ZeroCase	Vocative	Accusative	Dative	Genitive	Instrumental	Locative	Nominative	Partitive	Prepositional	RCDemonstrative	RCAttributive	RCPossessive	RCIndefinite	RCPersonal	RCInterrogative	RCNegative	RCReflexive	RCNoun	RCDemonstrative	RCAttributive	RCPossessive	RCIndefinite	RCPersonal	RCInterrogative	RCNegative	RCReflexive	RCNoun	RCDemonstrative	RCAttributive	RCPossessive	RCIndefinite	RCPersonal	RCInterrogative	RCNegative	RCReflexive	RCNoun	NoPlacement	NoPlacement	NoPlacement	NoPlacement	Imperfective	Perfective	Imperfective	Perfective	Imperfective	Perfective	NotDefaultFiller	NotDefaultFiller	NotDefaultFiller	NotDefaultFiller	Feminine	Masculine	Neuter	Common	Feminine	Masculine	Neuter	Common	Masculine	NoLeftmostPlacement	NoLeftmostPlacement	NoLeftmostPlacement	NoLeftmostPlacement	Iterat	UnIterat	Iterat	UnIterat	Iterat	UnIterat	NoRightmostPlacement	NoRightmostPlacement	NoRightmostPlacement	NoRightmostPlacement	NotLeftConjunct	NotLeftConjunct	NotLeftConjunct	NotLeftConjunct	PersonFirst	PersonSecond	PersonThird	PersonZero	PersonFirst	PersonSecond	PersonThird	PersonZero	PersonFirst	PersonSecond	PersonThird	PersonZero	Active	VoiceSya	Passive	Active	VoiceSya	Passive	Active	VoiceSya	Passive	VerbIntransitive	VerbIntransitiveSpecial	VerbTransitive	VerbTransitiveSpecial	VerbIntransitive	VerbIntransitiveSpecial	VerbTransitive	VerbTransitiveSpecial	VerbIntransitive	VerbIntransitiveSpecial	VerbTransitive	VerbTransitiveSpecial	NotRightConjunct	NotRightConjunct	NotRightConjunct	NotRightConjunct	NoSpecialCaseForm	Locative_u	Genitive_u	Plural_consonant	Genitive_Locative_u	GenitivePlural_Zero	NominativePlural_a	SpecialPlual	SpecialVocative	NoSpecialCaseForm	Locative_u	Genitive_u	Plural_consonant	Genitive_Locative_u	GenitivePlural_Zero	NominativePlural_a	SpecialPlual	SpecialVocative	NoSpecialCaseForm	Locative_u	Genitive_u	Plural_consonant	Genitive_Locative_u	GenitivePlural_Zero	NominativePlural_a	SpecialPlual	SpecialVocative	NoContrast	NoContrast	NoContrast	NoContrast	NormalCapitalization	NormalCapitalization	NormalCapitalization	NormalCapitalization	PO_Prefixoid	Rus_Prefixoid	VPOL_Prefixoid	NE_Prefixoid	Eval_Prefixoid	Intern_Prefixoid	Reduced_Prefixoid	InternHy_Prefixoid	Letter_Prefixoid	BEZ_Prefixoid	BES_Prefixoid	BEZer_Prefixoid	V_Prefixoid	InternModEr_Prefixoid	RusHy_Prefixoid	NAI_Prefixoid	POL_Prefixoid	NI_Prefixoid	KOE_Prefixoid	Intern_ReducedPrefixoid	InternMod_Prefixoid	Chem_Prefixoid	ProperNamePrefixoid	Chemical_Possible	PO_Prefixoid	Rus_Prefixoid	VPOL_Prefixoid	NE_Prefixoid	Eval_Prefixoid	Intern_Prefixoid	Reduced_Prefixoid	InternHy_Prefixoid	Letter_Prefixoid	BEZ_Prefixoid	BES_Prefixoid	BEZer_Prefixoid	V_Prefixoid	InternModEr_Prefixoid	RusHy_Prefixoid	NAI_Prefixoid	POL_Prefixoid	NI_Prefixoid	KOE_Prefixoid	Intern_ReducedPrefixoid	InternMod_Prefixoid	Chem_Prefixoid	ProperNamePrefixoid	Chemical_Possible	PO_Prefixoid	Rus_Prefixoid	VPOL_Prefixoid	NE_Prefixoid	Eval_Prefixoid	Intern_Prefixoid	Reduced_Prefixoid	InternHy_Prefixoid	Letter_Prefixoid	BEZ_Prefixoid	BES_Prefixoid	BEZer_Prefixoid	V_Prefixoid	InternModEr_Prefixoid	RusHy_Prefixoid	NAI_Prefixoid	POL_Prefixoid	NI_Prefixoid	KOE_Prefixoid	Intern_ReducedPrefixoid	InternMod_Prefixoid	Chem_Prefixoid	ProperNamePrefixoid	Chemical_Possible	ParticipleFullForm	ParticipleShortForm	ParticipleFullForm	ParticipleShortForm	ParticipleFullForm	ParticipleShortForm	Plural	Singular	Plural	Singular	Singular	FiveAndMore	Three	Four	Two	SevenEight	FiveAndMore	Three	Four	Two	SevenEight	FiveAndMore	Three	Four	Two	SevenEight	AdjectiveFullForm	AdjectiveShortForm	AdjectiveShortFlectional	AdjectiveFullForm	AdjectiveShortForm	AdjectiveShortFlectional	AdjectiveFullForm	AdjectiveShortForm	AdjectiveShortFlectional	NounProperGeneral	NounProperSurNameFlective	NounProperTown	NounProperName	AdjectiveProper	NounProperPatronymic	NounProperNameDimin	AbbrProperGeneral	NounProperSurNameForeign	NounProperGeneral	NounProperSurNameFlective	NounProperTown	NounProperName	AdjectiveProper	NounProperPatronymic	NounProperNameDimin	AbbrProperGeneral	NounProperSurNameForeign	AbbrProperGeneral	NormalNumberParadigm	NormalNumberParadigm	SingulariaTantum	NormalNumberParadigm	FullRealization	FullRealization	FullRealization	FullRealization
113	2	родственниках	родственниках	285623	285622	Animate	Reflexive	FullReflexivity	NonReflexive	ImperfectiveReflexivity	NormalMorphForm	DefectOne	DefectTwo	Byt	DefectThree	DefectFour	GTNoun	NotEllipted	VocalForm	NForm	NotControlled	ZeroTypeOfCoordination	NoCompositeness	DegreeComparative	DegreePositive	DegreeSuperlative	Adverb_Un_Hyphen	Adverb_With_Hyphen	DeclensionNominal	Un_Comp_Suf	BiAspectual	MonoAspectual	Paired	FullSynthComparison	NoSynthComparative	NoSynthSuperlative	OnlySuperlative	MOne	MTwo	MThree	NormalClassifyingCapitalization	Future	Past	Present	Noun	ZeroDoubleConjunct	NotCommonChild	Locative	Prepositional	RCDemonstrative	RCAttributive	RCPossessive	RCIndefinite	RCPersonal	RCInterrogative	RCNegative	RCReflexive	RCNoun	NoPlacement	Imperfective	Perfective	NotDefaultFiller	Masculine	NoLeftmostPlacement	Iterat	UnIterat	NoRightmostPlacement	NotLeftConjunct	PersonFirst	PersonSecond	PersonThird	PersonZero	Active	VoiceSya	Passive	VerbIntransitive	VerbIntransitiveSpecial	VerbTransitive	VerbTransitiveSpecial	NotRightConjunct	NoSpecialCaseForm	NoContrast	NormalCapitalization	PO_Prefixoid	Rus_Prefixoid	VPOL_Prefixoid	NE_Prefixoid	Eval_Prefixoid	Intern_Prefixoid	Reduced_Prefixoid	InternHy_Prefixoid	Letter_Prefixoid	BEZ_Prefixoid	BES_Prefixoid	BEZer_Prefixoid	V_Prefixoid	InternModEr_Prefixoid	RusHy_Prefixoid	NAI_Prefixoid	POL_Prefixoid	NI_Prefixoid	KOE_Prefixoid	Intern_ReducedPrefixoid	InternMod_Prefixoid	Chem_Prefixoid	ProperNamePrefixoid	Chemical_Possible	ParticipleFullForm	ParticipleShortForm	Plural	FiveAndMore	Three	Four	Two	SevenEight	AdjectiveFullForm	AdjectiveShortForm	AdjectiveShortFlectional	NounProperGeneral	NounProperSurNameFlective	NounProperTown	NounProperName	AdjectiveProper	NounProperPatronymic	NounProperNameDimin	AbbrProperGeneral	NounProperSurNameForeign	NormalNumberParadigm	FullRealization
113	16	Скворцовой	Скворцовой	285625	285623	Animate	Reflexive	FullReflexivity	NonReflexive	ImperfectiveReflexivity	NormalMorphForm	DefectOne	DefectTwo	Byt	DefectThree	DefectFour	GTNoun	NotEllipted	VocalForm	NForm	NotControlled	ZeroTypeOfCoordination	NoCompositeness	DegreeComparative	DegreePositive	DegreeSuperlative	Adverb_Un_Hyphen	Adverb_With_Hyphen	DeclensionNominal	Un_Comp_Suf	BiAspectual	MonoAspectual	Paired	FullSynthComparison	NoSynthComparative	NoSynthSuperlative	OnlySuperlative	MOne	MTwo	MThree	NormalClassifyingCapitalization	Future	Past	Present	Noun	ZeroDoubleConjunct	NotCommonChild	Dative	Genitive	Instrumental	Locative	Partitive	Prepositional	RCDemonstrative	RCAttributive	RCPossessive	RCIndefinite	RCPersonal	RCInterrogative	RCNegative	RCReflexive	RCNoun	NoPlacement	Imperfective	Perfective	NotDefaultFiller	Feminine	NoLeftmostPlacement	Iterat	UnIterat	NoRightmostPlacement	NotLeftConjunct	PersonFirst	PersonSecond	PersonThird	PersonZero	Active	VoiceSya	Passive	VerbIntransitive	VerbIntransitiveSpecial	VerbTransitive	VerbTransitiveSpecial	NotRightConjunct	NoSpecialCaseForm	NoContrast	NormalCapitalization	PO_Prefixoid	Rus_Prefixoid	VPOL_Prefixoid	NE_Prefixoid	Eval_Prefixoid	Intern_Prefixoid	Reduced_Prefixoid	InternHy_Prefixoid	Letter_Prefixoid	BEZ_Prefixoid	BES_Prefixoid	BEZer_Prefixoid	V_Prefixoid	InternModEr_Prefixoid	RusHy_Prefixoid	NAI_Prefixoid	POL_Prefixoid	NI_Prefixoid	KOE_Prefixoid	Intern_ReducedPrefixoid	InternMod_Prefixoid	Chem_Prefixoid	ProperNamePrefixoid	Chemical_Possible	ParticipleFullForm	ParticipleShortForm	Singular	FiveAndMore	Three	Four	Two	SevenEight	AdjectiveFullForm	AdjectiveShortForm	AdjectiveShortFlectional	NounProperSurNameFlective	NormalNumberParadigm	FullRealization
113	27	в	в	285627	285626	Animate	Inanimate	Inanimate	Reflexive	FullReflexivity	NonReflexive	ImperfectiveReflexivity	Reflexive	FullReflexivity	NonReflexive	ImperfectiveReflexivity	NormalMorphForm	NormalMorphForm	DefectOne	DefectTwo	Byt	DefectThree	DefectFour	DefectOne	DefectTwo	Byt	DefectThree	DefectFour	GTInvariable	GTNoun	NotEllipted	NotEllipted	VocalForm	NForm	VocalForm	NForm	NotControlled	NotControlled	ZeroTypeOfCoordination	ZeroTypeOfCoordination	Composite_ski	Composite_iko	Composite_sko	NoCompositeness	Composite_o	Composite_e	Composite_usek	Composite_null	Composite_Numeral	Composite_cko	Composite_cki	Composite_ComplexNumeral	Composite_NumeralFull	Composite_NumeralShort	NoCompositeness	DegreeComparative	DegreePositive	DegreeSuperlative	DegreeComparative	DegreePositive	DegreeSuperlative	Adverb_Un_Hyphen	Adverb_With_Hyphen	Adverb_Un_Hyphen	Adverb_With_Hyphen	DeclensionAdjectival	DeclensionNominal	DeclensionMixed	Indeclinable	Indeclinable	Comp_Suffixoid	Un_Comp_Suf	Comp_Suffixoid_Num_OJ	Comp_Suffixoid_Num_YJ	Comp_Suffixoid_Num_IJ	Comp_Suffixoid_Num_J	Comp_PunctuatorPost	Comp_PunctuatorPref	Comp_PunctuatorPostSeparable	Comp_PunctuatorPrefSeparable	Comp_Prefixoid	Comp_Suffixoid_Num_PercentYJ	Comp_Noun	Comp_Suffixoid_Chem	Comp_Adj	Comp_SuffixoidAbbr	Comp_PunctuatorPostSeparable	BiAspectual	MonoAspectual	Paired	BiAspectual	MonoAspectual	Paired	FullSynthComparison	NoSynthComparative	NoSynthSuperlative	OnlySuperlative	FullSynthComparison	NoSynthComparative	NoSynthSuperlative	OnlySuperlative	MOne	MTwo	MThree	MOne	MTwo	MThree	NormalClassifyingCapitalization	NormalClassifyingCapitalization	Future	Past	Present	Future	Past	Present	Preposition	Noun	ZeroDoubleConjunct	ZeroDoubleConjunct	NotCommonChild	NotCommonChild	Accusative	Dative	Genitive	Instrumental	Locative	Nominative	Partitive	Prepositional	DativeSpecial	ZeroCase	Vocative	Accusative	Dative	Genitive	Instrumental	Locative	Nominative	Partitive	Prepositional	RCDemonstrative	RCAttributive	RCPossessive	RCIndefinite	RCPersonal	RCInterrogative	RCNegative	RCReflexive	RCNoun	RCDemonstrative	RCAttributive	RCPossessive	RCIndefinite	RCPersonal	RCInterrogative	RCNegative	RCReflexive	RCNoun	NoPlacement	NoPlacement	Imperfective	Perfective	Imperfective	Perfective	NotDefaultFiller	NotDefaultFiller	Feminine	Masculine	Neuter	Common	Masculine	NoLeftmostPlacement	NoLeftmostPlacement	Iterat	UnIterat	Iterat	UnIterat	NoRightmostPlacement	NoRightmostPlacement	NotLeftConjunct	NotLeftConjunct	PersonFirst	PersonSecond	PersonThird	PersonZero	PersonFirst	PersonSecond	PersonThird	PersonZero	Active	VoiceSya	Passive	Active	VoiceSya	Passive	VerbIntransitive	VerbIntransitiveSpecial	VerbTransitive	VerbTransitiveSpecial	VerbIntransitive	VerbIntransitiveSpecial	VerbTransitive	VerbTransitiveSpecial	NotRightConjunct	NotRightConjunct	NoSpecialCaseForm	Locative_u	Genitive_u	Plural_consonant	Genitive_Locative_u	GenitivePlural_Zero	NominativePlural_a	SpecialPlual	SpecialVocative	NoSpecialCaseForm	Locative_u	Genitive_u	Plural_consonant	Genitive_Locative_u	GenitivePlural_Zero	NominativePlural_a	SpecialPlual	SpecialVocative	NoContrast	NoContrast	NormalCapitalization	NormalCapitalization	PO_Prefixoid	Rus_Prefixoid	VPOL_Prefixoid	NE_Prefixoid	Eval_Prefixoid	Intern_Prefixoid	Reduced_Prefixoid	InternHy_Prefixoid	Letter_Prefixoid	BEZ_Prefixoid	BES_Prefixoid	BEZer_Prefixoid	V_Prefixoid	InternModEr_Prefixoid	RusHy_Prefixoid	NAI_Prefixoid	POL_Prefixoid	NI_Prefixoid	KOE_Prefixoid	Intern_ReducedPrefixoid	InternMod_Prefixoid	Chem_Prefixoid	ProperNamePrefixoid	Chemical_Possible	PO_Prefixoid	Rus_Prefixoid	VPOL_Prefixoid	NE_Prefixoid	Eval_Prefixoid	Intern_Prefixoid	Reduced_Prefixoid	InternHy_Prefixoid	Letter_Prefixoid	BEZ_Prefixoid	BES_Prefixoid	BEZer_Prefixoid	V_Prefixoid	InternModEr_Prefixoid	RusHy_Prefixoid	NAI_Prefixoid	POL_Prefixoid	NI_Prefixoid	KOE_Prefixoid	Intern_ReducedPrefixoid	InternMod_Prefixoid	Chem_Prefixoid	ProperNamePrefixoid	Chemical_Possible	ParticipleFullForm	ParticipleShortForm	ParticipleFullForm	ParticipleShortForm	Plural	Singular	Plural	Singular	FiveAndMore	Three	Four	Two	SevenEight	FiveAndMore	Three	Four	Two	SevenEight	AdjectiveFullForm	AdjectiveShortForm	AdjectiveShortFlectional	AdjectiveFullForm	AdjectiveShortForm	AdjectiveShortFlectional	NounProperGeneral	NounProperSurNameFlective	NounProperTown	NounProperName	AdjectiveProper	NounProperPatronymic	NounProperNameDimin	AbbrProperGeneral	NounProperSurNameForeign	NounProperGeneral	NounProperSurNameFlective	NounProperTown	NounProperName	AdjectiveProper	NounProperPatronymic	NounProperNameDimin	AbbrProperGeneral	NounProperSurNameForeign	NormalNumberParadigm	NormalNumberParadigm	FullRealization	FullRealization
113	29	декларации	декларации	285626	285625	Inanimate	Reflexive	FullReflexivity	NonReflexive	ImperfectiveReflexivity	NormalMorphForm	DefectOne	DefectTwo	Byt	DefectThree	DefectFour	GTNoun	NotEllipted	VocalForm	NForm	NotControlled	ZeroTypeOfCoordination	NoCompositeness	DegreeComparative	DegreePositive	DegreeSuperlative	Adverb_Un_Hyphen	Adverb_With_Hyphen	DeclensionNominal	Un_Comp_Suf	BiAspectual	MonoAspectual	Paired	FullSynthComparison	NoSynthComparative	NoSynthSuperlative	OnlySuperlative	MOne	MTwo	MThree	NormalClassifyingCapitalization	Future	Past	Present	Noun	ZeroDoubleConjunct	NotCommonChild	Accusative	Dative	Genitive	Locative	Nominative	Partitive	Prepositional	RCDemonstrative	RCAttributive	RCPossessive	RCIndefinite	RCPersonal	RCInterrogative	RCNegative	RCReflexive	RCNoun	NoPlacement	Imperfective	Perfective	NotDefaultFiller	Feminine	NoLeftmostPlacement	Iterat	UnIterat	NoRightmostPlacement	NotLeftConjunct	PersonFirst	PersonSecond	PersonThird	PersonZero	Active	VoiceSya	Passive	VerbIntransitive	VerbIntransitiveSpecial	VerbTransitive	VerbTransitiveSpecial	NotRightConjunct	NoSpecialCaseForm	NoContrast	NormalCapitalization	PO_Prefixoid	Rus_Prefixoid	VPOL_Prefixoid	NE_Prefixoid	Eval_Prefixoid	Intern_Prefixoid	Reduced_Prefixoid	InternHy_Prefixoid	Letter_Prefixoid	BEZ_Prefixoid	BES_Prefixoid	BEZer_Prefixoid	V_Prefixoid	InternModEr_Prefixoid	RusHy_Prefixoid	NAI_Prefixoid	POL_Prefixoid	NI_Prefixoid	KOE_Prefixoid	Intern_ReducedPrefixoid	InternMod_Prefixoid	Chem_Prefixoid	ProperNamePrefixoid	Chemical_Possible	ParticipleFullForm	ParticipleShortForm	Plural	Singular	FiveAndMore	Three	Four	Two	SevenEight	AdjectiveFullForm	AdjectiveShortForm	AdjectiveShortFlectional	NounProperGeneral	NounProperSurNameFlective	NounProperTown	NounProperName	AdjectiveProper	NounProperPatronymic	NounProperNameDimin	AbbrProperGeneral	NounProperSurNameForeign	NormalNumberParadigm	FullRealization
113	40	ничего	ничего	285628	285622	Inanimate	Animate	Inanimate	Reflexive	FullReflexivity	NonReflexive	ImperfectiveReflexivity	Reflexive	FullReflexivity	NonReflexive	ImperfectiveReflexivity	NormalMorphForm	NormalMorphForm	DefectOne	DefectTwo	Byt	DefectThree	DefectFour	DefectOne	DefectTwo	Byt	DefectThree	DefectFour	GTNoun	GTAdverb	GTInvariable	NotEllipted	NotEllipted	VocalForm	NForm	VocalForm	NForm	NotControlled	NotControlled	ZeroTypeOfCoordination	ZeroTypeOfCoordination	Composite_ski	Composite_iko	Composite_sko	NoCompositeness	Composite_o	Composite_e	Composite_usek	Composite_null	Composite_Numeral	Composite_cko	Composite_cki	Composite_ComplexNumeral	Composite_NumeralFull	Composite_NumeralShort	Composite_ski	Composite_iko	Composite_sko	NoCompositeness	Composite_o	Composite_e	Composite_usek	Composite_null	Composite_Numeral	Composite_cko	Composite_cki	Composite_ComplexNumeral	Composite_NumeralFull	Composite_NumeralShort	DegreeComparative	DegreePositive	DegreeSuperlative	DegreeComparative	DegreePositive	DegreeSuperlative	Adverb_Un_Hyphen	Adverb_With_Hyphen	Adverb_Un_Hyphen	Adverb_With_Hyphen	DeclensionAdjectival	DeclensionNominal	DeclensionMixed	Indeclinable	DeclensionAdjectival	DeclensionNominal	DeclensionMixed	Indeclinable	Comp_Suffixoid	Un_Comp_Suf	Comp_Suffixoid_Num_OJ	Comp_Suffixoid_Num_YJ	Comp_Suffixoid_Num_IJ	Comp_Suffixoid_Num_J	Comp_PunctuatorPost	Comp_PunctuatorPref	Comp_PunctuatorPostSeparable	Comp_PunctuatorPrefSeparable	Comp_Prefixoid	Comp_Suffixoid_Num_PercentYJ	Comp_Noun	Comp_Suffixoid_Chem	Comp_Adj	Comp_SuffixoidAbbr	Comp_Suffixoid	Un_Comp_Suf	Comp_Suffixoid_Num_OJ	Comp_Suffixoid_Num_YJ	Comp_Suffixoid_Num_IJ	Comp_Suffixoid_Num_J	Comp_PunctuatorPost	Comp_PunctuatorPref	Comp_PunctuatorPostSeparable	Comp_PunctuatorPrefSeparable	Comp_Prefixoid	Comp_Suffixoid_Num_PercentYJ	Comp_Noun	Comp_Suffixoid_Chem	Comp_Adj	Comp_SuffixoidAbbr	BiAspectual	MonoAspectual	Paired	BiAspectual	MonoAspectual	Paired	FullSynthComparison	NoSynthComparative	NoSynthSuperlative	OnlySuperlative	FullSynthComparison	NoSynthComparative	NoSynthSuperlative	OnlySuperlative	MOne	MTwo	MThree	MOne	MTwo	MThree	NormalClassifyingCapitalization	NormalClassifyingCapitalization	Future	Past	Present	Future	Past	Present	Pronoun	Adverb	Predicative	ZeroDoubleConjunct	ZeroDoubleConjunct	NotCommonChild	NotCommonChild	Genitive	Accusative	Dative	Genitive	Instrumental	Locative	Nominative	Partitive	Prepositional	DativeSpecial	ZeroCase	Vocative	RCNegative	RCDemonstrative	RCAttributive	RCPossessive	RCIndefinite	RCPersonal	RCInterrogative	RCNegative	RCReflexive	RCNoun	NoPlacement	NoPlacement	Imperfective	Perfective	Imperfective	Perfective	NotDefaultFiller	NotDefaultFiller	Neuter	Feminine	Masculine	Neuter	Common	NoLeftmostPlacement	NoLeftmostPlacement	Iterat	UnIterat	Iterat	UnIterat	NoRightmostPlacement	NoRightmostPlacement	NotLeftConjunct	NotLeftConjunct	PersonFirst	PersonSecond	PersonThird	PersonZero	PersonFirst	PersonSecond	PersonThird	PersonZero	Active	VoiceSya	Passive	Active	VoiceSya	Passive	VerbIntransitive	VerbIntransitiveSpecial	VerbTransitive	VerbTransitiveSpecial	VerbIntransitive	VerbIntransitiveSpecial	VerbTransitive	VerbTransitiveSpecial	NotRightConjunct	NotRightConjunct	NoSpecialCaseForm	Locative_u	Genitive_u	Plural_consonant	Genitive_Locative_u	GenitivePlural_Zero	NominativePlural_a	SpecialPlual	SpecialVocative	NoSpecialCaseForm	Locative_u	Genitive_u	Plural_consonant	Genitive_Locative_u	GenitivePlural_Zero	NominativePlural_a	SpecialPlual	SpecialVocative	NoContrast	NoContrast	NormalCapitalization	NormalCapitalization	PO_Prefixoid	Rus_Prefixoid	VPOL_Prefixoid	NE_Prefixoid	Eval_Prefixoid	Intern_Prefixoid	Reduced_Prefixoid	InternHy_Prefixoid	Letter_Prefixoid	BEZ_Prefixoid	BES_Prefixoid	BEZer_Prefixoid	V_Prefixoid	InternModEr_Prefixoid	RusHy_Prefixoid	NAI_Prefixoid	POL_Prefixoid	NI_Prefixoid	KOE_Prefixoid	Intern_ReducedPrefixoid	InternMod_Prefixoid	Chem_Prefixoid	ProperNamePrefixoid	Chemical_Possible	PO_Prefixoid	Rus_Prefixoid	VPOL_Prefixoid	NE_Prefixoid	Eval_Prefixoid	Intern_Prefixoid	Reduced_Prefixoid	InternHy_Prefixoid	Letter_Prefixoid	BEZ_Prefixoid	BES_Prefixoid	BEZer_Prefixoid	V_Prefixoid	InternModEr_Prefixoid	RusHy_Prefixoid	NAI_Prefixoid	POL_Prefixoid	NI_Prefixoid	KOE_Prefixoid	Intern_ReducedPrefixoid	InternMod_Prefixoid	Chem_Prefixoid	ProperNamePrefixoid	Chemical_Possible	ParticipleFullForm	ParticipleShortForm	ParticipleFullForm	ParticipleShortForm	Singular	Plural	Singular	FiveAndMore	Three	Four	Two	SevenEight	FiveAndMore	Three	Four	Two	SevenEight	AdjectiveFullForm	AdjectiveShortForm	AdjectiveShortFlectional	AdjectiveFullForm	AdjectiveShortForm	AdjectiveShortFlectional	NounProperGeneral	NounProperSurNameFlective	NounProperTown	NounProperName	AdjectiveProper	NounProperPatronymic	NounProperNameDimin	AbbrProperGeneral	NounProperSurNameForeign	NounProperGeneral	NounProperSurNameFlective	NounProperTown	NounProperName	AdjectiveProper	NounProperPatronymic	NounProperNameDimin	AbbrProperGeneral	NounProperSurNameForeign	NormalNumberParadigm	NormalNumberParadigm	FullRealization	FullRealization
113	47	не	не	285629	285622	Animate	Inanimate	Reflexive	FullReflexivity	NonReflexive	ImperfectiveReflexivity	NormalMorphForm	DefectOne	DefectTwo	Byt	DefectThree	DefectFour	GTInvariable	NotEllipted	VocalForm	NForm	NotControlled	ZeroTypeOfCoordination	Composite_ski	Composite_iko	Composite_sko	NoCompositeness	Composite_o	Composite_e	Composite_usek	Composite_null	Composite_Numeral	Composite_cko	Composite_cki	Composite_ComplexNumeral	Composite_NumeralFull	Composite_NumeralShort	DegreeComparative	DegreePositive	DegreeSuperlative	Adverb_Un_Hyphen	Adverb_With_Hyphen	DeclensionAdjectival	DeclensionNominal	DeclensionMixed	Indeclinable	Comp_Suffixoid	Un_Comp_Suf	Comp_Suffixoid_Num_OJ	Comp_Suffixoid_Num_YJ	Comp_Suffixoid_Num_IJ	Comp_Suffixoid_Num_J	Comp_PunctuatorPost	Comp_PunctuatorPref	Comp_PunctuatorPostSeparable	Comp_PunctuatorPrefSeparable	Comp_Prefixoid	Comp_Suffixoid_Num_PercentYJ	Comp_Noun	Comp_Suffixoid_Chem	Comp_Adj	Comp_SuffixoidAbbr	BiAspectual	MonoAspectual	Paired	FullSynthComparison	NoSynthComparative	NoSynthSuperlative	OnlySuperlative	MOne	MTwo	MThree	NormalClassifyingCapitalization	Future	Past	Present	Particle	ZeroDoubleConjunct	NotCommonChild	Accusative	Dative	Genitive	Instrumental	Locative	Nominative	Partitive	Prepositional	DativeSpecial	ZeroCase	Vocative	RCDemonstrative	RCAttributive	RCPossessive	RCIndefinite	RCPersonal	RCInterrogative	RCNegative	RCReflexive	RCNoun	NoPlacement	Imperfective	Perfective	NotDefaultFiller	Feminine	Masculine	Neuter	Common	NoLeftmostPlacement	Iterat	UnIterat	NoRightmostPlacement	NotLeftConjunct	PersonFirst	PersonSecond	PersonThird	PersonZero	Active	VoiceSya	Passive	VerbIntransitive	VerbIntransitiveSpecial	VerbTransitive	VerbTransitiveSpecial	NotRightConjunct	NoSpecialCaseForm	Locative_u	Genitive_u	Plural_consonant	Genitive_Locative_u	GenitivePlural_Zero	NominativePlural_a	SpecialPlual	SpecialVocative	NoContrast	NormalCapitalization	PO_Prefixoid	Rus_Prefixoid	VPOL_Prefixoid	NE_Prefixoid	Eval_Prefixoid	Intern_Prefixoid	Reduced_Prefixoid	InternHy_Prefixoid	Letter_Prefixoid	BEZ_Prefixoid	BES_Prefixoid	BEZer_Prefixoid	V_Prefixoid	InternModEr_Prefixoid	RusHy_Prefixoid	NAI_Prefixoid	POL_Prefixoid	NI_Prefixoid	KOE_Prefixoid	Intern_ReducedPrefixoid	InternMod_Prefixoid	Chem_Prefixoid	ProperNamePrefixoid	Chemical_Possible	ParticipleFullForm	ParticipleShortForm	Plural	Singular	FiveAndMore	Three	Four	Two	SevenEight	AdjectiveFullForm	AdjectiveShortForm	AdjectiveShortFlectional	NounProperGeneral	NounProperSurNameFlective	NounProperTown	NounProperName	AdjectiveProper	NounProperPatronymic	NounProperNameDimin	AbbrProperGeneral	NounProperSurNameForeign	NormalNumberParadigm	FullRealization
113	50	говорилось	говорилось	285622	-1	Animate	Inanimate	ImperfectiveReflexivity	NormalMorphForm	DefectOne	DefectTwo	Byt	DefectThree	DefectFour	GTVerb	NotEllipted	VocalForm	NForm	NotControlled	ZeroTypeOfCoordination	Composite_ski	Composite_iko	Composite_sko	NoCompositeness	Composite_o	Composite_e	Composite_usek	Composite_null	Composite_Numeral	Composite_cko	Composite_cki	Composite_ComplexNumeral	Composite_NumeralFull	Composite_NumeralShort	DegreeComparative	DegreePositive	DegreeSuperlative	Adverb_Un_Hyphen	Adverb_With_Hyphen	DeclensionAdjectival	DeclensionNominal	DeclensionMixed	Indeclinable	Comp_Suffixoid	Un_Comp_Suf	Comp_Suffixoid_Num_OJ	Comp_Suffixoid_Num_YJ	Comp_Suffixoid_Num_IJ	Comp_Suffixoid_Num_J	Comp_PunctuatorPost	Comp_PunctuatorPref	Comp_PunctuatorPostSeparable	Comp_PunctuatorPrefSeparable	Comp_Prefixoid	Comp_Suffixoid_Num_PercentYJ	Comp_Noun	Comp_Suffixoid_Chem	Comp_Adj	Comp_SuffixoidAbbr	Paired	FullSynthComparison	NoSynthComparative	NoSynthSuperlative	OnlySuperlative	MOne	MTwo	MThree	NormalClassifyingCapitalization	Past	Verb	ZeroDoubleConjunct	NotCommonChild	Accusative	Dative	Genitive	Instrumental	Locative	Nominative	Partitive	Prepositional	DativeSpecial	ZeroCase	Vocative	RCDemonstrative	RCAttributive	RCPossessive	RCIndefinite	RCPersonal	RCInterrogative	RCNegative	RCReflexive	RCNoun	NoPlacement	Imperfective	NotDefaultFiller	Neuter	NoLeftmostPlacement	UnIterat	NoRightmostPlacement	NotLeftConjunct	PersonFirst	PersonSecond	PersonThird	PersonZero	VoiceSya	VerbTransitive	NotRightConjunct	NoSpecialCaseForm	Locative_u	Genitive_u	Plural_consonant	Genitive_Locative_u	GenitivePlural_Zero	NominativePlural_a	SpecialPlual	SpecialVocative	NoContrast	NormalCapitalization	PO_Prefixoid	Rus_Prefixoid	VPOL_Prefixoid	NE_Prefixoid	Eval_Prefixoid	Intern_Prefixoid	Reduced_Prefixoid	InternHy_Prefixoid	Letter_Prefixoid	BEZ_Prefixoid	BES_Prefixoid	BEZer_Prefixoid	V_Prefixoid	InternModEr_Prefixoid	RusHy_Prefixoid	NAI_Prefixoid	POL_Prefixoid	NI_Prefixoid	KOE_Prefixoid	Intern_ReducedPrefixoid	InternMod_Prefixoid	Chem_Prefixoid	ProperNamePrefixoid	Chemical_Possible	ParticipleFullForm	ParticipleShortForm	Singular	FiveAndMore	Three	Four	Two	SevenEight	AdjectiveFullForm	AdjectiveShortForm	AdjectiveShortFlectional	NounProperGeneral	NounProperSurNameFlective	NounProperTown	NounProperName	AdjectiveProper	NounProperPatronymic	NounProperNameDimin	AbbrProperGeneral	NounProperSurNameForeign	NormalNumberParadigm	FullRealization
