7	-1			487905	487896
7	0	Был	Был	487897	487896	Animate	0.5	Inanimate	0.5	NonReflexive	1.0	NormalMorphForm	1.0	Byt	1.0	GTVerb	1.0	NotEllipted	1.0	VocalForm	0.5	NForm	0.5	NotControlled	1.0	ZeroTypeOfCoordination	1.0	Composite_ComplexNumeral	0.0714285714286	Composite_cko	0.0714285714286	NoCompositeness	0.0714285714286	Composite_cki	0.0714285714286	Composite_o	0.0714285714286	Composite_NumeralFull	0.0714285714286	Composite_NumeralShort	0.0714285714286	Composite_null	0.0714285714286	Composite_iko	0.0714285714286	Composite_sko	0.0714285714286	Composite_e	0.0714285714286	Composite_Numeral	0.0714285714286	Composite_usek	0.0714285714286	Composite_ski	0.0714285714286	DegreeComparative	0.333333333333	DegreeSuperlative	0.333333333333	DegreePositive	0.333333333333	Adverb_With_Hyphen	0.5	Adverb_Un_Hyphen	0.5	DeclensionMixed	0.25	DeclensionAdjectival	0.25	DeclensionNominal	0.25	Indeclinable	0.25	Comp_PunctuatorPref	0.0625	Comp_Suffixoid_Num_IJ	0.0625	Comp_PunctuatorPostSeparable	0.0625	Un_Comp_Suf	0.0625	Comp_SuffixoidAbbr	0.0625	Comp_Noun	0.0625	Comp_Suffixoid_Num_J	0.0625	Comp_PunctuatorPost	0.0625	Comp_PunctuatorPrefSeparable	0.0625	Comp_Suffixoid_Num_OJ	0.0625	Comp_Prefixoid	0.0625	Comp_Suffixoid	0.0625	Comp_Suffixoid_Chem	0.0625	Comp_Suffixoid_Num_PercentYJ	0.0625	Comp_Suffixoid_Num_YJ	0.0625	Comp_Adj	0.0625	MonoAspectual	1.0	NoSynthComparative	0.25	FullSynthComparison	0.25	OnlySuperlative	0.25	NoSynthSuperlative	0.25	MTwo	0.333333333333	MOne	0.333333333333	MThree	0.333333333333	NormalClassifyingCapitalization	1.0	Past	1.0	Verb	1.0	ZeroDoubleConjunct	1.0	NotCommonChild	1.0	Accusative	0.0909090909091	Prepositional	0.0909090909091	Instrumental	0.0909090909091	Dative	0.0909090909091	ZeroCase	0.0909090909091	Locative	0.0909090909091	Genitive	0.0909090909091	Partitive	0.0909090909091	Nominative	0.0909090909091	DativeSpecial	0.0909090909091	Vocative	0.0909090909091	RCDemonstrative	0.111111111111	RCNegative	0.111111111111	RCNoun	0.111111111111	RCPossessive	0.111111111111	RCIndefinite	0.111111111111	RCPersonal	0.111111111111	RCReflexive	0.111111111111	RCInterrogative	0.111111111111	RCAttributive	0.111111111111	NoPlacement	1.0	Imperfective	1.0	NotDefaultFiller	1.0	Masculine	1.0	NoLeftmostPlacement	1.0	UnIterat	1.0	NoRightmostPlacement	1.0	NotLeftConjunct	1.0	PersonFirst	0.25	PersonThird	0.25	PersonSecond	0.25	PersonZero	0.25	Active	1.0	VerbIntransitive	1.0	NotRightConjunct	1.0	Plural_consonant	0.111111111111	Genitive_Locative_u	0.111111111111	Locative_u	0.111111111111	NoSpecialCaseForm	0.111111111111	SpecialVocative	0.111111111111	GenitivePlural_Zero	0.111111111111	SpecialPlual	0.111111111111	NominativePlural_a	0.111111111111	Genitive_u	0.111111111111	NoContrast	1.0	NormalCapitalization	1.0	V_Prefixoid	0.0416666666667	POL_Prefixoid	0.0416666666667	PO_Prefixoid	0.0416666666667	Letter_Prefixoid	0.0416666666667	InternMod_Prefixoid	0.0416666666667	Chem_Prefixoid	0.0416666666667	BES_Prefixoid	0.0416666666667	Chemical_Possible	0.0416666666667	VPOL_Prefixoid	0.0416666666667	Eval_Prefixoid	0.0416666666667	InternModEr_Prefixoid	0.0416666666667	Rus_Prefixoid	0.0416666666667	Intern_ReducedPrefixoid	0.0416666666667	NI_Prefixoid	0.0416666666667	Reduced_Prefixoid	0.0416666666667	NAI_Prefixoid	0.0416666666667	Intern_Prefixoid	0.0416666666667	BEZer_Prefixoid	0.0416666666667	InternHy_Prefixoid	0.0416666666667	KOE_Prefixoid	0.0416666666667	ProperNamePrefixoid	0.0416666666667	RusHy_Prefixoid	0.0416666666667	BEZ_Prefixoid	0.0416666666667	NE_Prefixoid	0.0416666666667	ParticipleShortForm	0.5	ParticipleFullForm	0.5	Singular	1.0	Four	0.2	SevenEight	0.2	Two	0.2	Three	0.2	FiveAndMore	0.2	AdjectiveFullForm	0.333333333333	AdjectiveShortFlectional	0.333333333333	AdjectiveShortForm	0.333333333333	NounProperNameDimin	0.111111111111	NounProperName	0.111111111111	NounProperGeneral	0.111111111111	NounProperTown	0.111111111111	NounProperSurNameFlective	0.111111111111	NounProperPatronymic	0.111111111111	AdjectiveProper	0.111111111111	AbbrProperGeneral	0.111111111111	NounProperSurNameForeign	0.111111111111	NormalNumberParadigm	1.0	FullRealization	1.0
7	4	назначен	назначен	487896	-1	Animate	0.5	Inanimate	0.5	ImperfectiveReflexivity	1.0	NormalMorphForm	1.0	DefectOne	0.2	DefectFour	0.2	Byt	0.2	DefectThree	0.2	DefectTwo	0.2	GTParticiple	1.0	NotEllipted	1.0	VocalForm	0.5	NForm	0.5	NotControlled	1.0	ZeroTypeOfCoordination	1.0	Composite_ComplexNumeral	0.0714285714286	Composite_cko	0.0714285714286	NoCompositeness	0.0714285714286	Composite_cki	0.0714285714286	Composite_o	0.0714285714286	Composite_NumeralFull	0.0714285714286	Composite_NumeralShort	0.0714285714286	Composite_null	0.0714285714286	Composite_iko	0.0714285714286	Composite_sko	0.0714285714286	Composite_e	0.0714285714286	Composite_Numeral	0.0714285714286	Composite_usek	0.0714285714286	Composite_ski	0.0714285714286	DegreeComparative	0.333333333333	DegreeSuperlative	0.333333333333	DegreePositive	0.333333333333	Adverb_With_Hyphen	0.5	Adverb_Un_Hyphen	0.5	DeclensionMixed	0.25	DeclensionAdjectival	0.25	DeclensionNominal	0.25	Indeclinable	0.25	Comp_PunctuatorPref	0.0625	Comp_Suffixoid_Num_IJ	0.0625	Comp_PunctuatorPostSeparable	0.0625	Un_Comp_Suf	0.0625	Comp_SuffixoidAbbr	0.0625	Comp_Noun	0.0625	Comp_Suffixoid_Num_J	0.0625	Comp_PunctuatorPost	0.0625	Comp_PunctuatorPrefSeparable	0.0625	Comp_Suffixoid_Num_OJ	0.0625	Comp_Prefixoid	0.0625	Comp_Suffixoid	0.0625	Comp_Suffixoid_Chem	0.0625	Comp_Suffixoid_Num_PercentYJ	0.0625	Comp_Suffixoid_Num_YJ	0.0625	Comp_Adj	0.0625	Paired	1.0	NoSynthComparative	0.25	FullSynthComparison	0.25	OnlySuperlative	0.25	NoSynthSuperlative	0.25	MTwo	0.333333333333	MOne	0.333333333333	MThree	0.333333333333	NormalClassifyingCapitalization	1.0	Past	1.0	Verb	1.0	ZeroDoubleConjunct	1.0	NotCommonChild	1.0	Accusative	0.0909090909091	Prepositional	0.0909090909091	Instrumental	0.0909090909091	Dative	0.0909090909091	ZeroCase	0.0909090909091	Locative	0.0909090909091	Genitive	0.0909090909091	Partitive	0.0909090909091	Nominative	0.0909090909091	DativeSpecial	0.0909090909091	Vocative	0.0909090909091	RCDemonstrative	0.111111111111	RCNegative	0.111111111111	RCNoun	0.111111111111	RCPossessive	0.111111111111	RCIndefinite	0.111111111111	RCPersonal	0.111111111111	RCReflexive	0.111111111111	RCInterrogative	0.111111111111	RCAttributive	0.111111111111	NoPlacement	1.0	Perfective	1.0	NotDefaultFiller	1.0	Masculine	1.0	NoLeftmostPlacement	1.0	UnIterat	1.0	NoRightmostPlacement	1.0	NotLeftConjunct	1.0	PersonFirst	0.25	PersonThird	0.25	PersonSecond	0.25	PersonZero	0.25	Passive	1.0	VerbTransitive	1.0	NotRightConjunct	1.0	Plural_consonant	0.111111111111	Genitive_Locative_u	0.111111111111	Locative_u	0.111111111111	NoSpecialCaseForm	0.111111111111	SpecialVocative	0.111111111111	GenitivePlural_Zero	0.111111111111	SpecialPlual	0.111111111111	NominativePlural_a	0.111111111111	Genitive_u	0.111111111111	NoContrast	1.0	NormalCapitalization	1.0	V_Prefixoid	0.0416666666667	POL_Prefixoid	0.0416666666667	PO_Prefixoid	0.0416666666667	Letter_Prefixoid	0.0416666666667	InternMod_Prefixoid	0.0416666666667	Chem_Prefixoid	0.0416666666667	BES_Prefixoid	0.0416666666667	Chemical_Possible	0.0416666666667	VPOL_Prefixoid	0.0416666666667	Eval_Prefixoid	0.0416666666667	InternModEr_Prefixoid	0.0416666666667	Rus_Prefixoid	0.0416666666667	Intern_ReducedPrefixoid	0.0416666666667	NI_Prefixoid	0.0416666666667	Reduced_Prefixoid	0.0416666666667	NAI_Prefixoid	0.0416666666667	Intern_Prefixoid	0.0416666666667	BEZer_Prefixoid	0.0416666666667	InternHy_Prefixoid	0.0416666666667	KOE_Prefixoid	0.0416666666667	ProperNamePrefixoid	0.0416666666667	RusHy_Prefixoid	0.0416666666667	BEZ_Prefixoid	0.0416666666667	NE_Prefixoid	0.0416666666667	ParticipleShortForm	1.0	Singular	1.0	Four	0.2	SevenEight	0.2	Two	0.2	Three	0.2	FiveAndMore	0.2	AdjectiveFullForm	0.333333333333	AdjectiveShortFlectional	0.333333333333	AdjectiveShortForm	0.333333333333	NounProperNameDimin	0.111111111111	NounProperName	0.111111111111	NounProperGeneral	0.111111111111	NounProperTown	0.111111111111	NounProperSurNameFlective	0.111111111111	NounProperPatronymic	0.111111111111	AdjectiveProper	0.111111111111	AbbrProperGeneral	0.111111111111	NounProperSurNameForeign	0.111111111111	NormalNumberParadigm	1.0	FullRealization	1.0
7	13	на	на	487899	487898	Animate	0.5	Inanimate	0.5	NonReflexive	0.25	ImperfectiveReflexivity	0.25	Reflexive	0.25	FullReflexivity	0.25	NormalMorphForm	1.0	DefectOne	0.2	DefectFour	0.2	Byt	0.2	DefectThree	0.2	DefectTwo	0.2	GTInvariable	1.0	NotEllipted	1.0	VocalForm	0.5	NForm	0.5	NotControlled	1.0	ZeroTypeOfCoordination	1.0	Composite_ComplexNumeral	0.0714285714286	Composite_cko	0.0714285714286	NoCompositeness	0.0714285714286	Composite_cki	0.0714285714286	Composite_o	0.0714285714286	Composite_NumeralFull	0.0714285714286	Composite_NumeralShort	0.0714285714286	Composite_null	0.0714285714286	Composite_iko	0.0714285714286	Composite_sko	0.0714285714286	Composite_e	0.0714285714286	Composite_Numeral	0.0714285714286	Composite_usek	0.0714285714286	Composite_ski	0.0714285714286	DegreeComparative	0.333333333333	DegreeSuperlative	0.333333333333	DegreePositive	0.333333333333	Adverb_With_Hyphen	0.5	Adverb_Un_Hyphen	0.5	DeclensionMixed	0.25	DeclensionAdjectival	0.25	DeclensionNominal	0.25	Indeclinable	0.25	Comp_PunctuatorPref	0.0625	Comp_Suffixoid_Num_IJ	0.0625	Comp_PunctuatorPostSeparable	0.0625	Un_Comp_Suf	0.0625	Comp_SuffixoidAbbr	0.0625	Comp_Noun	0.0625	Comp_Suffixoid_Num_J	0.0625	Comp_PunctuatorPost	0.0625	Comp_PunctuatorPrefSeparable	0.0625	Comp_Suffixoid_Num_OJ	0.0625	Comp_Prefixoid	0.0625	Comp_Suffixoid	0.0625	Comp_Suffixoid_Chem	0.0625	Comp_Suffixoid_Num_PercentYJ	0.0625	Comp_Suffixoid_Num_YJ	0.0625	Comp_Adj	0.0625	BiAspectual	0.333333333333	MonoAspectual	0.333333333333	Paired	0.333333333333	NoSynthComparative	0.25	FullSynthComparison	0.25	OnlySuperlative	0.25	NoSynthSuperlative	0.25	MTwo	0.333333333333	MOne	0.333333333333	MThree	0.333333333333	NormalClassifyingCapitalization	1.0	Past	0.333333333333	Future	0.333333333333	Present	0.333333333333	Preposition	1.0	ZeroDoubleConjunct	1.0	NotCommonChild	1.0	Accusative	0.0909090909091	Prepositional	0.0909090909091	Instrumental	0.0909090909091	Dative	0.0909090909091	ZeroCase	0.0909090909091	Locative	0.0909090909091	Genitive	0.0909090909091	Partitive	0.0909090909091	Nominative	0.0909090909091	DativeSpecial	0.0909090909091	Vocative	0.0909090909091	RCDemonstrative	0.111111111111	RCNegative	0.111111111111	RCNoun	0.111111111111	RCPossessive	0.111111111111	RCIndefinite	0.111111111111	RCPersonal	0.111111111111	RCReflexive	0.111111111111	RCInterrogative	0.111111111111	RCAttributive	0.111111111111	NoPlacement	1.0	Perfective	0.5	Imperfective	0.5	NotDefaultFiller	1.0	Feminine	0.25	Common	0.25	Masculine	0.25	Neuter	0.25	NoLeftmostPlacement	1.0	UnIterat	0.5	Iterat	0.5	NoRightmostPlacement	1.0	NotLeftConjunct	1.0	PersonFirst	0.25	PersonThird	0.25	PersonSecond	0.25	PersonZero	0.25	Active	0.333333333333	Passive	0.333333333333	VoiceSya	0.333333333333	VerbTransitive	0.25	VerbIntransitive	0.25	VerbIntransitiveSpecial	0.25	VerbTransitiveSpecial	0.25	NotRightConjunct	1.0	Plural_consonant	0.111111111111	Genitive_Locative_u	0.111111111111	Locative_u	0.111111111111	NoSpecialCaseForm	0.111111111111	SpecialVocative	0.111111111111	GenitivePlural_Zero	0.111111111111	SpecialPlual	0.111111111111	NominativePlural_a	0.111111111111	Genitive_u	0.111111111111	NoContrast	1.0	NormalCapitalization	1.0	V_Prefixoid	0.0416666666667	POL_Prefixoid	0.0416666666667	PO_Prefixoid	0.0416666666667	Letter_Prefixoid	0.0416666666667	InternMod_Prefixoid	0.0416666666667	Chem_Prefixoid	0.0416666666667	BES_Prefixoid	0.0416666666667	Chemical_Possible	0.0416666666667	VPOL_Prefixoid	0.0416666666667	Eval_Prefixoid	0.0416666666667	InternModEr_Prefixoid	0.0416666666667	Rus_Prefixoid	0.0416666666667	Intern_ReducedPrefixoid	0.0416666666667	NI_Prefixoid	0.0416666666667	Reduced_Prefixoid	0.0416666666667	NAI_Prefixoid	0.0416666666667	Intern_Prefixoid	0.0416666666667	BEZer_Prefixoid	0.0416666666667	InternHy_Prefixoid	0.0416666666667	KOE_Prefixoid	0.0416666666667	ProperNamePrefixoid	0.0416666666667	RusHy_Prefixoid	0.0416666666667	BEZ_Prefixoid	0.0416666666667	NE_Prefixoid	0.0416666666667	ParticipleShortForm	0.5	ParticipleFullForm	0.5	Plural	0.5	Singular	0.5	Four	0.2	SevenEight	0.2	Two	0.2	Three	0.2	FiveAndMore	0.2	AdjectiveFullForm	0.333333333333	AdjectiveShortFlectional	0.333333333333	AdjectiveShortForm	0.333333333333	NounProperNameDimin	0.111111111111	NounProperName	0.111111111111	NounProperGeneral	0.111111111111	NounProperTown	0.111111111111	NounProperSurNameFlective	0.111111111111	NounProperPatronymic	0.111111111111	AdjectiveProper	0.111111111111	AbbrProperGeneral	0.111111111111	NounProperSurNameForeign	0.111111111111	NormalNumberParadigm	1.0	FullRealization	1.0
7	16	эту	эту	487900	487898	Animate	0.5	Inanimate	0.5	NonReflexive	0.25	ImperfectiveReflexivity	0.25	Reflexive	0.25	FullReflexivity	0.25	NormalMorphForm	1.0	DefectOne	0.2	DefectFour	0.2	Byt	0.2	DefectThree	0.2	DefectTwo	0.2	GTAdjectiveAttributive	1.0	NotEllipted	1.0	VocalForm	0.5	NForm	0.5	NotControlled	1.0	ZeroTypeOfCoordination	1.0	Composite_ComplexNumeral	0.0714285714286	Composite_cko	0.0714285714286	NoCompositeness	0.0714285714286	Composite_cki	0.0714285714286	Composite_o	0.0714285714286	Composite_NumeralFull	0.0714285714286	Composite_NumeralShort	0.0714285714286	Composite_null	0.0714285714286	Composite_iko	0.0714285714286	Composite_sko	0.0714285714286	Composite_e	0.0714285714286	Composite_Numeral	0.0714285714286	Composite_usek	0.0714285714286	Composite_ski	0.0714285714286	DegreeComparative	0.333333333333	DegreeSuperlative	0.333333333333	DegreePositive	0.333333333333	Adverb_With_Hyphen	0.5	Adverb_Un_Hyphen	0.5	DeclensionMixed	0.25	DeclensionAdjectival	0.25	DeclensionNominal	0.25	Indeclinable	0.25	Comp_PunctuatorPref	0.0625	Comp_Suffixoid_Num_IJ	0.0625	Comp_PunctuatorPostSeparable	0.0625	Un_Comp_Suf	0.0625	Comp_SuffixoidAbbr	0.0625	Comp_Noun	0.0625	Comp_Suffixoid_Num_J	0.0625	Comp_PunctuatorPost	0.0625	Comp_PunctuatorPrefSeparable	0.0625	Comp_Suffixoid_Num_OJ	0.0625	Comp_Prefixoid	0.0625	Comp_Suffixoid	0.0625	Comp_Suffixoid_Chem	0.0625	Comp_Suffixoid_Num_PercentYJ	0.0625	Comp_Suffixoid_Num_YJ	0.0625	Comp_Adj	0.0625	BiAspectual	0.333333333333	MonoAspectual	0.333333333333	Paired	0.333333333333	NoSynthComparative	0.25	FullSynthComparison	0.25	OnlySuperlative	0.25	NoSynthSuperlative	0.25	MTwo	0.333333333333	MOne	0.333333333333	MThree	0.333333333333	NormalClassifyingCapitalization	1.0	Past	0.333333333333	Future	0.333333333333	Present	0.333333333333	Pronoun	1.0	ZeroDoubleConjunct	1.0	NotCommonChild	1.0	Accusative	1.0	RCDemonstrative	1.0	NoPlacement	1.0	Perfective	0.5	Imperfective	0.5	NotDefaultFiller	1.0	Feminine	1.0	NoLeftmostPlacement	1.0	UnIterat	0.5	Iterat	0.5	NoRightmostPlacement	1.0	NotLeftConjunct	1.0	PersonFirst	0.25	PersonThird	0.25	PersonSecond	0.25	PersonZero	0.25	Active	0.333333333333	Passive	0.333333333333	VoiceSya	0.333333333333	VerbTransitive	0.25	VerbIntransitive	0.25	VerbIntransitiveSpecial	0.25	VerbTransitiveSpecial	0.25	NotRightConjunct	1.0	Plural_consonant	0.111111111111	Genitive_Locative_u	0.111111111111	Locative_u	0.111111111111	NoSpecialCaseForm	0.111111111111	SpecialVocative	0.111111111111	GenitivePlural_Zero	0.111111111111	SpecialPlual	0.111111111111	NominativePlural_a	0.111111111111	Genitive_u	0.111111111111	NoContrast	1.0	NormalCapitalization	1.0	V_Prefixoid	0.0416666666667	POL_Prefixoid	0.0416666666667	PO_Prefixoid	0.0416666666667	Letter_Prefixoid	0.0416666666667	InternMod_Prefixoid	0.0416666666667	Chem_Prefixoid	0.0416666666667	BES_Prefixoid	0.0416666666667	Chemical_Possible	0.0416666666667	VPOL_Prefixoid	0.0416666666667	Eval_Prefixoid	0.0416666666667	InternModEr_Prefixoid	0.0416666666667	Rus_Prefixoid	0.0416666666667	Intern_ReducedPrefixoid	0.0416666666667	NI_Prefixoid	0.0416666666667	Reduced_Prefixoid	0.0416666666667	NAI_Prefixoid	0.0416666666667	Intern_Prefixoid	0.0416666666667	BEZer_Prefixoid	0.0416666666667	InternHy_Prefixoid	0.0416666666667	KOE_Prefixoid	0.0416666666667	ProperNamePrefixoid	0.0416666666667	RusHy_Prefixoid	0.0416666666667	BEZ_Prefixoid	0.0416666666667	NE_Prefixoid	0.0416666666667	ParticipleShortForm	0.5	ParticipleFullForm	0.5	Singular	1.0	Four	0.2	SevenEight	0.2	Two	0.2	Three	0.2	FiveAndMore	0.2	AdjectiveFullForm	1.0	NounProperNameDimin	0.111111111111	NounProperName	0.111111111111	NounProperGeneral	0.111111111111	NounProperTown	0.111111111111	NounProperSurNameFlective	0.111111111111	NounProperPatronymic	0.111111111111	AdjectiveProper	0.111111111111	AbbrProperGeneral	0.111111111111	NounProperSurNameForeign	0.111111111111	NormalNumberParadigm	1.0	FullRealization	1.0
7	20	должность	должность	487898	487896	Inanimate	1.0	NonReflexive	0.25	ImperfectiveReflexivity	0.25	Reflexive	0.25	FullReflexivity	0.25	NormalMorphForm	1.0	DefectOne	0.2	DefectFour	0.2	Byt	0.2	DefectThree	0.2	DefectTwo	0.2	GTNoun	1.0	NotEllipted	1.0	VocalForm	0.5	NForm	0.5	NotControlled	1.0	ZeroTypeOfCoordination	1.0	NoCompositeness	1.0	DegreeComparative	0.333333333333	DegreeSuperlative	0.333333333333	DegreePositive	0.333333333333	Adverb_With_Hyphen	0.5	Adverb_Un_Hyphen	0.5	DeclensionNominal	1.0	Un_Comp_Suf	1.0	BiAspectual	0.333333333333	MonoAspectual	0.333333333333	Paired	0.333333333333	NoSynthComparative	0.25	FullSynthComparison	0.25	OnlySuperlative	0.25	NoSynthSuperlative	0.25	MTwo	0.333333333333	MOne	0.333333333333	MThree	0.333333333333	NormalClassifyingCapitalization	1.0	Past	0.333333333333	Future	0.333333333333	Present	0.333333333333	Noun	1.0	ZeroDoubleConjunct	1.0	NotCommonChild	1.0	Accusative	0.5	Nominative	0.5	RCDemonstrative	0.111111111111	RCNegative	0.111111111111	RCNoun	0.111111111111	RCPossessive	0.111111111111	RCIndefinite	0.111111111111	RCPersonal	0.111111111111	RCReflexive	0.111111111111	RCInterrogative	0.111111111111	RCAttributive	0.111111111111	NoPlacement	1.0	Perfective	0.5	Imperfective	0.5	NotDefaultFiller	1.0	Feminine	1.0	NoLeftmostPlacement	1.0	UnIterat	0.5	Iterat	0.5	NoRightmostPlacement	1.0	NotLeftConjunct	1.0	PersonFirst	0.25	PersonThird	0.25	PersonSecond	0.25	PersonZero	0.25	Active	0.333333333333	Passive	0.333333333333	VoiceSya	0.333333333333	VerbTransitive	0.25	VerbIntransitive	0.25	VerbIntransitiveSpecial	0.25	VerbTransitiveSpecial	0.25	NotRightConjunct	1.0	NoSpecialCaseForm	1.0	NoContrast	1.0	NormalCapitalization	1.0	V_Prefixoid	0.0416666666667	POL_Prefixoid	0.0416666666667	PO_Prefixoid	0.0416666666667	Letter_Prefixoid	0.0416666666667	InternMod_Prefixoid	0.0416666666667	Chem_Prefixoid	0.0416666666667	BES_Prefixoid	0.0416666666667	Chemical_Possible	0.0416666666667	VPOL_Prefixoid	0.0416666666667	Eval_Prefixoid	0.0416666666667	InternModEr_Prefixoid	0.0416666666667	Rus_Prefixoid	0.0416666666667	Intern_ReducedPrefixoid	0.0416666666667	NI_Prefixoid	0.0416666666667	Reduced_Prefixoid	0.0416666666667	NAI_Prefixoid	0.0416666666667	Intern_Prefixoid	0.0416666666667	BEZer_Prefixoid	0.0416666666667	InternHy_Prefixoid	0.0416666666667	KOE_Prefixoid	0.0416666666667	ProperNamePrefixoid	0.0416666666667	RusHy_Prefixoid	0.0416666666667	BEZ_Prefixoid	0.0416666666667	NE_Prefixoid	0.0416666666667	ParticipleShortForm	0.5	ParticipleFullForm	0.5	Singular	1.0	Four	0.2	SevenEight	0.2	Two	0.2	Three	0.2	FiveAndMore	0.2	AdjectiveFullForm	0.333333333333	AdjectiveShortFlectional	0.333333333333	AdjectiveShortForm	0.333333333333	NounProperNameDimin	0.111111111111	NounProperName	0.111111111111	NounProperGeneral	0.111111111111	NounProperTown	0.111111111111	NounProperSurNameFlective	0.111111111111	NounProperPatronymic	0.111111111111	AdjectiveProper	0.111111111111	AbbrProperGeneral	0.111111111111	NounProperSurNameForeign	0.111111111111	NormalNumberParadigm	1.0	FullRealization	1.0
7	30	в	в	487902	487901	Animate	0.25	Inanimate	0.75	NonReflexive	0.25	ImperfectiveReflexivity	0.25	Reflexive	0.25	FullReflexivity	0.25	NormalMorphForm	1.0	DefectOne	0.2	DefectFour	0.2	Byt	0.2	DefectThree	0.2	DefectTwo	0.2	GTInvariable	0.5	GTNoun	0.5	NotEllipted	1.0	VocalForm	0.5	NForm	0.5	NotControlled	1.0	ZeroTypeOfCoordination	1.0	Composite_ComplexNumeral	0.0357142857143	Composite_cko	0.0357142857143	NoCompositeness	0.535714285714	Composite_cki	0.0357142857143	Composite_o	0.0357142857143	Composite_NumeralFull	0.0357142857143	Composite_NumeralShort	0.0357142857143	Composite_null	0.0357142857143	Composite_iko	0.0357142857143	Composite_sko	0.0357142857143	Composite_e	0.0357142857143	Composite_Numeral	0.0357142857143	Composite_usek	0.0357142857143	Composite_ski	0.0357142857143	DegreeComparative	0.333333333333	DegreeSuperlative	0.333333333333	DegreePositive	0.333333333333	Adverb_With_Hyphen	0.5	Adverb_Un_Hyphen	0.5	DeclensionMixed	0.125	DeclensionAdjectival	0.125	DeclensionNominal	0.125	Indeclinable	0.625	Comp_PunctuatorPref	0.03125	Comp_Suffixoid_Num_IJ	0.03125	Comp_PunctuatorPostSeparable	0.53125	Un_Comp_Suf	0.03125	Comp_SuffixoidAbbr	0.03125	Comp_Noun	0.03125	Comp_Suffixoid_Num_J	0.03125	Comp_PunctuatorPost	0.03125	Comp_PunctuatorPrefSeparable	0.03125	Comp_Suffixoid_Num_OJ	0.03125	Comp_Prefixoid	0.03125	Comp_Suffixoid	0.03125	Comp_Suffixoid_Chem	0.03125	Comp_Suffixoid_Num_PercentYJ	0.03125	Comp_Suffixoid_Num_YJ	0.03125	Comp_Adj	0.03125	BiAspectual	0.333333333333	MonoAspectual	0.333333333333	Paired	0.333333333333	NoSynthComparative	0.25	FullSynthComparison	0.25	OnlySuperlative	0.25	NoSynthSuperlative	0.25	MTwo	0.333333333333	MOne	0.333333333333	MThree	0.333333333333	NormalClassifyingCapitalization	1.0	Past	0.333333333333	Future	0.333333333333	Present	0.333333333333	Preposition	0.5	Noun	0.5	ZeroDoubleConjunct	1.0	NotCommonChild	1.0	Accusative	0.107954545455	Prepositional	0.107954545455	Instrumental	0.107954545455	Dative	0.107954545455	ZeroCase	0.0454545454545	Locative	0.107954545455	Genitive	0.107954545455	Partitive	0.107954545455	Nominative	0.107954545455	DativeSpecial	0.0454545454545	Vocative	0.0454545454545	RCDemonstrative	0.111111111111	RCNegative	0.111111111111	RCNoun	0.111111111111	RCPossessive	0.111111111111	RCIndefinite	0.111111111111	RCPersonal	0.111111111111	RCReflexive	0.111111111111	RCInterrogative	0.111111111111	RCAttributive	0.111111111111	NoPlacement	1.0	Perfective	0.5	Imperfective	0.5	NotDefaultFiller	1.0	Feminine	0.125	Common	0.125	Masculine	0.625	Neuter	0.125	NoLeftmostPlacement	1.0	UnIterat	0.5	Iterat	0.5	NoRightmostPlacement	1.0	NotLeftConjunct	1.0	PersonFirst	0.25	PersonThird	0.25	PersonSecond	0.25	PersonZero	0.25	Active	0.333333333333	Passive	0.333333333333	VoiceSya	0.333333333333	VerbTransitive	0.25	VerbIntransitive	0.25	VerbIntransitiveSpecial	0.25	VerbTransitiveSpecial	0.25	NotRightConjunct	1.0	Plural_consonant	0.111111111111	Genitive_Locative_u	0.111111111111	Locative_u	0.111111111111	NoSpecialCaseForm	0.111111111111	SpecialVocative	0.111111111111	GenitivePlural_Zero	0.111111111111	SpecialPlual	0.111111111111	NominativePlural_a	0.111111111111	Genitive_u	0.111111111111	NoContrast	1.0	NormalCapitalization	1.0	V_Prefixoid	0.0416666666667	POL_Prefixoid	0.0416666666667	PO_Prefixoid	0.0416666666667	Letter_Prefixoid	0.0416666666667	InternMod_Prefixoid	0.0416666666667	Chem_Prefixoid	0.0416666666667	BES_Prefixoid	0.0416666666667	Chemical_Possible	0.0416666666667	VPOL_Prefixoid	0.0416666666667	Eval_Prefixoid	0.0416666666667	InternModEr_Prefixoid	0.0416666666667	Rus_Prefixoid	0.0416666666667	Intern_ReducedPrefixoid	0.0416666666667	NI_Prefixoid	0.0416666666667	Reduced_Prefixoid	0.0416666666667	NAI_Prefixoid	0.0416666666667	Intern_Prefixoid	0.0416666666667	BEZer_Prefixoid	0.0416666666667	InternHy_Prefixoid	0.0416666666667	KOE_Prefixoid	0.0416666666667	ProperNamePrefixoid	0.0416666666667	RusHy_Prefixoid	0.0416666666667	BEZ_Prefixoid	0.0416666666667	NE_Prefixoid	0.0416666666667	ParticipleShortForm	0.5	ParticipleFullForm	0.5	Plural	0.5	Singular	0.5	Four	0.2	SevenEight	0.2	Two	0.2	Three	0.2	FiveAndMore	0.2	AdjectiveFullForm	0.333333333333	AdjectiveShortFlectional	0.333333333333	AdjectiveShortForm	0.333333333333	NounProperNameDimin	0.111111111111	NounProperName	0.111111111111	NounProperGeneral	0.111111111111	NounProperTown	0.111111111111	NounProperSurNameFlective	0.111111111111	NounProperPatronymic	0.111111111111	AdjectiveProper	0.111111111111	AbbrProperGeneral	0.111111111111	NounProperSurNameForeign	0.111111111111	NormalNumberParadigm	1.0	FullRealization	1.0
7	32	ноябре	ноябре	487901	487896	Inanimate	1.0	NonReflexive	0.25	ImperfectiveReflexivity	0.25	Reflexive	0.25	FullReflexivity	0.25	NormalMorphForm	1.0	DefectOne	0.2	DefectFour	0.2	Byt	0.2	DefectThree	0.2	DefectTwo	0.2	GTNoun	1.0	NotEllipted	1.0	VocalForm	0.5	NForm	0.5	NotControlled	1.0	ZeroTypeOfCoordination	1.0	NoCompositeness	1.0	DegreeComparative	0.333333333333	DegreeSuperlative	0.333333333333	DegreePositive	0.333333333333	Adverb_With_Hyphen	0.5	Adverb_Un_Hyphen	0.5	DeclensionNominal	1.0	Un_Comp_Suf	1.0	BiAspectual	0.333333333333	MonoAspectual	0.333333333333	Paired	0.333333333333	NoSynthComparative	0.25	FullSynthComparison	0.25	OnlySuperlative	0.25	NoSynthSuperlative	0.25	MTwo	0.333333333333	MOne	0.333333333333	MThree	0.333333333333	NormalClassifyingCapitalization	1.0	Past	0.333333333333	Future	0.333333333333	Present	0.333333333333	Noun	1.0	ZeroDoubleConjunct	1.0	NotCommonChild	1.0	Prepositional	0.5	Locative	0.5	RCDemonstrative	0.111111111111	RCNegative	0.111111111111	RCNoun	0.111111111111	RCPossessive	0.111111111111	RCIndefinite	0.111111111111	RCPersonal	0.111111111111	RCReflexive	0.111111111111	RCInterrogative	0.111111111111	RCAttributive	0.111111111111	NoPlacement	1.0	Perfective	0.5	Imperfective	0.5	NotDefaultFiller	1.0	Masculine	1.0	NoLeftmostPlacement	1.0	UnIterat	0.5	Iterat	0.5	NoRightmostPlacement	1.0	NotLeftConjunct	1.0	PersonFirst	0.25	PersonThird	0.25	PersonSecond	0.25	PersonZero	0.25	Active	0.333333333333	Passive	0.333333333333	VoiceSya	0.333333333333	VerbTransitive	0.25	VerbIntransitive	0.25	VerbIntransitiveSpecial	0.25	VerbTransitiveSpecial	0.25	NotRightConjunct	1.0	NoSpecialCaseForm	1.0	NoContrast	1.0	NormalCapitalization	1.0	V_Prefixoid	0.0416666666667	POL_Prefixoid	0.0416666666667	PO_Prefixoid	0.0416666666667	Letter_Prefixoid	0.0416666666667	InternMod_Prefixoid	0.0416666666667	Chem_Prefixoid	0.0416666666667	BES_Prefixoid	0.0416666666667	Chemical_Possible	0.0416666666667	VPOL_Prefixoid	0.0416666666667	Eval_Prefixoid	0.0416666666667	InternModEr_Prefixoid	0.0416666666667	Rus_Prefixoid	0.0416666666667	Intern_ReducedPrefixoid	0.0416666666667	NI_Prefixoid	0.0416666666667	Reduced_Prefixoid	0.0416666666667	NAI_Prefixoid	0.0416666666667	Intern_Prefixoid	0.0416666666667	BEZer_Prefixoid	0.0416666666667	InternHy_Prefixoid	0.0416666666667	KOE_Prefixoid	0.0416666666667	ProperNamePrefixoid	0.0416666666667	RusHy_Prefixoid	0.0416666666667	BEZ_Prefixoid	0.0416666666667	NE_Prefixoid	0.0416666666667	ParticipleShortForm	0.5	ParticipleFullForm	0.5	Singular	1.0	Four	0.2	SevenEight	0.2	Two	0.2	Three	0.2	FiveAndMore	0.2	AdjectiveFullForm	0.333333333333	AdjectiveShortFlectional	0.333333333333	AdjectiveShortForm	0.333333333333	NounProperNameDimin	0.111111111111	NounProperName	0.111111111111	NounProperGeneral	0.111111111111	NounProperTown	0.111111111111	NounProperSurNameFlective	0.111111111111	NounProperPatronymic	0.111111111111	AdjectiveProper	0.111111111111	AbbrProperGeneral	0.111111111111	NounProperSurNameForeign	0.111111111111	NormalNumberParadigm	1.0	FullRealization	1.0
7	39	2007	2007	487904	487903	ZeroTypeOfCoordination	1.0	NoPlacement	1.0	NormalCapitalization	1.0	NotDefaultFiller	1.0	NoContrast	1.0	NoLeftmostPlacement	1.0	FullRealization	1.0	NoRightmostPlacement	1.0	NormalNumberParadigm	1.0	NotLeftConjunct	1.0	NormalClassifyingCapitalization	1.0	ZeroDoubleConjunct	1.0	NotCommonChild	1.0	NotEllipted	1.0	NormalMorphForm	1.0	NotControlled	1.0	NotRightConjunct	1.0
7	44	года	года	487903	487901	Inanimate	1.0	NonReflexive	0.25	ImperfectiveReflexivity	0.25	Reflexive	0.25	FullReflexivity	0.25	NormalMorphForm	1.0	DefectOne	0.2	DefectFour	0.2	Byt	0.2	DefectThree	0.2	DefectTwo	0.2	GTNoun	1.0	NotEllipted	1.0	VocalForm	0.5	NForm	0.5	NotControlled	1.0	ZeroTypeOfCoordination	1.0	NoCompositeness	1.0	DegreeComparative	0.333333333333	DegreeSuperlative	0.333333333333	DegreePositive	0.333333333333	Adverb_With_Hyphen	0.5	Adverb_Un_Hyphen	0.5	DeclensionNominal	1.0	Un_Comp_Suf	1.0	BiAspectual	0.333333333333	MonoAspectual	0.333333333333	Paired	0.333333333333	NoSynthComparative	0.25	FullSynthComparison	0.25	OnlySuperlative	0.25	NoSynthSuperlative	0.25	MTwo	0.333333333333	MOne	0.333333333333	MThree	0.333333333333	NormalClassifyingCapitalization	1.0	Past	0.333333333333	Future	0.333333333333	Present	0.333333333333	Noun	1.0	ZeroDoubleConjunct	1.0	NotCommonChild	1.0	Accusative	0.416666666667	Genitive	0.166666666667	Nominative	0.416666666667	RCDemonstrative	0.111111111111	RCNegative	0.111111111111	RCNoun	0.111111111111	RCPossessive	0.111111111111	RCIndefinite	0.111111111111	RCPersonal	0.111111111111	RCReflexive	0.111111111111	RCInterrogative	0.111111111111	RCAttributive	0.111111111111	NoPlacement	1.0	Perfective	0.5	Imperfective	0.5	NotDefaultFiller	1.0	Masculine	1.0	NoLeftmostPlacement	1.0	UnIterat	0.5	Iterat	0.5	NoRightmostPlacement	1.0	NotLeftConjunct	1.0	PersonFirst	0.25	PersonThird	0.25	PersonSecond	0.25	PersonZero	0.25	Active	0.333333333333	Passive	0.333333333333	VoiceSya	0.333333333333	VerbTransitive	0.25	VerbIntransitive	0.25	VerbIntransitiveSpecial	0.25	VerbTransitiveSpecial	0.25	NotRightConjunct	1.0	NoSpecialCaseForm	1.0	NoContrast	1.0	NormalCapitalization	1.0	V_Prefixoid	0.0416666666667	POL_Prefixoid	0.0416666666667	PO_Prefixoid	0.0416666666667	Letter_Prefixoid	0.0416666666667	InternMod_Prefixoid	0.0416666666667	Chem_Prefixoid	0.0416666666667	BES_Prefixoid	0.0416666666667	Chemical_Possible	0.0416666666667	VPOL_Prefixoid	0.0416666666667	Eval_Prefixoid	0.0416666666667	InternModEr_Prefixoid	0.0416666666667	Rus_Prefixoid	0.0416666666667	Intern_ReducedPrefixoid	0.0416666666667	NI_Prefixoid	0.0416666666667	Reduced_Prefixoid	0.0416666666667	NAI_Prefixoid	0.0416666666667	Intern_Prefixoid	0.0416666666667	BEZer_Prefixoid	0.0416666666667	InternHy_Prefixoid	0.0416666666667	KOE_Prefixoid	0.0416666666667	ProperNamePrefixoid	0.0416666666667	RusHy_Prefixoid	0.0416666666667	BEZ_Prefixoid	0.0416666666667	NE_Prefixoid	0.0416666666667	ParticipleShortForm	0.5	ParticipleFullForm	0.5	Plural	0.75	Singular	0.25	Four	0.2	SevenEight	0.2	Two	0.2	Three	0.2	FiveAndMore	0.2	AdjectiveFullForm	0.333333333333	AdjectiveShortFlectional	0.333333333333	AdjectiveShortForm	0.333333333333	NounProperNameDimin	0.111111111111	NounProperName	0.111111111111	NounProperGeneral	0.111111111111	NounProperTown	0.111111111111	NounProperSurNameFlective	0.111111111111	NounProperPatronymic	0.111111111111	AdjectiveProper	0.111111111111	AbbrProperGeneral	0.111111111111	NounProperSurNameForeign	0.111111111111	NonCountForm	0.75	NormalNumberParadigm	0.25	FullRealization	1.0
25	-1			487940	487938
25	-1			487950	487946
25	0	Его	Его	487939	487938	Animate	0.5	Inanimate	0.5	NonReflexive	0.25	ImperfectiveReflexivity	0.25	Reflexive	0.25	FullReflexivity	0.25	NormalMorphForm	1.0	DefectOne	0.2	DefectFour	0.2	Byt	0.2	DefectThree	0.2	DefectTwo	0.2	GTNoun	0.5	GTAdjectiveAttributive	0.5	NotEllipted	1.0	VocalForm	0.75	NForm	0.25	NotControlled	1.0	ZeroTypeOfCoordination	1.0	Composite_ComplexNumeral	0.0714285714286	Composite_cko	0.0714285714286	NoCompositeness	0.0714285714286	Composite_cki	0.0714285714286	Composite_o	0.0714285714286	Composite_NumeralFull	0.0714285714286	Composite_NumeralShort	0.0714285714286	Composite_null	0.0714285714286	Composite_iko	0.0714285714286	Composite_sko	0.0714285714286	Composite_e	0.0714285714286	Composite_Numeral	0.0714285714286	Composite_usek	0.0714285714286	Composite_ski	0.0714285714286	DegreeComparative	0.333333333333	DegreeSuperlative	0.333333333333	DegreePositive	0.333333333333	Adverb_With_Hyphen	0.5	Adverb_Un_Hyphen	0.5	DeclensionMixed	0.25	DeclensionAdjectival	0.25	DeclensionNominal	0.25	Indeclinable	0.25	Comp_PunctuatorPref	0.0625	Comp_Suffixoid_Num_IJ	0.0625	Comp_PunctuatorPostSeparable	0.0625	Un_Comp_Suf	0.0625	Comp_SuffixoidAbbr	0.0625	Comp_Noun	0.0625	Comp_Suffixoid_Num_J	0.0625	Comp_PunctuatorPost	0.0625	Comp_PunctuatorPrefSeparable	0.0625	Comp_Suffixoid_Num_OJ	0.0625	Comp_Prefixoid	0.0625	Comp_Suffixoid	0.0625	Comp_Suffixoid_Chem	0.0625	Comp_Suffixoid_Num_PercentYJ	0.0625	Comp_Suffixoid_Num_YJ	0.0625	Comp_Adj	0.0625	BiAspectual	0.333333333333	MonoAspectual	0.333333333333	Paired	0.333333333333	NoSynthComparative	0.25	FullSynthComparison	0.25	OnlySuperlative	0.25	NoSynthSuperlative	0.25	MTwo	0.333333333333	MOne	0.333333333333	MThree	0.333333333333	NormalClassifyingCapitalization	1.0	Past	0.333333333333	Future	0.333333333333	Present	0.333333333333	Pronoun	1.0	ZeroDoubleConjunct	1.0	NotCommonChild	1.0	Accusative	0.3125	Prepositional	0.0625	Instrumental	0.0625	Dative	0.0625	Locative	0.0625	Genitive	0.3125	Partitive	0.0625	Nominative	0.0625	RCPossessive	0.5	RCPersonal	0.5	NoPlacement	1.0	Perfective	0.5	Imperfective	0.5	NotDefaultFiller	1.0	Feminine	0.125	Common	0.125	Masculine	0.375	Neuter	0.375	NoLeftmostPlacement	1.0	UnIterat	0.5	Iterat	0.5	NoRightmostPlacement	1.0	NotLeftConjunct	1.0	PersonThird	1.0	Active	0.333333333333	Passive	0.333333333333	VoiceSya	0.333333333333	VerbTransitive	0.25	VerbIntransitive	0.25	VerbIntransitiveSpecial	0.25	VerbTransitiveSpecial	0.25	NotRightConjunct	1.0	Plural_consonant	0.111111111111	Genitive_Locative_u	0.111111111111	Locative_u	0.111111111111	NoSpecialCaseForm	0.111111111111	SpecialVocative	0.111111111111	GenitivePlural_Zero	0.111111111111	SpecialPlual	0.111111111111	NominativePlural_a	0.111111111111	Genitive_u	0.111111111111	NoContrast	1.0	NormalCapitalization	1.0	V_Prefixoid	0.0416666666667	POL_Prefixoid	0.0416666666667	PO_Prefixoid	0.0416666666667	Letter_Prefixoid	0.0416666666667	InternMod_Prefixoid	0.0416666666667	Chem_Prefixoid	0.0416666666667	BES_Prefixoid	0.0416666666667	Chemical_Possible	0.0416666666667	VPOL_Prefixoid	0.0416666666667	Eval_Prefixoid	0.0416666666667	InternModEr_Prefixoid	0.0416666666667	Rus_Prefixoid	0.0416666666667	Intern_ReducedPrefixoid	0.0416666666667	NI_Prefixoid	0.0416666666667	Reduced_Prefixoid	0.0416666666667	NAI_Prefixoid	0.0416666666667	Intern_Prefixoid	0.0416666666667	BEZer_Prefixoid	0.0416666666667	InternHy_Prefixoid	0.0416666666667	KOE_Prefixoid	0.0416666666667	ProperNamePrefixoid	0.0416666666667	RusHy_Prefixoid	0.0416666666667	BEZ_Prefixoid	0.0416666666667	NE_Prefixoid	0.0416666666667	ParticipleShortForm	0.5	ParticipleFullForm	0.5	Plural	0.25	Singular	0.75	Four	0.2	SevenEight	0.2	Two	0.2	Three	0.2	FiveAndMore	0.2	AdjectiveFullForm	0.666666666667	AdjectiveShortFlectional	0.166666666667	AdjectiveShortForm	0.166666666667	NounProperNameDimin	0.111111111111	NounProperName	0.111111111111	NounProperGeneral	0.111111111111	NounProperTown	0.111111111111	NounProperSurNameFlective	0.111111111111	NounProperPatronymic	0.111111111111	AdjectiveProper	0.111111111111	AbbrProperGeneral	0.111111111111	NounProperSurNameForeign	0.111111111111	NormalNumberParadigm	1.0	FullRealization	1.0
25	4	предки	предки	487938	487937	Animate	1.0	NonReflexive	0.25	ImperfectiveReflexivity	0.25	Reflexive	0.25	FullReflexivity	0.25	NormalMorphForm	1.0	DefectOne	0.2	DefectFour	0.2	Byt	0.2	DefectThree	0.2	DefectTwo	0.2	GTNoun	1.0	NotEllipted	1.0	VocalForm	0.5	NForm	0.5	NotControlled	1.0	ZeroTypeOfCoordination	1.0	NoCompositeness	1.0	DegreeComparative	0.333333333333	DegreeSuperlative	0.333333333333	DegreePositive	0.333333333333	Adverb_With_Hyphen	0.5	Adverb_Un_Hyphen	0.5	DeclensionNominal	1.0	Un_Comp_Suf	1.0	BiAspectual	0.333333333333	MonoAspectual	0.333333333333	Paired	0.333333333333	NoSynthComparative	0.25	FullSynthComparison	0.25	OnlySuperlative	0.25	NoSynthSuperlative	0.25	MTwo	0.333333333333	MOne	0.333333333333	MThree	0.333333333333	NormalClassifyingCapitalization	1.0	Past	0.333333333333	Future	0.333333333333	Present	0.333333333333	Noun	1.0	ZeroDoubleConjunct	1.0	NotCommonChild	1.0	Nominative	1.0	RCDemonstrative	0.111111111111	RCNegative	0.111111111111	RCNoun	0.111111111111	RCPossessive	0.111111111111	RCIndefinite	0.111111111111	RCPersonal	0.111111111111	RCReflexive	0.111111111111	RCInterrogative	0.111111111111	RCAttributive	0.111111111111	NoPlacement	1.0	Perfective	0.5	Imperfective	0.5	NotDefaultFiller	1.0	Masculine	1.0	NoLeftmostPlacement	1.0	UnIterat	0.5	Iterat	0.5	NoRightmostPlacement	1.0	NotLeftConjunct	1.0	PersonFirst	0.25	PersonThird	0.25	PersonSecond	0.25	PersonZero	0.25	Active	0.333333333333	Passive	0.333333333333	VoiceSya	0.333333333333	VerbTransitive	0.25	VerbIntransitive	0.25	VerbIntransitiveSpecial	0.25	VerbTransitiveSpecial	0.25	NotRightConjunct	1.0	NoSpecialCaseForm	1.0	NoContrast	1.0	NormalCapitalization	1.0	V_Prefixoid	0.0416666666667	POL_Prefixoid	0.0416666666667	PO_Prefixoid	0.0416666666667	Letter_Prefixoid	0.0416666666667	InternMod_Prefixoid	0.0416666666667	Chem_Prefixoid	0.0416666666667	BES_Prefixoid	0.0416666666667	Chemical_Possible	0.0416666666667	VPOL_Prefixoid	0.0416666666667	Eval_Prefixoid	0.0416666666667	InternModEr_Prefixoid	0.0416666666667	Rus_Prefixoid	0.0416666666667	Intern_ReducedPrefixoid	0.0416666666667	NI_Prefixoid	0.0416666666667	Reduced_Prefixoid	0.0416666666667	NAI_Prefixoid	0.0416666666667	Intern_Prefixoid	0.0416666666667	BEZer_Prefixoid	0.0416666666667	InternHy_Prefixoid	0.0416666666667	KOE_Prefixoid	0.0416666666667	ProperNamePrefixoid	0.0416666666667	RusHy_Prefixoid	0.0416666666667	BEZ_Prefixoid	0.0416666666667	NE_Prefixoid	0.0416666666667	ParticipleShortForm	0.5	ParticipleFullForm	0.5	Plural	1.0	Four	0.2	SevenEight	0.2	Two	0.2	Three	0.2	FiveAndMore	0.2	AdjectiveFullForm	0.333333333333	AdjectiveShortFlectional	0.333333333333	AdjectiveShortForm	0.333333333333	NounProperNameDimin	0.111111111111	NounProperName	0.111111111111	NounProperGeneral	0.111111111111	NounProperTown	0.111111111111	NounProperSurNameFlective	0.111111111111	NounProperPatronymic	0.111111111111	AdjectiveProper	0.111111111111	AbbrProperGeneral	0.111111111111	NounProperSurNameForeign	0.111111111111	NormalNumberParadigm	1.0	FullRealization	1.0
25	11	были	были	487937	-1	Animate	0.25	Inanimate	0.75	FullReflexivity	0.125	ImperfectiveReflexivity	0.125	Reflexive	0.125	NonReflexive	0.625	NormalMorphForm	1.0	DefectOne	0.1	DefectFour	0.1	Byt	0.6	DefectThree	0.1	DefectTwo	0.1	GTVerb	0.5	GTNoun	0.5	NotEllipted	1.0	VocalForm	0.5	NForm	0.5	NotControlled	1.0	ZeroTypeOfCoordination	1.0	Composite_ComplexNumeral	0.0357142857143	Composite_cko	0.0357142857143	NoCompositeness	0.535714285714	Composite_cki	0.0357142857143	Composite_o	0.0357142857143	Composite_NumeralFull	0.0357142857143	Composite_NumeralShort	0.0357142857143	Composite_null	0.0357142857143	Composite_iko	0.0357142857143	Composite_sko	0.0357142857143	Composite_e	0.0357142857143	Composite_Numeral	0.0357142857143	Composite_usek	0.0357142857143	Composite_ski	0.0357142857143	DegreeComparative	0.333333333333	DegreeSuperlative	0.333333333333	DegreePositive	0.333333333333	Adverb_With_Hyphen	0.5	Adverb_Un_Hyphen	0.5	DeclensionMixed	0.125	DeclensionAdjectival	0.125	DeclensionNominal	0.625	Indeclinable	0.125	Comp_PunctuatorPref	0.03125	Comp_Suffixoid_Num_IJ	0.03125	Comp_PunctuatorPostSeparable	0.03125	Un_Comp_Suf	0.53125	Comp_SuffixoidAbbr	0.03125	Comp_Noun	0.03125	Comp_Suffixoid_Num_J	0.03125	Comp_PunctuatorPost	0.03125	Comp_PunctuatorPrefSeparable	0.03125	Comp_Suffixoid_Num_OJ	0.03125	Comp_Prefixoid	0.03125	Comp_Suffixoid	0.03125	Comp_Suffixoid_Chem	0.03125	Comp_Suffixoid_Num_PercentYJ	0.03125	Comp_Suffixoid_Num_YJ	0.03125	Comp_Adj	0.03125	MonoAspectual	0.666666666667	BiAspectual	0.166666666667	Paired	0.166666666667	NoSynthComparative	0.25	FullSynthComparison	0.25	OnlySuperlative	0.25	NoSynthSuperlative	0.25	MTwo	0.333333333333	MOne	0.333333333333	MThree	0.333333333333	NormalClassifyingCapitalization	1.0	Past	0.666666666667	Future	0.166666666667	Present	0.166666666667	Verb	0.5	Noun	0.5	ZeroDoubleConjunct	1.0	NotCommonChild	1.0	Accusative	0.116883116883	Prepositional	0.116883116883	Instrumental	0.0454545454545	Dative	0.116883116883	ZeroCase	0.0454545454545	Locative	0.116883116883	Genitive	0.116883116883	Partitive	0.116883116883	Nominative	0.116883116883	DativeSpecial	0.0454545454545	Vocative	0.0454545454545	RCDemonstrative	0.111111111111	RCNegative	0.111111111111	RCNoun	0.111111111111	RCPossessive	0.111111111111	RCIndefinite	0.111111111111	RCPersonal	0.111111111111	RCReflexive	0.111111111111	RCInterrogative	0.111111111111	RCAttributive	0.111111111111	NoPlacement	1.0	Perfective	0.25	Imperfective	0.75	NotDefaultFiller	1.0	Feminine	0.625	Common	0.125	Masculine	0.125	Neuter	0.125	NoLeftmostPlacement	1.0	UnIterat	0.75	Iterat	0.25	NoRightmostPlacement	1.0	NotLeftConjunct	1.0	PersonFirst	0.25	PersonThird	0.25	PersonSecond	0.25	PersonZero	0.25	Active	0.666666666667	Passive	0.166666666667	VoiceSya	0.166666666667	VerbTransitive	0.125	VerbIntransitive	0.625	VerbIntransitiveSpecial	0.125	VerbTransitiveSpecial	0.125	NotRightConjunct	1.0	Plural_consonant	0.0555555555556	Genitive_Locative_u	0.0555555555556	Locative_u	0.0555555555556	NoSpecialCaseForm	0.555555555556	SpecialVocative	0.0555555555556	GenitivePlural_Zero	0.0555555555556	SpecialPlual	0.0555555555556	NominativePlural_a	0.0555555555556	Genitive_u	0.0555555555556	NoContrast	1.0	NormalCapitalization	1.0	V_Prefixoid	0.0416666666667	POL_Prefixoid	0.0416666666667	PO_Prefixoid	0.0416666666667	Letter_Prefixoid	0.0416666666667	InternMod_Prefixoid	0.0416666666667	Chem_Prefixoid	0.0416666666667	BES_Prefixoid	0.0416666666667	Chemical_Possible	0.0416666666667	VPOL_Prefixoid	0.0416666666667	Eval_Prefixoid	0.0416666666667	InternModEr_Prefixoid	0.0416666666667	Rus_Prefixoid	0.0416666666667	Intern_ReducedPrefixoid	0.0416666666667	NI_Prefixoid	0.0416666666667	Reduced_Prefixoid	0.0416666666667	NAI_Prefixoid	0.0416666666667	Intern_Prefixoid	0.0416666666667	BEZer_Prefixoid	0.0416666666667	InternHy_Prefixoid	0.0416666666667	KOE_Prefixoid	0.0416666666667	ProperNamePrefixoid	0.0416666666667	RusHy_Prefixoid	0.0416666666667	BEZ_Prefixoid	0.0416666666667	NE_Prefixoid	0.0416666666667	ParticipleShortForm	0.5	ParticipleFullForm	0.5	Plural	0.75	Singular	0.25	Four	0.2	SevenEight	0.2	Two	0.2	Three	0.2	FiveAndMore	0.2	AdjectiveFullForm	0.333333333333	AdjectiveShortFlectional	0.333333333333	AdjectiveShortForm	0.333333333333	NounProperNameDimin	0.111111111111	NounProperName	0.111111111111	NounProperGeneral	0.111111111111	NounProperTown	0.111111111111	NounProperSurNameFlective	0.111111111111	NounProperPatronymic	0.111111111111	AdjectiveProper	0.111111111111	AbbrProperGeneral	0.111111111111	NounProperSurNameForeign	0.111111111111	NormalNumberParadigm	1.0	FullRealization	1.0
25	16	родом	родом	487941	487937	Animate	0.25	Inanimate	0.75	NonReflexive	0.25	ImperfectiveReflexivity	0.25	Reflexive	0.25	FullReflexivity	0.25	NormalMorphForm	1.0	DefectOne	0.2	DefectFour	0.2	Byt	0.2	DefectThree	0.2	DefectTwo	0.2	GTAdverb	0.5	GTNoun	0.5	NotEllipted	1.0	VocalForm	0.5	NForm	0.5	NotControlled	1.0	ZeroTypeOfCoordination	1.0	Composite_ComplexNumeral	0.0357142857143	Composite_cko	0.0357142857143	NoCompositeness	0.535714285714	Composite_cki	0.0357142857143	Composite_o	0.0357142857143	Composite_NumeralFull	0.0357142857143	Composite_NumeralShort	0.0357142857143	Composite_null	0.0357142857143	Composite_iko	0.0357142857143	Composite_sko	0.0357142857143	Composite_e	0.0357142857143	Composite_Numeral	0.0357142857143	Composite_usek	0.0357142857143	Composite_ski	0.0357142857143	DegreeComparative	0.166666666667	DegreeSuperlative	0.166666666667	DegreePositive	0.666666666667	Adverb_With_Hyphen	0.25	Adverb_Un_Hyphen	0.75	DeclensionMixed	0.125	DeclensionAdjectival	0.125	DeclensionNominal	0.625	Indeclinable	0.125	Comp_PunctuatorPref	0.03125	Comp_Suffixoid_Num_IJ	0.03125	Comp_PunctuatorPostSeparable	0.03125	Un_Comp_Suf	0.53125	Comp_SuffixoidAbbr	0.03125	Comp_Noun	0.03125	Comp_Suffixoid_Num_J	0.03125	Comp_PunctuatorPost	0.03125	Comp_PunctuatorPrefSeparable	0.03125	Comp_Suffixoid_Num_OJ	0.03125	Comp_Prefixoid	0.03125	Comp_Suffixoid	0.03125	Comp_Suffixoid_Chem	0.03125	Comp_Suffixoid_Num_PercentYJ	0.03125	Comp_Suffixoid_Num_YJ	0.03125	Comp_Adj	0.03125	BiAspectual	0.333333333333	MonoAspectual	0.333333333333	Paired	0.333333333333	NoSynthComparative	0.625	FullSynthComparison	0.125	OnlySuperlative	0.125	NoSynthSuperlative	0.125	MTwo	0.333333333333	MOne	0.333333333333	MThree	0.333333333333	NormalClassifyingCapitalization	1.0	Past	0.333333333333	Future	0.333333333333	Present	0.333333333333	Noun	0.5	Adverb	0.5	ZeroDoubleConjunct	1.0	NotCommonChild	1.0	Accusative	0.0454545454545	Prepositional	0.0454545454545	Instrumental	0.545454545455	Dative	0.0454545454545	ZeroCase	0.0454545454545	Locative	0.0454545454545	Genitive	0.0454545454545	Partitive	0.0454545454545	Nominative	0.0454545454545	DativeSpecial	0.0454545454545	Vocative	0.0454545454545	RCDemonstrative	0.111111111111	RCNegative	0.111111111111	RCNoun	0.111111111111	RCPossessive	0.111111111111	RCIndefinite	0.111111111111	RCPersonal	0.111111111111	RCReflexive	0.111111111111	RCInterrogative	0.111111111111	RCAttributive	0.111111111111	NoPlacement	1.0	Perfective	0.5	Imperfective	0.5	NotDefaultFiller	1.0	Feminine	0.125	Common	0.125	Masculine	0.625	Neuter	0.125	NoLeftmostPlacement	1.0	UnIterat	0.5	Iterat	0.5	NoRightmostPlacement	1.0	NotLeftConjunct	1.0	PersonFirst	0.25	PersonThird	0.25	PersonSecond	0.25	PersonZero	0.25	Active	0.333333333333	Passive	0.333333333333	VoiceSya	0.333333333333	VerbTransitive	0.25	VerbIntransitive	0.25	VerbIntransitiveSpecial	0.25	VerbTransitiveSpecial	0.25	NotRightConjunct	1.0	Plural_consonant	0.0555555555556	Genitive_Locative_u	0.305555555556	Locative_u	0.0555555555556	NoSpecialCaseForm	0.0555555555556	SpecialVocative	0.0555555555556	GenitivePlural_Zero	0.0555555555556	SpecialPlual	0.0555555555556	NominativePlural_a	0.305555555556	Genitive_u	0.0555555555556	NoContrast	1.0	NormalCapitalization	1.0	V_Prefixoid	0.0416666666667	POL_Prefixoid	0.0416666666667	PO_Prefixoid	0.0416666666667	Letter_Prefixoid	0.0416666666667	InternMod_Prefixoid	0.0416666666667	Chem_Prefixoid	0.0416666666667	BES_Prefixoid	0.0416666666667	Chemical_Possible	0.0416666666667	VPOL_Prefixoid	0.0416666666667	Eval_Prefixoid	0.0416666666667	InternModEr_Prefixoid	0.0416666666667	Rus_Prefixoid	0.0416666666667	Intern_ReducedPrefixoid	0.0416666666667	NI_Prefixoid	0.0416666666667	Reduced_Prefixoid	0.0416666666667	NAI_Prefixoid	0.0416666666667	Intern_Prefixoid	0.0416666666667	BEZer_Prefixoid	0.0416666666667	InternHy_Prefixoid	0.0416666666667	KOE_Prefixoid	0.0416666666667	ProperNamePrefixoid	0.0416666666667	RusHy_Prefixoid	0.0416666666667	BEZ_Prefixoid	0.0416666666667	NE_Prefixoid	0.0416666666667	ParticipleShortForm	0.5	ParticipleFullForm	0.5	Plural	0.25	Singular	0.75	Four	0.2	SevenEight	0.2	Two	0.2	Three	0.2	FiveAndMore	0.2	AdjectiveFullForm	0.333333333333	AdjectiveShortFlectional	0.333333333333	AdjectiveShortForm	0.333333333333	NounProperNameDimin	0.111111111111	NounProperName	0.111111111111	NounProperGeneral	0.111111111111	NounProperTown	0.111111111111	NounProperSurNameFlective	0.111111111111	NounProperPatronymic	0.111111111111	AdjectiveProper	0.111111111111	AbbrProperGeneral	0.111111111111	NounProperSurNameForeign	0.111111111111	NormalNumberParadigm	1.0	FullRealization	1.0
25	22	из	из	487943	487942	Animate	0.5	Inanimate	0.5	NonReflexive	0.25	ImperfectiveReflexivity	0.25	Reflexive	0.25	FullReflexivity	0.25	NormalMorphForm	1.0	DefectOne	0.2	DefectFour	0.2	Byt	0.2	DefectThree	0.2	DefectTwo	0.2	GTInvariable	1.0	NotEllipted	1.0	VocalForm	0.5	NForm	0.5	NotControlled	1.0	ZeroTypeOfCoordination	1.0	Composite_ComplexNumeral	0.0714285714286	Composite_cko	0.0714285714286	NoCompositeness	0.0714285714286	Composite_cki	0.0714285714286	Composite_o	0.0714285714286	Composite_NumeralFull	0.0714285714286	Composite_NumeralShort	0.0714285714286	Composite_null	0.0714285714286	Composite_iko	0.0714285714286	Composite_sko	0.0714285714286	Composite_e	0.0714285714286	Composite_Numeral	0.0714285714286	Composite_usek	0.0714285714286	Composite_ski	0.0714285714286	DegreeComparative	0.333333333333	DegreeSuperlative	0.333333333333	DegreePositive	0.333333333333	Adverb_With_Hyphen	0.5	Adverb_Un_Hyphen	0.5	DeclensionMixed	0.25	DeclensionAdjectival	0.25	DeclensionNominal	0.25	Indeclinable	0.25	Comp_PunctuatorPref	0.0625	Comp_Suffixoid_Num_IJ	0.0625	Comp_PunctuatorPostSeparable	0.0625	Un_Comp_Suf	0.0625	Comp_SuffixoidAbbr	0.0625	Comp_Noun	0.0625	Comp_Suffixoid_Num_J	0.0625	Comp_PunctuatorPost	0.0625	Comp_PunctuatorPrefSeparable	0.0625	Comp_Suffixoid_Num_OJ	0.0625	Comp_Prefixoid	0.0625	Comp_Suffixoid	0.0625	Comp_Suffixoid_Chem	0.0625	Comp_Suffixoid_Num_PercentYJ	0.0625	Comp_Suffixoid_Num_YJ	0.0625	Comp_Adj	0.0625	BiAspectual	0.333333333333	MonoAspectual	0.333333333333	Paired	0.333333333333	NoSynthComparative	0.25	FullSynthComparison	0.25	OnlySuperlative	0.25	NoSynthSuperlative	0.25	MTwo	0.333333333333	MOne	0.333333333333	MThree	0.333333333333	NormalClassifyingCapitalization	1.0	Past	0.333333333333	Future	0.333333333333	Present	0.333333333333	Preposition	1.0	ZeroDoubleConjunct	1.0	NotCommonChild	1.0	Accusative	0.0909090909091	Prepositional	0.0909090909091	Instrumental	0.0909090909091	Dative	0.0909090909091	ZeroCase	0.0909090909091	Locative	0.0909090909091	Genitive	0.0909090909091	Partitive	0.0909090909091	Nominative	0.0909090909091	DativeSpecial	0.0909090909091	Vocative	0.0909090909091	RCDemonstrative	0.111111111111	RCNegative	0.111111111111	RCNoun	0.111111111111	RCPossessive	0.111111111111	RCIndefinite	0.111111111111	RCPersonal	0.111111111111	RCReflexive	0.111111111111	RCInterrogative	0.111111111111	RCAttributive	0.111111111111	NoPlacement	1.0	Perfective	0.5	Imperfective	0.5	NotDefaultFiller	1.0	Feminine	0.25	Common	0.25	Masculine	0.25	Neuter	0.25	NoLeftmostPlacement	1.0	UnIterat	0.5	Iterat	0.5	NoRightmostPlacement	1.0	NotLeftConjunct	1.0	PersonFirst	0.25	PersonThird	0.25	PersonSecond	0.25	PersonZero	0.25	Active	0.333333333333	Passive	0.333333333333	VoiceSya	0.333333333333	VerbTransitive	0.25	VerbIntransitive	0.25	VerbIntransitiveSpecial	0.25	VerbTransitiveSpecial	0.25	NotRightConjunct	1.0	Plural_consonant	0.111111111111	Genitive_Locative_u	0.111111111111	Locative_u	0.111111111111	NoSpecialCaseForm	0.111111111111	SpecialVocative	0.111111111111	GenitivePlural_Zero	0.111111111111	SpecialPlual	0.111111111111	NominativePlural_a	0.111111111111	Genitive_u	0.111111111111	NoContrast	1.0	NormalCapitalization	1.0	V_Prefixoid	0.0416666666667	POL_Prefixoid	0.0416666666667	PO_Prefixoid	0.0416666666667	Letter_Prefixoid	0.0416666666667	InternMod_Prefixoid	0.0416666666667	Chem_Prefixoid	0.0416666666667	BES_Prefixoid	0.0416666666667	Chemical_Possible	0.0416666666667	VPOL_Prefixoid	0.0416666666667	Eval_Prefixoid	0.0416666666667	InternModEr_Prefixoid	0.0416666666667	Rus_Prefixoid	0.0416666666667	Intern_ReducedPrefixoid	0.0416666666667	NI_Prefixoid	0.0416666666667	Reduced_Prefixoid	0.0416666666667	NAI_Prefixoid	0.0416666666667	Intern_Prefixoid	0.0416666666667	BEZer_Prefixoid	0.0416666666667	InternHy_Prefixoid	0.0416666666667	KOE_Prefixoid	0.0416666666667	ProperNamePrefixoid	0.0416666666667	RusHy_Prefixoid	0.0416666666667	BEZ_Prefixoid	0.0416666666667	NE_Prefixoid	0.0416666666667	ParticipleShortForm	0.5	ParticipleFullForm	0.5	Plural	0.5	Singular	0.5	Four	0.2	SevenEight	0.2	Two	0.2	Three	0.2	FiveAndMore	0.2	AdjectiveFullForm	0.333333333333	AdjectiveShortFlectional	0.333333333333	AdjectiveShortForm	0.333333333333	NounProperNameDimin	0.111111111111	NounProperName	0.111111111111	NounProperGeneral	0.111111111111	NounProperTown	0.111111111111	NounProperSurNameFlective	0.111111111111	NounProperPatronymic	0.111111111111	AdjectiveProper	0.111111111111	AbbrProperGeneral	0.111111111111	NounProperSurNameForeign	0.111111111111	NormalNumberParadigm	1.0	FullRealization	1.0
25	25	славянского	славянского	487944	487942	Animate	0.5	Inanimate	0.5	NonReflexive	0.25	ImperfectiveReflexivity	0.25	Reflexive	0.25	FullReflexivity	0.25	NormalMorphForm	1.0	DefectOne	0.2	DefectFour	0.2	Byt	0.2	DefectThree	0.2	DefectTwo	0.2	GTAdjectiveAttributive	1.0	NotEllipted	1.0	VocalForm	0.5	NForm	0.5	NotControlled	1.0	ZeroTypeOfCoordination	1.0	NoCompositeness	1.0	DegreePositive	1.0	Adverb_With_Hyphen	0.5	Adverb_Un_Hyphen	0.5	DeclensionMixed	0.25	DeclensionAdjectival	0.25	DeclensionNominal	0.25	Indeclinable	0.25	Un_Comp_Suf	1.0	BiAspectual	0.333333333333	MonoAspectual	0.333333333333	Paired	0.333333333333	NoSynthComparative	1.0	MTwo	0.333333333333	MOne	0.333333333333	MThree	0.333333333333	NormalClassifyingCapitalization	1.0	Past	0.333333333333	Future	0.333333333333	Present	0.333333333333	Adjective	1.0	ZeroDoubleConjunct	1.0	NotCommonChild	1.0	Accusative	0.333333333333	Genitive	0.333333333333	Partitive	0.333333333333	RCDemonstrative	0.111111111111	RCNegative	0.111111111111	RCNoun	0.111111111111	RCPossessive	0.111111111111	RCIndefinite	0.111111111111	RCPersonal	0.111111111111	RCReflexive	0.111111111111	RCInterrogative	0.111111111111	RCAttributive	0.111111111111	NoPlacement	1.0	Perfective	0.5	Imperfective	0.5	NotDefaultFiller	1.0	Masculine	0.5	Neuter	0.5	NoLeftmostPlacement	1.0	UnIterat	0.5	Iterat	0.5	NoRightmostPlacement	1.0	NotLeftConjunct	1.0	PersonFirst	0.25	PersonThird	0.25	PersonSecond	0.25	PersonZero	0.25	Active	0.333333333333	Passive	0.333333333333	VoiceSya	0.333333333333	VerbTransitive	0.25	VerbIntransitive	0.25	VerbIntransitiveSpecial	0.25	VerbTransitiveSpecial	0.25	NotRightConjunct	1.0	Plural_consonant	0.111111111111	Genitive_Locative_u	0.111111111111	Locative_u	0.111111111111	NoSpecialCaseForm	0.111111111111	SpecialVocative	0.111111111111	GenitivePlural_Zero	0.111111111111	SpecialPlual	0.111111111111	NominativePlural_a	0.111111111111	Genitive_u	0.111111111111	NoContrast	1.0	NormalCapitalization	1.0	V_Prefixoid	0.0416666666667	POL_Prefixoid	0.0416666666667	PO_Prefixoid	0.0416666666667	Letter_Prefixoid	0.0416666666667	InternMod_Prefixoid	0.0416666666667	Chem_Prefixoid	0.0416666666667	BES_Prefixoid	0.0416666666667	Chemical_Possible	0.0416666666667	VPOL_Prefixoid	0.0416666666667	Eval_Prefixoid	0.0416666666667	InternModEr_Prefixoid	0.0416666666667	Rus_Prefixoid	0.0416666666667	Intern_ReducedPrefixoid	0.0416666666667	NI_Prefixoid	0.0416666666667	Reduced_Prefixoid	0.0416666666667	NAI_Prefixoid	0.0416666666667	Intern_Prefixoid	0.0416666666667	BEZer_Prefixoid	0.0416666666667	InternHy_Prefixoid	0.0416666666667	KOE_Prefixoid	0.0416666666667	ProperNamePrefixoid	0.0416666666667	RusHy_Prefixoid	0.0416666666667	BEZ_Prefixoid	0.0416666666667	NE_Prefixoid	0.0416666666667	ParticipleShortForm	0.5	ParticipleFullForm	0.5	Singular	1.0	Four	0.2	SevenEight	0.2	Two	0.2	Three	0.2	FiveAndMore	0.2	AdjectiveFullForm	1.0	NounProperNameDimin	0.111111111111	NounProperName	0.111111111111	NounProperGeneral	0.111111111111	NounProperTown	0.111111111111	NounProperSurNameFlective	0.111111111111	NounProperPatronymic	0.111111111111	AdjectiveProper	0.111111111111	AbbrProperGeneral	0.111111111111	NounProperSurNameForeign	0.111111111111	NormalNumberParadigm	1.0	FullRealization	1.0
25	37	племени	племени	487942	487941	Inanimate	1.0	NonReflexive	0.25	ImperfectiveReflexivity	0.25	Reflexive	0.25	FullReflexivity	0.25	NormalMorphForm	1.0	DefectOne	0.2	DefectFour	0.2	Byt	0.2	DefectThree	0.2	DefectTwo	0.2	GTNoun	1.0	NotEllipted	1.0	VocalForm	0.5	NForm	0.5	NotControlled	1.0	ZeroTypeOfCoordination	1.0	NoCompositeness	1.0	DegreeComparative	0.333333333333	DegreeSuperlative	0.333333333333	DegreePositive	0.333333333333	Adverb_With_Hyphen	0.5	Adverb_Un_Hyphen	0.5	DeclensionNominal	1.0	Un_Comp_Suf	1.0	BiAspectual	0.333333333333	MonoAspectual	0.333333333333	Paired	0.333333333333	NoSynthComparative	0.25	FullSynthComparison	0.25	OnlySuperlative	0.25	NoSynthSuperlative	0.25	MTwo	0.333333333333	MOne	0.333333333333	MThree	0.333333333333	NormalClassifyingCapitalization	1.0	Past	0.333333333333	Future	0.333333333333	Present	0.333333333333	Noun	1.0	ZeroDoubleConjunct	1.0	NotCommonChild	1.0	Dative	0.2	Partitive	0.2	Prepositional	0.2	Locative	0.2	Genitive	0.2	RCDemonstrative	0.111111111111	RCNegative	0.111111111111	RCNoun	0.111111111111	RCPossessive	0.111111111111	RCIndefinite	0.111111111111	RCPersonal	0.111111111111	RCReflexive	0.111111111111	RCInterrogative	0.111111111111	RCAttributive	0.111111111111	NoPlacement	1.0	Perfective	0.5	Imperfective	0.5	NotDefaultFiller	1.0	Neuter	1.0	NoLeftmostPlacement	1.0	UnIterat	0.5	Iterat	0.5	NoRightmostPlacement	1.0	NotLeftConjunct	1.0	PersonFirst	0.25	PersonThird	0.25	PersonSecond	0.25	PersonZero	0.25	Active	0.333333333333	Passive	0.333333333333	VoiceSya	0.333333333333	VerbTransitive	0.25	VerbIntransitive	0.25	VerbIntransitiveSpecial	0.25	VerbTransitiveSpecial	0.25	NotRightConjunct	1.0	NoSpecialCaseForm	1.0	NoContrast	1.0	NormalCapitalization	1.0	V_Prefixoid	0.0416666666667	POL_Prefixoid	0.0416666666667	PO_Prefixoid	0.0416666666667	Letter_Prefixoid	0.0416666666667	InternMod_Prefixoid	0.0416666666667	Chem_Prefixoid	0.0416666666667	BES_Prefixoid	0.0416666666667	Chemical_Possible	0.0416666666667	VPOL_Prefixoid	0.0416666666667	Eval_Prefixoid	0.0416666666667	InternModEr_Prefixoid	0.0416666666667	Rus_Prefixoid	0.0416666666667	Intern_ReducedPrefixoid	0.0416666666667	NI_Prefixoid	0.0416666666667	Reduced_Prefixoid	0.0416666666667	NAI_Prefixoid	0.0416666666667	Intern_Prefixoid	0.0416666666667	BEZer_Prefixoid	0.0416666666667	InternHy_Prefixoid	0.0416666666667	KOE_Prefixoid	0.0416666666667	ProperNamePrefixoid	0.0416666666667	RusHy_Prefixoid	0.0416666666667	BEZ_Prefixoid	0.0416666666667	NE_Prefixoid	0.0416666666667	ParticipleShortForm	0.5	ParticipleFullForm	0.5	Singular	1.0	Four	0.2	SevenEight	0.2	Two	0.2	Three	0.2	FiveAndMore	0.2	AdjectiveFullForm	0.333333333333	AdjectiveShortFlectional	0.333333333333	AdjectiveShortForm	0.333333333333	NounProperNameDimin	0.111111111111	NounProperName	0.111111111111	NounProperGeneral	0.111111111111	NounProperTown	0.111111111111	NounProperSurNameFlective	0.111111111111	NounProperPatronymic	0.111111111111	AdjectiveProper	0.111111111111	AbbrProperGeneral	0.111111111111	NounProperSurNameForeign	0.111111111111	NormalNumberParadigm	1.0	FullRealization	1.0
25	45	кашубов	кашубов	487945	487942	Animate	1.0	NonReflexive	0.25	ImperfectiveReflexivity	0.25	Reflexive	0.25	FullReflexivity	0.25	NormalMorphForm	1.0	DefectOne	0.2	DefectFour	0.2	Byt	0.2	DefectThree	0.2	DefectTwo	0.2	GTNoun	1.0	NotEllipted	1.0	VocalForm	0.5	NForm	0.5	NotControlled	1.0	ZeroTypeOfCoordination	1.0	NoCompositeness	1.0	DegreeComparative	0.333333333333	DegreeSuperlative	0.333333333333	DegreePositive	0.333333333333	Adverb_With_Hyphen	0.5	Adverb_Un_Hyphen	0.5	DeclensionNominal	1.0	Un_Comp_Suf	1.0	BiAspectual	0.333333333333	MonoAspectual	0.333333333333	Paired	0.333333333333	NoSynthComparative	0.25	FullSynthComparison	0.25	OnlySuperlative	0.25	NoSynthSuperlative	0.25	MTwo	0.333333333333	MOne	0.333333333333	MThree	0.333333333333	NormalClassifyingCapitalization	1.0	Past	0.333333333333	Future	0.333333333333	Present	0.333333333333	Noun	1.0	ZeroDoubleConjunct	1.0	NotCommonChild	1.0	Accusative	0.333333333333	Genitive	0.333333333333	Partitive	0.333333333333	RCDemonstrative	0.111111111111	RCNegative	0.111111111111	RCNoun	0.111111111111	RCPossessive	0.111111111111	RCIndefinite	0.111111111111	RCPersonal	0.111111111111	RCReflexive	0.111111111111	RCInterrogative	0.111111111111	RCAttributive	0.111111111111	NoPlacement	1.0	Perfective	0.5	Imperfective	0.5	NotDefaultFiller	1.0	Masculine	1.0	NoLeftmostPlacement	1.0	UnIterat	0.5	Iterat	0.5	NoRightmostPlacement	1.0	NotLeftConjunct	1.0	PersonFirst	0.25	PersonThird	0.25	PersonSecond	0.25	PersonZero	0.25	Active	0.333333333333	Passive	0.333333333333	VoiceSya	0.333333333333	VerbTransitive	0.25	VerbIntransitive	0.25	VerbIntransitiveSpecial	0.25	VerbTransitiveSpecial	0.25	NotRightConjunct	1.0	NoSpecialCaseForm	1.0	NoContrast	1.0	NormalCapitalization	1.0	V_Prefixoid	0.0416666666667	POL_Prefixoid	0.0416666666667	PO_Prefixoid	0.0416666666667	Letter_Prefixoid	0.0416666666667	InternMod_Prefixoid	0.0416666666667	Chem_Prefixoid	0.0416666666667	BES_Prefixoid	0.0416666666667	Chemical_Possible	0.0416666666667	VPOL_Prefixoid	0.0416666666667	Eval_Prefixoid	0.0416666666667	InternModEr_Prefixoid	0.0416666666667	Rus_Prefixoid	0.0416666666667	Intern_ReducedPrefixoid	0.0416666666667	NI_Prefixoid	0.0416666666667	Reduced_Prefixoid	0.0416666666667	NAI_Prefixoid	0.0416666666667	Intern_Prefixoid	0.0416666666667	BEZer_Prefixoid	0.0416666666667	InternHy_Prefixoid	0.0416666666667	KOE_Prefixoid	0.0416666666667	ProperNamePrefixoid	0.0416666666667	RusHy_Prefixoid	0.0416666666667	BEZ_Prefixoid	0.0416666666667	NE_Prefixoid	0.0416666666667	ParticipleShortForm	0.5	ParticipleFullForm	0.5	Plural	1.0	Four	0.2	SevenEight	0.2	Two	0.2	Three	0.2	FiveAndMore	0.2	AdjectiveFullForm	0.333333333333	AdjectiveShortFlectional	0.333333333333	AdjectiveShortForm	0.333333333333	NounProperNameDimin	0.111111111111	NounProperName	0.111111111111	NounProperGeneral	0.111111111111	NounProperTown	0.111111111111	NounProperSurNameFlective	0.111111111111	NounProperPatronymic	0.111111111111	AdjectiveProper	0.111111111111	AbbrProperGeneral	0.111111111111	NounProperSurNameForeign	0.111111111111	NormalNumberParadigm	1.0	FullRealization	1.0
25	54	которые	которые	487947	487946	Animate	0.5	Inanimate	0.5	NonReflexive	0.25	ImperfectiveReflexivity	0.25	Reflexive	0.25	FullReflexivity	0.25	NormalMorphForm	1.0	DefectOne	0.2	DefectFour	0.2	Byt	0.2	DefectThree	0.2	DefectTwo	0.2	GTAdjectiveAttributive	1.0	NotEllipted	1.0	VocalForm	0.5	NForm	0.5	NotControlled	1.0	ZeroTypeOfCoordination	1.0	Composite_ComplexNumeral	0.0714285714286	Composite_cko	0.0714285714286	NoCompositeness	0.0714285714286	Composite_cki	0.0714285714286	Composite_o	0.0714285714286	Composite_NumeralFull	0.0714285714286	Composite_NumeralShort	0.0714285714286	Composite_null	0.0714285714286	Composite_iko	0.0714285714286	Composite_sko	0.0714285714286	Composite_e	0.0714285714286	Composite_Numeral	0.0714285714286	Composite_usek	0.0714285714286	Composite_ski	0.0714285714286	DegreeComparative	0.333333333333	DegreeSuperlative	0.333333333333	DegreePositive	0.333333333333	Adverb_With_Hyphen	0.5	Adverb_Un_Hyphen	0.5	DeclensionMixed	0.25	DeclensionAdjectival	0.25	DeclensionNominal	0.25	Indeclinable	0.25	Comp_PunctuatorPref	0.0625	Comp_Suffixoid_Num_IJ	0.0625	Comp_PunctuatorPostSeparable	0.0625	Un_Comp_Suf	0.0625	Comp_SuffixoidAbbr	0.0625	Comp_Noun	0.0625	Comp_Suffixoid_Num_J	0.0625	Comp_PunctuatorPost	0.0625	Comp_PunctuatorPrefSeparable	0.0625	Comp_Suffixoid_Num_OJ	0.0625	Comp_Prefixoid	0.0625	Comp_Suffixoid	0.0625	Comp_Suffixoid_Chem	0.0625	Comp_Suffixoid_Num_PercentYJ	0.0625	Comp_Suffixoid_Num_YJ	0.0625	Comp_Adj	0.0625	BiAspectual	0.333333333333	MonoAspectual	0.333333333333	Paired	0.333333333333	NoSynthComparative	0.25	FullSynthComparison	0.25	OnlySuperlative	0.25	NoSynthSuperlative	0.25	MTwo	0.333333333333	MOne	0.333333333333	MThree	0.333333333333	NormalClassifyingCapitalization	1.0	Past	0.333333333333	Future	0.333333333333	Present	0.333333333333	Pronoun	1.0	ZeroDoubleConjunct	1.0	NotCommonChild	1.0	Accusative	0.5	Nominative	0.5	RCInterrogative	1.0	NoPlacement	1.0	Perfective	0.5	Imperfective	0.5	NotDefaultFiller	1.0	Feminine	0.25	Common	0.25	Masculine	0.25	Neuter	0.25	NoLeftmostPlacement	1.0	UnIterat	0.5	Iterat	0.5	NoRightmostPlacement	1.0	NotLeftConjunct	1.0	PersonFirst	0.25	PersonThird	0.25	PersonSecond	0.25	PersonZero	0.25	Active	0.333333333333	Passive	0.333333333333	VoiceSya	0.333333333333	VerbTransitive	0.25	VerbIntransitive	0.25	VerbIntransitiveSpecial	0.25	VerbTransitiveSpecial	0.25	NotRightConjunct	1.0	Plural_consonant	0.111111111111	Genitive_Locative_u	0.111111111111	Locative_u	0.111111111111	NoSpecialCaseForm	0.111111111111	SpecialVocative	0.111111111111	GenitivePlural_Zero	0.111111111111	SpecialPlual	0.111111111111	NominativePlural_a	0.111111111111	Genitive_u	0.111111111111	NoContrast	1.0	NormalCapitalization	1.0	V_Prefixoid	0.0416666666667	POL_Prefixoid	0.0416666666667	PO_Prefixoid	0.0416666666667	Letter_Prefixoid	0.0416666666667	InternMod_Prefixoid	0.0416666666667	Chem_Prefixoid	0.0416666666667	BES_Prefixoid	0.0416666666667	Chemical_Possible	0.0416666666667	VPOL_Prefixoid	0.0416666666667	Eval_Prefixoid	0.0416666666667	InternModEr_Prefixoid	0.0416666666667	Rus_Prefixoid	0.0416666666667	Intern_ReducedPrefixoid	0.0416666666667	NI_Prefixoid	0.0416666666667	Reduced_Prefixoid	0.0416666666667	NAI_Prefixoid	0.0416666666667	Intern_Prefixoid	0.0416666666667	BEZer_Prefixoid	0.0416666666667	InternHy_Prefixoid	0.0416666666667	KOE_Prefixoid	0.0416666666667	ProperNamePrefixoid	0.0416666666667	RusHy_Prefixoid	0.0416666666667	BEZ_Prefixoid	0.0416666666667	NE_Prefixoid	0.0416666666667	ParticipleShortForm	0.5	ParticipleFullForm	0.5	Plural	1.0	Four	0.2	SevenEight	0.2	Two	0.2	Three	0.2	FiveAndMore	0.2	AdjectiveFullForm	1.0	NounProperNameDimin	0.111111111111	NounProperName	0.111111111111	NounProperGeneral	0.111111111111	NounProperTown	0.111111111111	NounProperSurNameFlective	0.111111111111	NounProperPatronymic	0.111111111111	AdjectiveProper	0.111111111111	AbbrProperGeneral	0.111111111111	NounProperSurNameForeign	0.111111111111	NormalNumberParadigm	1.0	FullRealization	1.0
25	62	жили	жили	487946	487945	Animate	0.5	Inanimate	0.5	FullReflexivity	1.0	NormalMorphForm	1.0	DefectOne	0.2	DefectFour	0.2	Byt	0.2	DefectThree	0.2	DefectTwo	0.2	GTVerb	1.0	NotEllipted	1.0	VocalForm	0.5	NForm	0.5	NotControlled	1.0	ZeroTypeOfCoordination	1.0	Composite_ComplexNumeral	0.0714285714286	Composite_cko	0.0714285714286	NoCompositeness	0.0714285714286	Composite_cki	0.0714285714286	Composite_o	0.0714285714286	Composite_NumeralFull	0.0714285714286	Composite_NumeralShort	0.0714285714286	Composite_null	0.0714285714286	Composite_iko	0.0714285714286	Composite_sko	0.0714285714286	Composite_e	0.0714285714286	Composite_Numeral	0.0714285714286	Composite_usek	0.0714285714286	Composite_ski	0.0714285714286	DegreeComparative	0.333333333333	DegreeSuperlative	0.333333333333	DegreePositive	0.333333333333	Adverb_With_Hyphen	0.5	Adverb_Un_Hyphen	0.5	DeclensionMixed	0.25	DeclensionAdjectival	0.25	DeclensionNominal	0.25	Indeclinable	0.25	Comp_PunctuatorPref	0.0625	Comp_Suffixoid_Num_IJ	0.0625	Comp_PunctuatorPostSeparable	0.0625	Un_Comp_Suf	0.0625	Comp_SuffixoidAbbr	0.0625	Comp_Noun	0.0625	Comp_Suffixoid_Num_J	0.0625	Comp_PunctuatorPost	0.0625	Comp_PunctuatorPrefSeparable	0.0625	Comp_Suffixoid_Num_OJ	0.0625	Comp_Prefixoid	0.0625	Comp_Suffixoid	0.0625	Comp_Suffixoid_Chem	0.0625	Comp_Suffixoid_Num_PercentYJ	0.0625	Comp_Suffixoid_Num_YJ	0.0625	Comp_Adj	0.0625	MonoAspectual	1.0	NoSynthComparative	0.25	FullSynthComparison	0.25	OnlySuperlative	0.25	NoSynthSuperlative	0.25	MTwo	0.333333333333	MOne	0.333333333333	MThree	0.333333333333	NormalClassifyingCapitalization	1.0	Past	1.0	Verb	1.0	ZeroDoubleConjunct	1.0	NotCommonChild	1.0	Accusative	0.0909090909091	Prepositional	0.0909090909091	Instrumental	0.0909090909091	Dative	0.0909090909091	ZeroCase	0.0909090909091	Locative	0.0909090909091	Genitive	0.0909090909091	Partitive	0.0909090909091	Nominative	0.0909090909091	DativeSpecial	0.0909090909091	Vocative	0.0909090909091	RCDemonstrative	0.111111111111	RCNegative	0.111111111111	RCNoun	0.111111111111	RCPossessive	0.111111111111	RCIndefinite	0.111111111111	RCPersonal	0.111111111111	RCReflexive	0.111111111111	RCInterrogative	0.111111111111	RCAttributive	0.111111111111	NoPlacement	1.0	Imperfective	1.0	NotDefaultFiller	1.0	Feminine	0.25	Common	0.25	Masculine	0.25	Neuter	0.25	NoLeftmostPlacement	1.0	UnIterat	1.0	NoRightmostPlacement	1.0	NotLeftConjunct	1.0	PersonFirst	0.25	PersonThird	0.25	PersonSecond	0.25	PersonZero	0.25	Active	1.0	VerbTransitiveSpecial	1.0	NotRightConjunct	1.0	Plural_consonant	0.111111111111	Genitive_Locative_u	0.111111111111	Locative_u	0.111111111111	NoSpecialCaseForm	0.111111111111	SpecialVocative	0.111111111111	GenitivePlural_Zero	0.111111111111	SpecialPlual	0.111111111111	NominativePlural_a	0.111111111111	Genitive_u	0.111111111111	NoContrast	1.0	NormalCapitalization	1.0	V_Prefixoid	0.0416666666667	POL_Prefixoid	0.0416666666667	PO_Prefixoid	0.0416666666667	Letter_Prefixoid	0.0416666666667	InternMod_Prefixoid	0.0416666666667	Chem_Prefixoid	0.0416666666667	BES_Prefixoid	0.0416666666667	Chemical_Possible	0.0416666666667	VPOL_Prefixoid	0.0416666666667	Eval_Prefixoid	0.0416666666667	InternModEr_Prefixoid	0.0416666666667	Rus_Prefixoid	0.0416666666667	Intern_ReducedPrefixoid	0.0416666666667	NI_Prefixoid	0.0416666666667	Reduced_Prefixoid	0.0416666666667	NAI_Prefixoid	0.0416666666667	Intern_Prefixoid	0.0416666666667	BEZer_Prefixoid	0.0416666666667	InternHy_Prefixoid	0.0416666666667	KOE_Prefixoid	0.0416666666667	ProperNamePrefixoid	0.0416666666667	RusHy_Prefixoid	0.0416666666667	BEZ_Prefixoid	0.0416666666667	NE_Prefixoid	0.0416666666667	ParticipleShortForm	0.5	ParticipleFullForm	0.5	Plural	1.0	Four	0.2	SevenEight	0.2	Two	0.2	Three	0.2	FiveAndMore	0.2	AdjectiveFullForm	0.333333333333	AdjectiveShortFlectional	0.333333333333	AdjectiveShortForm	0.333333333333	NounProperNameDimin	0.111111111111	NounProperName	0.111111111111	NounProperGeneral	0.111111111111	NounProperTown	0.111111111111	NounProperSurNameFlective	0.111111111111	NounProperPatronymic	0.111111111111	AdjectiveProper	0.111111111111	AbbrProperGeneral	0.111111111111	NounProperSurNameForeign	0.111111111111	NormalNumberParadigm	1.0	FullRealization	1.0
25	67	в	в	487949	487948	Animate	0.25	Inanimate	0.75	NonReflexive	0.25	ImperfectiveReflexivity	0.25	Reflexive	0.25	FullReflexivity	0.25	NormalMorphForm	1.0	DefectOne	0.2	DefectFour	0.2	Byt	0.2	DefectThree	0.2	DefectTwo	0.2	GTInvariable	0.5	GTNoun	0.5	NotEllipted	1.0	VocalForm	0.5	NForm	0.5	NotControlled	1.0	ZeroTypeOfCoordination	1.0	Composite_ComplexNumeral	0.0357142857143	Composite_cko	0.0357142857143	NoCompositeness	0.535714285714	Composite_cki	0.0357142857143	Composite_o	0.0357142857143	Composite_NumeralFull	0.0357142857143	Composite_NumeralShort	0.0357142857143	Composite_null	0.0357142857143	Composite_iko	0.0357142857143	Composite_sko	0.0357142857143	Composite_e	0.0357142857143	Composite_Numeral	0.0357142857143	Composite_usek	0.0357142857143	Composite_ski	0.0357142857143	DegreeComparative	0.333333333333	DegreeSuperlative	0.333333333333	DegreePositive	0.333333333333	Adverb_With_Hyphen	0.5	Adverb_Un_Hyphen	0.5	DeclensionMixed	0.125	DeclensionAdjectival	0.125	DeclensionNominal	0.125	Indeclinable	0.625	Comp_PunctuatorPref	0.03125	Comp_Suffixoid_Num_IJ	0.03125	Comp_PunctuatorPostSeparable	0.53125	Un_Comp_Suf	0.03125	Comp_SuffixoidAbbr	0.03125	Comp_Noun	0.03125	Comp_Suffixoid_Num_J	0.03125	Comp_PunctuatorPost	0.03125	Comp_PunctuatorPrefSeparable	0.03125	Comp_Suffixoid_Num_OJ	0.03125	Comp_Prefixoid	0.03125	Comp_Suffixoid	0.03125	Comp_Suffixoid_Chem	0.03125	Comp_Suffixoid_Num_PercentYJ	0.03125	Comp_Suffixoid_Num_YJ	0.03125	Comp_Adj	0.03125	BiAspectual	0.333333333333	MonoAspectual	0.333333333333	Paired	0.333333333333	NoSynthComparative	0.25	FullSynthComparison	0.25	OnlySuperlative	0.25	NoSynthSuperlative	0.25	MTwo	0.333333333333	MOne	0.333333333333	MThree	0.333333333333	NormalClassifyingCapitalization	1.0	Past	0.333333333333	Future	0.333333333333	Present	0.333333333333	Preposition	0.5	Noun	0.5	ZeroDoubleConjunct	1.0	NotCommonChild	1.0	Accusative	0.107954545455	Prepositional	0.107954545455	Instrumental	0.107954545455	Dative	0.107954545455	ZeroCase	0.0454545454545	Locative	0.107954545455	Genitive	0.107954545455	Partitive	0.107954545455	Nominative	0.107954545455	DativeSpecial	0.0454545454545	Vocative	0.0454545454545	RCDemonstrative	0.111111111111	RCNegative	0.111111111111	RCNoun	0.111111111111	RCPossessive	0.111111111111	RCIndefinite	0.111111111111	RCPersonal	0.111111111111	RCReflexive	0.111111111111	RCInterrogative	0.111111111111	RCAttributive	0.111111111111	NoPlacement	1.0	Perfective	0.5	Imperfective	0.5	NotDefaultFiller	1.0	Feminine	0.125	Common	0.125	Masculine	0.625	Neuter	0.125	NoLeftmostPlacement	1.0	UnIterat	0.5	Iterat	0.5	NoRightmostPlacement	1.0	NotLeftConjunct	1.0	PersonFirst	0.25	PersonThird	0.25	PersonSecond	0.25	PersonZero	0.25	Active	0.333333333333	Passive	0.333333333333	VoiceSya	0.333333333333	VerbTransitive	0.25	VerbIntransitive	0.25	VerbIntransitiveSpecial	0.25	VerbTransitiveSpecial	0.25	NotRightConjunct	1.0	Plural_consonant	0.111111111111	Genitive_Locative_u	0.111111111111	Locative_u	0.111111111111	NoSpecialCaseForm	0.111111111111	SpecialVocative	0.111111111111	GenitivePlural_Zero	0.111111111111	SpecialPlual	0.111111111111	NominativePlural_a	0.111111111111	Genitive_u	0.111111111111	NoContrast	1.0	NormalCapitalization	1.0	V_Prefixoid	0.0416666666667	POL_Prefixoid	0.0416666666667	PO_Prefixoid	0.0416666666667	Letter_Prefixoid	0.0416666666667	InternMod_Prefixoid	0.0416666666667	Chem_Prefixoid	0.0416666666667	BES_Prefixoid	0.0416666666667	Chemical_Possible	0.0416666666667	VPOL_Prefixoid	0.0416666666667	Eval_Prefixoid	0.0416666666667	InternModEr_Prefixoid	0.0416666666667	Rus_Prefixoid	0.0416666666667	Intern_ReducedPrefixoid	0.0416666666667	NI_Prefixoid	0.0416666666667	Reduced_Prefixoid	0.0416666666667	NAI_Prefixoid	0.0416666666667	Intern_Prefixoid	0.0416666666667	BEZer_Prefixoid	0.0416666666667	InternHy_Prefixoid	0.0416666666667	KOE_Prefixoid	0.0416666666667	ProperNamePrefixoid	0.0416666666667	RusHy_Prefixoid	0.0416666666667	BEZ_Prefixoid	0.0416666666667	NE_Prefixoid	0.0416666666667	ParticipleShortForm	0.5	ParticipleFullForm	0.5	Plural	0.5	Singular	0.5	Four	0.2	SevenEight	0.2	Two	0.2	Three	0.2	FiveAndMore	0.2	AdjectiveFullForm	0.333333333333	AdjectiveShortFlectional	0.333333333333	AdjectiveShortForm	0.333333333333	NounProperNameDimin	0.111111111111	NounProperName	0.111111111111	NounProperGeneral	0.111111111111	NounProperTown	0.111111111111	NounProperSurNameFlective	0.111111111111	NounProperPatronymic	0.111111111111	AdjectiveProper	0.111111111111	AbbrProperGeneral	0.111111111111	NounProperSurNameForeign	0.111111111111	NormalNumberParadigm	1.0	FullRealization	1.0
25	69	Поморье	Поморье	487948	487946	Inanimate	1.0	NonReflexive	0.25	ImperfectiveReflexivity	0.25	Reflexive	0.25	FullReflexivity	0.25	NormalMorphForm	1.0	DefectOne	0.2	DefectFour	0.2	Byt	0.2	DefectThree	0.2	DefectTwo	0.2	GTNoun	1.0	NotEllipted	1.0	VocalForm	0.5	NForm	0.5	NotControlled	1.0	ZeroTypeOfCoordination	1.0	NoCompositeness	1.0	DegreeComparative	0.333333333333	DegreeSuperlative	0.333333333333	DegreePositive	0.333333333333	Adverb_With_Hyphen	0.5	Adverb_Un_Hyphen	0.5	DeclensionNominal	1.0	Un_Comp_Suf	1.0	BiAspectual	0.333333333333	MonoAspectual	0.333333333333	Paired	0.333333333333	NoSynthComparative	0.25	FullSynthComparison	0.25	OnlySuperlative	0.25	NoSynthSuperlative	0.25	MTwo	0.333333333333	MOne	0.333333333333	MThree	0.333333333333	NormalClassifyingCapitalization	1.0	Past	0.333333333333	Future	0.333333333333	Present	0.333333333333	Noun	1.0	ZeroDoubleConjunct	1.0	NotCommonChild	1.0	Accusative	0.25	Prepositional	0.25	Nominative	0.25	Locative	0.25	RCDemonstrative	0.111111111111	RCNegative	0.111111111111	RCNoun	0.111111111111	RCPossessive	0.111111111111	RCIndefinite	0.111111111111	RCPersonal	0.111111111111	RCReflexive	0.111111111111	RCInterrogative	0.111111111111	RCAttributive	0.111111111111	NoPlacement	1.0	Perfective	0.5	Imperfective	0.5	NotDefaultFiller	1.0	Neuter	1.0	NoLeftmostPlacement	1.0	UnIterat	0.5	Iterat	0.5	NoRightmostPlacement	1.0	NotLeftConjunct	1.0	PersonFirst	0.25	PersonThird	0.25	PersonSecond	0.25	PersonZero	0.25	Active	0.333333333333	Passive	0.333333333333	VoiceSya	0.333333333333	VerbTransitive	0.25	VerbIntransitive	0.25	VerbIntransitiveSpecial	0.25	VerbTransitiveSpecial	0.25	NotRightConjunct	1.0	NoSpecialCaseForm	1.0	NoContrast	1.0	NormalCapitalization	1.0	V_Prefixoid	0.0416666666667	POL_Prefixoid	0.0416666666667	PO_Prefixoid	0.0416666666667	Letter_Prefixoid	0.0416666666667	InternMod_Prefixoid	0.0416666666667	Chem_Prefixoid	0.0416666666667	BES_Prefixoid	0.0416666666667	Chemical_Possible	0.0416666666667	VPOL_Prefixoid	0.0416666666667	Eval_Prefixoid	0.0416666666667	InternModEr_Prefixoid	0.0416666666667	Rus_Prefixoid	0.0416666666667	Intern_ReducedPrefixoid	0.0416666666667	NI_Prefixoid	0.0416666666667	Reduced_Prefixoid	0.0416666666667	NAI_Prefixoid	0.0416666666667	Intern_Prefixoid	0.0416666666667	BEZer_Prefixoid	0.0416666666667	InternHy_Prefixoid	0.0416666666667	KOE_Prefixoid	0.0416666666667	ProperNamePrefixoid	0.0416666666667	RusHy_Prefixoid	0.0416666666667	BEZ_Prefixoid	0.0416666666667	NE_Prefixoid	0.0416666666667	ParticipleShortForm	0.5	ParticipleFullForm	0.5	Singular	1.0	Four	0.2	SevenEight	0.2	Two	0.2	Three	0.2	FiveAndMore	0.2	AdjectiveFullForm	0.333333333333	AdjectiveShortFlectional	0.333333333333	AdjectiveShortForm	0.333333333333	NounProperGeneral	1.0	SingulariaTantum	1.0	FullRealization	1.0
43	-1			488014	488008
43	0	В	В	488010	488009	Animate	0.125	Inanimate	0.625	NonReflexive	0.1875	ImperfectiveReflexivity	0.1875	Reflexive	0.1875	FullReflexivity	0.1875	NormalMorphForm	1.0	DefectOne	0.15	DefectFour	0.15	Byt	0.15	DefectThree	0.15	DefectTwo	0.15	GTInvariable	0.25	GTNoun	0.5	NotEllipted	1.0	VocalForm	0.375	NForm	0.375	NotControlled	1.0	ZeroTypeOfCoordination	1.0	Composite_ComplexNumeral	0.0178571428571	Composite_cko	0.0178571428571	NoCompositeness	0.517857142857	Composite_cki	0.0178571428571	Composite_o	0.0178571428571	Composite_NumeralFull	0.0178571428571	Composite_NumeralShort	0.0178571428571	Composite_null	0.0178571428571	Composite_iko	0.0178571428571	Composite_sko	0.0178571428571	Composite_e	0.0178571428571	Composite_Numeral	0.0178571428571	Composite_usek	0.0178571428571	Composite_ski	0.0178571428571	DegreeComparative	0.25	DegreeSuperlative	0.25	DegreePositive	0.25	Adverb_With_Hyphen	0.375	Adverb_Un_Hyphen	0.375	DeclensionMixed	0.0625	DeclensionAdjectival	0.0625	DeclensionNominal	0.0625	Indeclinable	0.5625	Comp_PunctuatorPref	0.015625	Comp_Suffixoid_Num_IJ	0.015625	Comp_PunctuatorPostSeparable	0.515625	Un_Comp_Suf	0.015625	Comp_SuffixoidAbbr	0.015625	Comp_Noun	0.015625	Comp_Suffixoid_Num_J	0.015625	Comp_PunctuatorPost	0.015625	Comp_PunctuatorPrefSeparable	0.015625	Comp_Suffixoid_Num_OJ	0.015625	Comp_Prefixoid	0.015625	Comp_Suffixoid	0.015625	Comp_Suffixoid_Chem	0.015625	Comp_Suffixoid_Num_PercentYJ	0.015625	Comp_Suffixoid_Num_YJ	0.015625	Comp_Adj	0.015625	BiAspectual	0.25	MonoAspectual	0.25	Paired	0.25	NoSynthComparative	0.1875	FullSynthComparison	0.1875	OnlySuperlative	0.1875	NoSynthSuperlative	0.1875	MTwo	0.25	MOne	0.25	MThree	0.25	NormalClassifyingCapitalization	1.0	Past	0.25	Future	0.25	Present	0.25	Preposition	0.25	Noun	0.5	ZeroDoubleConjunct	1.0	NotCommonChild	1.0	Accusative	0.0852272727273	Prepositional	0.0852272727273	Instrumental	0.0852272727273	Dative	0.0852272727273	ZeroCase	0.0227272727273	Locative	0.0852272727273	Genitive	0.0852272727273	Partitive	0.0852272727273	Nominative	0.0852272727273	DativeSpecial	0.0227272727273	Vocative	0.0227272727273	RCDemonstrative	0.0833333333333	RCNegative	0.0833333333333	RCNoun	0.0833333333333	RCPossessive	0.0833333333333	RCIndefinite	0.0833333333333	RCPersonal	0.0833333333333	RCReflexive	0.0833333333333	RCInterrogative	0.0833333333333	RCAttributive	0.0833333333333	NoPlacement	1.0	Perfective	0.375	Imperfective	0.375	NotDefaultFiller	1.0	Feminine	0.125	Common	0.125	Masculine	0.375	Neuter	0.125	NoLeftmostPlacement	1.0	UnIterat	0.375	Iterat	0.375	NoRightmostPlacement	1.0	NotLeftConjunct	1.0	PersonFirst	0.1875	PersonThird	0.1875	PersonSecond	0.1875	PersonZero	0.1875	Active	0.25	Passive	0.25	VoiceSya	0.25	VerbTransitive	0.1875	VerbIntransitive	0.1875	VerbIntransitiveSpecial	0.1875	VerbTransitiveSpecial	0.1875	NotRightConjunct	1.0	Plural_consonant	0.0833333333333	Genitive_Locative_u	0.0833333333333	Locative_u	0.0833333333333	NoSpecialCaseForm	0.0833333333333	SpecialVocative	0.0833333333333	GenitivePlural_Zero	0.0833333333333	SpecialPlual	0.0833333333333	NominativePlural_a	0.0833333333333	Genitive_u	0.0833333333333	NoContrast	1.0	NormalCapitalization	1.0	V_Prefixoid	0.03125	POL_Prefixoid	0.03125	PO_Prefixoid	0.03125	Letter_Prefixoid	0.03125	InternMod_Prefixoid	0.03125	Chem_Prefixoid	0.03125	BES_Prefixoid	0.03125	Chemical_Possible	0.03125	VPOL_Prefixoid	0.03125	Eval_Prefixoid	0.03125	InternModEr_Prefixoid	0.03125	Rus_Prefixoid	0.03125	Intern_ReducedPrefixoid	0.03125	NI_Prefixoid	0.03125	Reduced_Prefixoid	0.03125	NAI_Prefixoid	0.03125	Intern_Prefixoid	0.03125	BEZer_Prefixoid	0.03125	InternHy_Prefixoid	0.03125	KOE_Prefixoid	0.03125	ProperNamePrefixoid	0.03125	RusHy_Prefixoid	0.03125	BEZ_Prefixoid	0.03125	NE_Prefixoid	0.03125	ParticipleShortForm	0.375	ParticipleFullForm	0.375	Plural	0.375	Singular	0.375	Four	0.15	SevenEight	0.15	Two	0.15	Three	0.15	FiveAndMore	0.15	AdjectiveFullForm	0.25	AdjectiveShortFlectional	0.25	AdjectiveShortForm	0.25	NounProperNameDimin	0.0833333333333	NounProperName	0.0833333333333	NounProperGeneral	0.0833333333333	NounProperTown	0.0833333333333	NounProperSurNameFlective	0.0833333333333	NounProperPatronymic	0.0833333333333	AdjectiveProper	0.0833333333333	AbbrProperGeneral	0.0833333333333	NounProperSurNameForeign	0.0833333333333	NormalNumberParadigm	1.0	FullRealization	1.0
43	2	том	том	488011	488009	Animate	0.166666666667	Inanimate	0.833333333333	NonReflexive	0.25	ImperfectiveReflexivity	0.25	Reflexive	0.25	FullReflexivity	0.25	NormalMorphForm	1.0	DefectOne	0.2	DefectFour	0.2	Byt	0.2	DefectThree	0.2	DefectTwo	0.2	GTAdjectiveAttributive	0.166666666667	GTNoun	0.833333333333	NotEllipted	1.0	VocalForm	0.5	NForm	0.5	NotControlled	1.0	ZeroTypeOfCoordination	1.0	Composite_ComplexNumeral	0.0238095238095	Composite_cko	0.0238095238095	NoCompositeness	0.690476190476	Composite_cki	0.0238095238095	Composite_o	0.0238095238095	Composite_NumeralFull	0.0238095238095	Composite_NumeralShort	0.0238095238095	Composite_null	0.0238095238095	Composite_iko	0.0238095238095	Composite_sko	0.0238095238095	Composite_e	0.0238095238095	Composite_Numeral	0.0238095238095	Composite_usek	0.0238095238095	Composite_ski	0.0238095238095	DegreeComparative	0.333333333333	DegreeSuperlative	0.333333333333	DegreePositive	0.333333333333	Adverb_With_Hyphen	0.5	Adverb_Un_Hyphen	0.5	DeclensionMixed	0.0833333333333	DeclensionAdjectival	0.0833333333333	DeclensionNominal	0.75	Indeclinable	0.0833333333333	Comp_PunctuatorPref	0.0208333333333	Comp_Suffixoid_Num_IJ	0.0208333333333	Comp_PunctuatorPostSeparable	0.0208333333333	Un_Comp_Suf	0.6875	Comp_SuffixoidAbbr	0.0208333333333	Comp_Noun	0.0208333333333	Comp_Suffixoid_Num_J	0.0208333333333	Comp_PunctuatorPost	0.0208333333333	Comp_PunctuatorPrefSeparable	0.0208333333333	Comp_Suffixoid_Num_OJ	0.0208333333333	Comp_Prefixoid	0.0208333333333	Comp_Suffixoid	0.0208333333333	Comp_Suffixoid_Chem	0.0208333333333	Comp_Suffixoid_Num_PercentYJ	0.0208333333333	Comp_Suffixoid_Num_YJ	0.0208333333333	Comp_Adj	0.0208333333333	BiAspectual	0.333333333333	MonoAspectual	0.333333333333	Paired	0.333333333333	NoSynthComparative	0.25	FullSynthComparison	0.25	OnlySuperlative	0.25	NoSynthSuperlative	0.25	MTwo	0.333333333333	MOne	0.333333333333	MThree	0.333333333333	NormalClassifyingCapitalization	1.0	Past	0.333333333333	Future	0.333333333333	Present	0.333333333333	Noun	0.666666666667	Pronoun	0.333333333333	ZeroDoubleConjunct	1.0	NotCommonChild	1.0	Accusative	0.166666666667	Nominative	0.166666666667	Prepositional	0.333333333333	Locative	0.333333333333	RCDemonstrative	0.407407407407	RCNegative	0.0740740740741	RCNoun	0.0740740740741	RCPossessive	0.0740740740741	RCIndefinite	0.0740740740741	RCPersonal	0.0740740740741	RCReflexive	0.0740740740741	RCInterrogative	0.0740740740741	RCAttributive	0.0740740740741	NoPlacement	1.0	Perfective	0.5	Imperfective	0.5	NotDefaultFiller	1.0	Masculine	0.5	Neuter	0.5	NoLeftmostPlacement	1.0	UnIterat	0.5	Iterat	0.5	NoRightmostPlacement	1.0	NotLeftConjunct	1.0	PersonFirst	0.25	PersonThird	0.25	PersonSecond	0.25	PersonZero	0.25	Active	0.333333333333	Passive	0.333333333333	VoiceSya	0.333333333333	VerbTransitive	0.25	VerbIntransitive	0.25	VerbIntransitiveSpecial	0.25	VerbTransitiveSpecial	0.25	NotRightConjunct	1.0	Plural_consonant	0.037037037037	Genitive_Locative_u	0.037037037037	Locative_u	0.037037037037	NoSpecialCaseForm	0.37037037037	SpecialVocative	0.037037037037	GenitivePlural_Zero	0.037037037037	SpecialPlual	0.037037037037	NominativePlural_a	0.37037037037	Genitive_u	0.037037037037	NoContrast	1.0	NormalCapitalization	1.0	V_Prefixoid	0.0416666666667	POL_Prefixoid	0.0416666666667	PO_Prefixoid	0.0416666666667	Letter_Prefixoid	0.0416666666667	InternMod_Prefixoid	0.0416666666667	Chem_Prefixoid	0.0416666666667	BES_Prefixoid	0.0416666666667	Chemical_Possible	0.0416666666667	VPOL_Prefixoid	0.0416666666667	Eval_Prefixoid	0.0416666666667	InternModEr_Prefixoid	0.0416666666667	Rus_Prefixoid	0.0416666666667	Intern_ReducedPrefixoid	0.0416666666667	NI_Prefixoid	0.0416666666667	Reduced_Prefixoid	0.0416666666667	NAI_Prefixoid	0.0416666666667	Intern_Prefixoid	0.0416666666667	BEZer_Prefixoid	0.0416666666667	InternHy_Prefixoid	0.0416666666667	KOE_Prefixoid	0.0416666666667	ProperNamePrefixoid	0.0416666666667	RusHy_Prefixoid	0.0416666666667	BEZ_Prefixoid	0.0416666666667	NE_Prefixoid	0.0416666666667	ParticipleShortForm	0.5	ParticipleFullForm	0.5	Singular	1.0	Four	0.2	SevenEight	0.2	Two	0.2	Three	0.2	FiveAndMore	0.2	AdjectiveFullForm	0.333333333333	AdjectiveShortFlectional	0.333333333333	AdjectiveShortForm	0.333333333333	NounProperNameDimin	0.111111111111	NounProperName	0.111111111111	NounProperGeneral	0.111111111111	NounProperTown	0.111111111111	NounProperSurNameFlective	0.111111111111	NounProperPatronymic	0.111111111111	AdjectiveProper	0.111111111111	AbbrProperGeneral	0.111111111111	NounProperSurNameForeign	0.111111111111	SingulariaTantum	0.333333333333	NormalNumberParadigm	0.666666666667	FullRealization	1.0
43	6	же	же	488012	488011	Animate	0.5	Inanimate	0.5	NonReflexive	0.25	ImperfectiveReflexivity	0.25	Reflexive	0.25	FullReflexivity	0.25	NormalMorphForm	1.0	DefectOne	0.2	DefectFour	0.2	Byt	0.2	DefectThree	0.2	DefectTwo	0.2	GTInvariable	1.0	NotEllipted	1.0	VocalForm	0.5	NForm	0.5	NotControlled	1.0	ZeroTypeOfCoordination	1.0	Composite_ComplexNumeral	0.0714285714286	Composite_cko	0.0714285714286	NoCompositeness	0.0714285714286	Composite_cki	0.0714285714286	Composite_o	0.0714285714286	Composite_NumeralFull	0.0714285714286	Composite_NumeralShort	0.0714285714286	Composite_null	0.0714285714286	Composite_iko	0.0714285714286	Composite_sko	0.0714285714286	Composite_e	0.0714285714286	Composite_Numeral	0.0714285714286	Composite_usek	0.0714285714286	Composite_ski	0.0714285714286	DegreeComparative	0.333333333333	DegreeSuperlative	0.333333333333	DegreePositive	0.333333333333	Adverb_With_Hyphen	0.5	Adverb_Un_Hyphen	0.5	DeclensionMixed	0.25	DeclensionAdjectival	0.25	DeclensionNominal	0.25	Indeclinable	0.25	Comp_PunctuatorPref	0.0625	Comp_Suffixoid_Num_IJ	0.0625	Comp_PunctuatorPostSeparable	0.0625	Un_Comp_Suf	0.0625	Comp_SuffixoidAbbr	0.0625	Comp_Noun	0.0625	Comp_Suffixoid_Num_J	0.0625	Comp_PunctuatorPost	0.0625	Comp_PunctuatorPrefSeparable	0.0625	Comp_Suffixoid_Num_OJ	0.0625	Comp_Prefixoid	0.0625	Comp_Suffixoid	0.0625	Comp_Suffixoid_Chem	0.0625	Comp_Suffixoid_Num_PercentYJ	0.0625	Comp_Suffixoid_Num_YJ	0.0625	Comp_Adj	0.0625	BiAspectual	0.333333333333	MonoAspectual	0.333333333333	Paired	0.333333333333	NoSynthComparative	0.25	FullSynthComparison	0.25	OnlySuperlative	0.25	NoSynthSuperlative	0.25	MTwo	0.333333333333	MOne	0.333333333333	MThree	0.333333333333	NormalClassifyingCapitalization	1.0	Past	0.333333333333	Future	0.333333333333	Present	0.333333333333	Particle	1.0	ZeroDoubleConjunct	1.0	NotCommonChild	1.0	Accusative	0.0909090909091	Prepositional	0.0909090909091	Instrumental	0.0909090909091	Dative	0.0909090909091	ZeroCase	0.0909090909091	Locative	0.0909090909091	Genitive	0.0909090909091	Partitive	0.0909090909091	Nominative	0.0909090909091	DativeSpecial	0.0909090909091	Vocative	0.0909090909091	RCDemonstrative	0.111111111111	RCNegative	0.111111111111	RCNoun	0.111111111111	RCPossessive	0.111111111111	RCIndefinite	0.111111111111	RCPersonal	0.111111111111	RCReflexive	0.111111111111	RCInterrogative	0.111111111111	RCAttributive	0.111111111111	NoPlacement	1.0	Perfective	0.5	Imperfective	0.5	NotDefaultFiller	1.0	Feminine	0.25	Common	0.25	Masculine	0.25	Neuter	0.25	NoLeftmostPlacement	1.0	UnIterat	0.5	Iterat	0.5	NoRightmostPlacement	1.0	NotLeftConjunct	1.0	PersonFirst	0.25	PersonThird	0.25	PersonSecond	0.25	PersonZero	0.25	Active	0.333333333333	Passive	0.333333333333	VoiceSya	0.333333333333	VerbTransitive	0.25	VerbIntransitive	0.25	VerbIntransitiveSpecial	0.25	VerbTransitiveSpecial	0.25	NotRightConjunct	1.0	Plural_consonant	0.111111111111	Genitive_Locative_u	0.111111111111	Locative_u	0.111111111111	NoSpecialCaseForm	0.111111111111	SpecialVocative	0.111111111111	GenitivePlural_Zero	0.111111111111	SpecialPlual	0.111111111111	NominativePlural_a	0.111111111111	Genitive_u	0.111111111111	NoContrast	1.0	NormalCapitalization	1.0	V_Prefixoid	0.0416666666667	POL_Prefixoid	0.0416666666667	PO_Prefixoid	0.0416666666667	Letter_Prefixoid	0.0416666666667	InternMod_Prefixoid	0.0416666666667	Chem_Prefixoid	0.0416666666667	BES_Prefixoid	0.0416666666667	Chemical_Possible	0.0416666666667	VPOL_Prefixoid	0.0416666666667	Eval_Prefixoid	0.0416666666667	InternModEr_Prefixoid	0.0416666666667	Rus_Prefixoid	0.0416666666667	Intern_ReducedPrefixoid	0.0416666666667	NI_Prefixoid	0.0416666666667	Reduced_Prefixoid	0.0416666666667	NAI_Prefixoid	0.0416666666667	Intern_Prefixoid	0.0416666666667	BEZer_Prefixoid	0.0416666666667	InternHy_Prefixoid	0.0416666666667	KOE_Prefixoid	0.0416666666667	ProperNamePrefixoid	0.0416666666667	RusHy_Prefixoid	0.0416666666667	BEZ_Prefixoid	0.0416666666667	NE_Prefixoid	0.0416666666667	ParticipleShortForm	0.5	ParticipleFullForm	0.5	Plural	0.5	Singular	0.5	Four	0.2	SevenEight	0.2	Two	0.2	Three	0.2	FiveAndMore	0.2	AdjectiveFullForm	0.333333333333	AdjectiveShortFlectional	0.333333333333	AdjectiveShortForm	0.333333333333	NounProperNameDimin	0.111111111111	NounProperName	0.111111111111	NounProperGeneral	0.111111111111	NounProperTown	0.111111111111	NounProperSurNameFlective	0.111111111111	NounProperPatronymic	0.111111111111	AdjectiveProper	0.111111111111	AbbrProperGeneral	0.111111111111	NounProperSurNameForeign	0.111111111111	NormalNumberParadigm	1.0	FullRealization	1.0
43	9	году	году	488009	488008	Inanimate	1.0	NonReflexive	0.25	ImperfectiveReflexivity	0.25	Reflexive	0.25	FullReflexivity	0.25	NormalMorphForm	1.0	DefectOne	0.2	DefectFour	0.2	Byt	0.2	DefectThree	0.2	DefectTwo	0.2	GTNoun	1.0	NotEllipted	1.0	VocalForm	0.5	NForm	0.5	NotControlled	1.0	ZeroTypeOfCoordination	1.0	NoCompositeness	1.0	DegreeComparative	0.333333333333	DegreeSuperlative	0.333333333333	DegreePositive	0.333333333333	Adverb_With_Hyphen	0.5	Adverb_Un_Hyphen	0.5	DeclensionNominal	1.0	Un_Comp_Suf	1.0	BiAspectual	0.333333333333	MonoAspectual	0.333333333333	Paired	0.333333333333	NoSynthComparative	0.25	FullSynthComparison	0.25	OnlySuperlative	0.25	NoSynthSuperlative	0.25	MTwo	0.333333333333	MOne	0.333333333333	MThree	0.333333333333	NormalClassifyingCapitalization	1.0	Past	0.333333333333	Future	0.333333333333	Present	0.333333333333	Noun	1.0	ZeroDoubleConjunct	1.0	NotCommonChild	1.0	Dative	0.333333333333	Partitive	0.333333333333	Locative	0.333333333333	RCDemonstrative	0.111111111111	RCNegative	0.111111111111	RCNoun	0.111111111111	RCPossessive	0.111111111111	RCIndefinite	0.111111111111	RCPersonal	0.111111111111	RCReflexive	0.111111111111	RCInterrogative	0.111111111111	RCAttributive	0.111111111111	NoPlacement	1.0	Perfective	0.5	Imperfective	0.5	NotDefaultFiller	1.0	Masculine	1.0	NoLeftmostPlacement	1.0	UnIterat	0.5	Iterat	0.5	NoRightmostPlacement	1.0	NotLeftConjunct	1.0	PersonFirst	0.25	PersonThird	0.25	PersonSecond	0.25	PersonZero	0.25	Active	0.333333333333	Passive	0.333333333333	VoiceSya	0.333333333333	VerbTransitive	0.25	VerbIntransitive	0.25	VerbIntransitiveSpecial	0.25	VerbTransitiveSpecial	0.25	NotRightConjunct	1.0	NoSpecialCaseForm	1.0	NoContrast	1.0	NormalCapitalization	1.0	V_Prefixoid	0.0416666666667	POL_Prefixoid	0.0416666666667	PO_Prefixoid	0.0416666666667	Letter_Prefixoid	0.0416666666667	InternMod_Prefixoid	0.0416666666667	Chem_Prefixoid	0.0416666666667	BES_Prefixoid	0.0416666666667	Chemical_Possible	0.0416666666667	VPOL_Prefixoid	0.0416666666667	Eval_Prefixoid	0.0416666666667	InternModEr_Prefixoid	0.0416666666667	Rus_Prefixoid	0.0416666666667	Intern_ReducedPrefixoid	0.0416666666667	NI_Prefixoid	0.0416666666667	Reduced_Prefixoid	0.0416666666667	NAI_Prefixoid	0.0416666666667	Intern_Prefixoid	0.0416666666667	BEZer_Prefixoid	0.0416666666667	InternHy_Prefixoid	0.0416666666667	KOE_Prefixoid	0.0416666666667	ProperNamePrefixoid	0.0416666666667	RusHy_Prefixoid	0.0416666666667	BEZ_Prefixoid	0.0416666666667	NE_Prefixoid	0.0416666666667	ParticipleShortForm	0.5	ParticipleFullForm	0.5	Singular	1.0	Four	0.2	SevenEight	0.2	Two	0.2	Three	0.2	FiveAndMore	0.2	AdjectiveFullForm	0.333333333333	AdjectiveShortFlectional	0.333333333333	AdjectiveShortForm	0.333333333333	NounProperNameDimin	0.111111111111	NounProperName	0.111111111111	NounProperGeneral	0.111111111111	NounProperTown	0.111111111111	NounProperSurNameFlective	0.111111111111	NounProperPatronymic	0.111111111111	AdjectiveProper	0.111111111111	AbbrProperGeneral	0.111111111111	NounProperSurNameForeign	0.111111111111	NonCountForm	0.5	NormalNumberParadigm	0.5	FullRealization	1.0
43	14	он	он	488013	488008	Animate	0.5	Inanimate	0.5	NonReflexive	0.25	ImperfectiveReflexivity	0.25	Reflexive	0.25	FullReflexivity	0.25	NormalMorphForm	1.0	DefectOne	0.2	DefectFour	0.2	Byt	0.2	DefectThree	0.2	DefectTwo	0.2	GTNoun	1.0	NotEllipted	1.0	VocalForm	0.5	NForm	0.5	NotControlled	1.0	ZeroTypeOfCoordination	1.0	Composite_ComplexNumeral	0.0714285714286	Composite_cko	0.0714285714286	NoCompositeness	0.0714285714286	Composite_cki	0.0714285714286	Composite_o	0.0714285714286	Composite_NumeralFull	0.0714285714286	Composite_NumeralShort	0.0714285714286	Composite_null	0.0714285714286	Composite_iko	0.0714285714286	Composite_sko	0.0714285714286	Composite_e	0.0714285714286	Composite_Numeral	0.0714285714286	Composite_usek	0.0714285714286	Composite_ski	0.0714285714286	DegreeComparative	0.333333333333	DegreeSuperlative	0.333333333333	DegreePositive	0.333333333333	Adverb_With_Hyphen	0.5	Adverb_Un_Hyphen	0.5	DeclensionMixed	0.25	DeclensionAdjectival	0.25	DeclensionNominal	0.25	Indeclinable	0.25	Comp_PunctuatorPref	0.0625	Comp_Suffixoid_Num_IJ	0.0625	Comp_PunctuatorPostSeparable	0.0625	Un_Comp_Suf	0.0625	Comp_SuffixoidAbbr	0.0625	Comp_Noun	0.0625	Comp_Suffixoid_Num_J	0.0625	Comp_PunctuatorPost	0.0625	Comp_PunctuatorPrefSeparable	0.0625	Comp_Suffixoid_Num_OJ	0.0625	Comp_Prefixoid	0.0625	Comp_Suffixoid	0.0625	Comp_Suffixoid_Chem	0.0625	Comp_Suffixoid_Num_PercentYJ	0.0625	Comp_Suffixoid_Num_YJ	0.0625	Comp_Adj	0.0625	BiAspectual	0.333333333333	MonoAspectual	0.333333333333	Paired	0.333333333333	NoSynthComparative	0.25	FullSynthComparison	0.25	OnlySuperlative	0.25	NoSynthSuperlative	0.25	MTwo	0.333333333333	MOne	0.333333333333	MThree	0.333333333333	NormalClassifyingCapitalization	1.0	Past	0.333333333333	Future	0.333333333333	Present	0.333333333333	Pronoun	1.0	ZeroDoubleConjunct	1.0	NotCommonChild	1.0	Nominative	1.0	RCPersonal	1.0	NoPlacement	1.0	Perfective	0.5	Imperfective	0.5	NotDefaultFiller	1.0	Masculine	1.0	NoLeftmostPlacement	1.0	UnIterat	0.5	Iterat	0.5	NoRightmostPlacement	1.0	NotLeftConjunct	1.0	PersonThird	1.0	Active	0.333333333333	Passive	0.333333333333	VoiceSya	0.333333333333	VerbTransitive	0.25	VerbIntransitive	0.25	VerbIntransitiveSpecial	0.25	VerbTransitiveSpecial	0.25	NotRightConjunct	1.0	Plural_consonant	0.111111111111	Genitive_Locative_u	0.111111111111	Locative_u	0.111111111111	NoSpecialCaseForm	0.111111111111	SpecialVocative	0.111111111111	GenitivePlural_Zero	0.111111111111	SpecialPlual	0.111111111111	NominativePlural_a	0.111111111111	Genitive_u	0.111111111111	NoContrast	1.0	NormalCapitalization	1.0	V_Prefixoid	0.0416666666667	POL_Prefixoid	0.0416666666667	PO_Prefixoid	0.0416666666667	Letter_Prefixoid	0.0416666666667	InternMod_Prefixoid	0.0416666666667	Chem_Prefixoid	0.0416666666667	BES_Prefixoid	0.0416666666667	Chemical_Possible	0.0416666666667	VPOL_Prefixoid	0.0416666666667	Eval_Prefixoid	0.0416666666667	InternModEr_Prefixoid	0.0416666666667	Rus_Prefixoid	0.0416666666667	Intern_ReducedPrefixoid	0.0416666666667	NI_Prefixoid	0.0416666666667	Reduced_Prefixoid	0.0416666666667	NAI_Prefixoid	0.0416666666667	Intern_Prefixoid	0.0416666666667	BEZer_Prefixoid	0.0416666666667	InternHy_Prefixoid	0.0416666666667	KOE_Prefixoid	0.0416666666667	ProperNamePrefixoid	0.0416666666667	RusHy_Prefixoid	0.0416666666667	BEZ_Prefixoid	0.0416666666667	NE_Prefixoid	0.0416666666667	ParticipleShortForm	0.5	ParticipleFullForm	0.5	Singular	1.0	Four	0.2	SevenEight	0.2	Two	0.2	Three	0.2	FiveAndMore	0.2	AdjectiveFullForm	0.333333333333	AdjectiveShortFlectional	0.333333333333	AdjectiveShortForm	0.333333333333	NounProperNameDimin	0.111111111111	NounProperName	0.111111111111	NounProperGeneral	0.111111111111	NounProperTown	0.111111111111	NounProperSurNameFlective	0.111111111111	NounProperPatronymic	0.111111111111	AdjectiveProper	0.111111111111	AbbrProperGeneral	0.111111111111	NounProperSurNameForeign	0.111111111111	NormalNumberParadigm	1.0	FullRealization	1.0
43	17	стал	стал	488008	-1	Animate	0.5	Inanimate	0.5	ImperfectiveReflexivity	0.5	FullReflexivity	0.5	NormalMorphForm	1.0	DefectOne	0.2	DefectFour	0.2	Byt	0.2	DefectThree	0.2	DefectTwo	0.2	GTVerb	1.0	NotEllipted	1.0	VocalForm	0.5	NForm	0.5	NotControlled	1.0	ZeroTypeOfCoordination	1.0	Composite_ComplexNumeral	0.0714285714286	Composite_cko	0.0714285714286	NoCompositeness	0.0714285714286	Composite_cki	0.0714285714286	Composite_o	0.0714285714286	Composite_NumeralFull	0.0714285714286	Composite_NumeralShort	0.0714285714286	Composite_null	0.0714285714286	Composite_iko	0.0714285714286	Composite_sko	0.0714285714286	Composite_e	0.0714285714286	Composite_Numeral	0.0714285714286	Composite_usek	0.0714285714286	Composite_ski	0.0714285714286	DegreeComparative	0.333333333333	DegreeSuperlative	0.333333333333	DegreePositive	0.333333333333	Adverb_With_Hyphen	0.5	Adverb_Un_Hyphen	0.5	DeclensionMixed	0.25	DeclensionAdjectival	0.25	DeclensionNominal	0.25	Indeclinable	0.25	Comp_PunctuatorPref	0.0625	Comp_Suffixoid_Num_IJ	0.0625	Comp_PunctuatorPostSeparable	0.0625	Un_Comp_Suf	0.0625	Comp_SuffixoidAbbr	0.0625	Comp_Noun	0.0625	Comp_Suffixoid_Num_J	0.0625	Comp_PunctuatorPost	0.0625	Comp_PunctuatorPrefSeparable	0.0625	Comp_Suffixoid_Num_OJ	0.0625	Comp_Prefixoid	0.0625	Comp_Suffixoid	0.0625	Comp_Suffixoid_Chem	0.0625	Comp_Suffixoid_Num_PercentYJ	0.0625	Comp_Suffixoid_Num_YJ	0.0625	Comp_Adj	0.0625	MonoAspectual	0.5	Paired	0.5	NoSynthComparative	0.25	FullSynthComparison	0.25	OnlySuperlative	0.25	NoSynthSuperlative	0.25	MTwo	0.333333333333	MOne	0.333333333333	MThree	0.333333333333	NormalClassifyingCapitalization	1.0	Past	1.0	Verb	1.0	ZeroDoubleConjunct	1.0	NotCommonChild	1.0	Accusative	0.0909090909091	Prepositional	0.0909090909091	Instrumental	0.0909090909091	Dative	0.0909090909091	ZeroCase	0.0909090909091	Locative	0.0909090909091	Genitive	0.0909090909091	Partitive	0.0909090909091	Nominative	0.0909090909091	DativeSpecial	0.0909090909091	Vocative	0.0909090909091	RCDemonstrative	0.111111111111	RCNegative	0.111111111111	RCNoun	0.111111111111	RCPossessive	0.111111111111	RCIndefinite	0.111111111111	RCPersonal	0.111111111111	RCReflexive	0.111111111111	RCInterrogative	0.111111111111	RCAttributive	0.111111111111	NoPlacement	1.0	Perfective	1.0	NotDefaultFiller	1.0	Masculine	1.0	NoLeftmostPlacement	1.0	UnIterat	1.0	NoRightmostPlacement	1.0	NotLeftConjunct	1.0	PersonFirst	0.25	PersonThird	0.25	PersonSecond	0.25	PersonZero	0.25	Active	1.0	VerbIntransitive	1.0	NotRightConjunct	1.0	Plural_consonant	0.111111111111	Genitive_Locative_u	0.111111111111	Locative_u	0.111111111111	NoSpecialCaseForm	0.111111111111	SpecialVocative	0.111111111111	GenitivePlural_Zero	0.111111111111	SpecialPlual	0.111111111111	NominativePlural_a	0.111111111111	Genitive_u	0.111111111111	NoContrast	1.0	NormalCapitalization	1.0	V_Prefixoid	0.0416666666667	POL_Prefixoid	0.0416666666667	PO_Prefixoid	0.0416666666667	Letter_Prefixoid	0.0416666666667	InternMod_Prefixoid	0.0416666666667	Chem_Prefixoid	0.0416666666667	BES_Prefixoid	0.0416666666667	Chemical_Possible	0.0416666666667	VPOL_Prefixoid	0.0416666666667	Eval_Prefixoid	0.0416666666667	InternModEr_Prefixoid	0.0416666666667	Rus_Prefixoid	0.0416666666667	Intern_ReducedPrefixoid	0.0416666666667	NI_Prefixoid	0.0416666666667	Reduced_Prefixoid	0.0416666666667	NAI_Prefixoid	0.0416666666667	Intern_Prefixoid	0.0416666666667	BEZer_Prefixoid	0.0416666666667	InternHy_Prefixoid	0.0416666666667	KOE_Prefixoid	0.0416666666667	ProperNamePrefixoid	0.0416666666667	RusHy_Prefixoid	0.0416666666667	BEZ_Prefixoid	0.0416666666667	NE_Prefixoid	0.0416666666667	ParticipleShortForm	0.5	ParticipleFullForm	0.5	Singular	1.0	Four	0.2	SevenEight	0.2	Two	0.2	Three	0.2	FiveAndMore	0.2	AdjectiveFullForm	0.333333333333	AdjectiveShortFlectional	0.333333333333	AdjectiveShortForm	0.333333333333	NounProperNameDimin	0.111111111111	NounProperName	0.111111111111	NounProperGeneral	0.111111111111	NounProperTown	0.111111111111	NounProperSurNameFlective	0.111111111111	NounProperPatronymic	0.111111111111	AdjectiveProper	0.111111111111	AbbrProperGeneral	0.111111111111	NounProperSurNameForeign	0.111111111111	NormalNumberParadigm	1.0	FullRealization	1.0
43	22	одним	одним	488015	488014	Animate	0.5	Inanimate	0.5	NonReflexive	0.25	ImperfectiveReflexivity	0.25	Reflexive	0.25	FullReflexivity	0.25	NormalMorphForm	1.0	DefectOne	0.2	DefectFour	0.2	Byt	0.2	DefectThree	0.2	DefectTwo	0.2	GTNumeral	0.5	GTAdjectiveAttributive	0.5	NotEllipted	1.0	VocalForm	0.5	NForm	0.5	NotControlled	1.0	ZeroTypeOfCoordination	1.0	Composite_ComplexNumeral	0.0714285714286	Composite_cko	0.0714285714286	NoCompositeness	0.0714285714286	Composite_cki	0.0714285714286	Composite_o	0.0714285714286	Composite_NumeralFull	0.0714285714286	Composite_NumeralShort	0.0714285714286	Composite_null	0.0714285714286	Composite_iko	0.0714285714286	Composite_sko	0.0714285714286	Composite_e	0.0714285714286	Composite_Numeral	0.0714285714286	Composite_usek	0.0714285714286	Composite_ski	0.0714285714286	DegreeComparative	0.333333333333	DegreeSuperlative	0.333333333333	DegreePositive	0.333333333333	Adverb_With_Hyphen	0.5	Adverb_Un_Hyphen	0.5	DeclensionMixed	0.25	DeclensionAdjectival	0.25	DeclensionNominal	0.25	Indeclinable	0.25	Comp_PunctuatorPref	0.0625	Comp_Suffixoid_Num_IJ	0.0625	Comp_PunctuatorPostSeparable	0.0625	Un_Comp_Suf	0.0625	Comp_SuffixoidAbbr	0.0625	Comp_Noun	0.0625	Comp_Suffixoid_Num_J	0.0625	Comp_PunctuatorPost	0.0625	Comp_PunctuatorPrefSeparable	0.0625	Comp_Suffixoid_Num_OJ	0.0625	Comp_Prefixoid	0.0625	Comp_Suffixoid	0.0625	Comp_Suffixoid_Chem	0.0625	Comp_Suffixoid_Num_PercentYJ	0.0625	Comp_Suffixoid_Num_YJ	0.0625	Comp_Adj	0.0625	BiAspectual	0.333333333333	MonoAspectual	0.333333333333	Paired	0.333333333333	NoSynthComparative	0.25	FullSynthComparison	0.25	OnlySuperlative	0.25	NoSynthSuperlative	0.25	MTwo	0.333333333333	MOne	0.333333333333	MThree	0.333333333333	NormalClassifyingCapitalization	1.0	Past	0.333333333333	Future	0.333333333333	Present	0.333333333333	Numeral	0.5	Pronoun	0.5	ZeroDoubleConjunct	1.0	NotCommonChild	1.0	Instrumental	0.5	Dative	0.5	RCDemonstrative	0.111111111111	RCNegative	0.111111111111	RCNoun	0.111111111111	RCPossessive	0.111111111111	RCIndefinite	0.111111111111	RCPersonal	0.111111111111	RCReflexive	0.111111111111	RCInterrogative	0.111111111111	RCAttributive	0.111111111111	NoPlacement	1.0	Perfective	0.5	Imperfective	0.5	NotDefaultFiller	1.0	Feminine	0.25	Common	0.25	Masculine	0.25	Neuter	0.25	NoLeftmostPlacement	1.0	UnIterat	0.5	Iterat	0.5	NoRightmostPlacement	1.0	NotLeftConjunct	1.0	PersonFirst	0.25	PersonThird	0.25	PersonSecond	0.25	PersonZero	0.25	Active	0.333333333333	Passive	0.333333333333	VoiceSya	0.333333333333	VerbTransitive	0.25	VerbIntransitive	0.25	VerbIntransitiveSpecial	0.25	VerbTransitiveSpecial	0.25	NotRightConjunct	1.0	Plural_consonant	0.111111111111	Genitive_Locative_u	0.111111111111	Locative_u	0.111111111111	NoSpecialCaseForm	0.111111111111	SpecialVocative	0.111111111111	GenitivePlural_Zero	0.111111111111	SpecialPlual	0.111111111111	NominativePlural_a	0.111111111111	Genitive_u	0.111111111111	NoContrast	1.0	NormalCapitalization	1.0	V_Prefixoid	0.0416666666667	POL_Prefixoid	0.0416666666667	PO_Prefixoid	0.0416666666667	Letter_Prefixoid	0.0416666666667	InternMod_Prefixoid	0.0416666666667	Chem_Prefixoid	0.0416666666667	BES_Prefixoid	0.0416666666667	Chemical_Possible	0.0416666666667	VPOL_Prefixoid	0.0416666666667	Eval_Prefixoid	0.0416666666667	InternModEr_Prefixoid	0.0416666666667	Rus_Prefixoid	0.0416666666667	Intern_ReducedPrefixoid	0.0416666666667	NI_Prefixoid	0.0416666666667	Reduced_Prefixoid	0.0416666666667	NAI_Prefixoid	0.0416666666667	Intern_Prefixoid	0.0416666666667	BEZer_Prefixoid	0.0416666666667	InternHy_Prefixoid	0.0416666666667	KOE_Prefixoid	0.0416666666667	ProperNamePrefixoid	0.0416666666667	RusHy_Prefixoid	0.0416666666667	BEZ_Prefixoid	0.0416666666667	NE_Prefixoid	0.0416666666667	ParticipleShortForm	0.5	ParticipleFullForm	0.5	Plural	0.5	Singular	0.5	Four	0.2	SevenEight	0.2	Two	0.2	Three	0.2	FiveAndMore	0.2	AdjectiveFullForm	0.333333333333	AdjectiveShortFlectional	0.333333333333	AdjectiveShortForm	0.333333333333	NounProperNameDimin	0.111111111111	NounProperName	0.111111111111	NounProperGeneral	0.111111111111	NounProperTown	0.111111111111	NounProperSurNameFlective	0.111111111111	NounProperPatronymic	0.111111111111	AdjectiveProper	0.111111111111	AbbrProperGeneral	0.111111111111	NounProperSurNameForeign	0.111111111111	NormalNumberParadigm	1.0	FullRealization	1.0
43	28	из	из	488017	488016	Animate	0.5	Inanimate	0.5	NonReflexive	0.25	ImperfectiveReflexivity	0.25	Reflexive	0.25	FullReflexivity	0.25	NormalMorphForm	1.0	DefectOne	0.2	DefectFour	0.2	Byt	0.2	DefectThree	0.2	DefectTwo	0.2	GTInvariable	1.0	NotEllipted	1.0	VocalForm	0.5	NForm	0.5	NotControlled	1.0	ZeroTypeOfCoordination	1.0	Composite_ComplexNumeral	0.0714285714286	Composite_cko	0.0714285714286	NoCompositeness	0.0714285714286	Composite_cki	0.0714285714286	Composite_o	0.0714285714286	Composite_NumeralFull	0.0714285714286	Composite_NumeralShort	0.0714285714286	Composite_null	0.0714285714286	Composite_iko	0.0714285714286	Composite_sko	0.0714285714286	Composite_e	0.0714285714286	Composite_Numeral	0.0714285714286	Composite_usek	0.0714285714286	Composite_ski	0.0714285714286	DegreeComparative	0.333333333333	DegreeSuperlative	0.333333333333	DegreePositive	0.333333333333	Adverb_With_Hyphen	0.5	Adverb_Un_Hyphen	0.5	DeclensionMixed	0.25	DeclensionAdjectival	0.25	DeclensionNominal	0.25	Indeclinable	0.25	Comp_PunctuatorPref	0.0625	Comp_Suffixoid_Num_IJ	0.0625	Comp_PunctuatorPostSeparable	0.0625	Un_Comp_Suf	0.0625	Comp_SuffixoidAbbr	0.0625	Comp_Noun	0.0625	Comp_Suffixoid_Num_J	0.0625	Comp_PunctuatorPost	0.0625	Comp_PunctuatorPrefSeparable	0.0625	Comp_Suffixoid_Num_OJ	0.0625	Comp_Prefixoid	0.0625	Comp_Suffixoid	0.0625	Comp_Suffixoid_Chem	0.0625	Comp_Suffixoid_Num_PercentYJ	0.0625	Comp_Suffixoid_Num_YJ	0.0625	Comp_Adj	0.0625	BiAspectual	0.333333333333	MonoAspectual	0.333333333333	Paired	0.333333333333	NoSynthComparative	0.25	FullSynthComparison	0.25	OnlySuperlative	0.25	NoSynthSuperlative	0.25	MTwo	0.333333333333	MOne	0.333333333333	MThree	0.333333333333	NormalClassifyingCapitalization	1.0	Past	0.333333333333	Future	0.333333333333	Present	0.333333333333	Preposition	1.0	ZeroDoubleConjunct	1.0	NotCommonChild	1.0	Accusative	0.0909090909091	Prepositional	0.0909090909091	Instrumental	0.0909090909091	Dative	0.0909090909091	ZeroCase	0.0909090909091	Locative	0.0909090909091	Genitive	0.0909090909091	Partitive	0.0909090909091	Nominative	0.0909090909091	DativeSpecial	0.0909090909091	Vocative	0.0909090909091	RCDemonstrative	0.111111111111	RCNegative	0.111111111111	RCNoun	0.111111111111	RCPossessive	0.111111111111	RCIndefinite	0.111111111111	RCPersonal	0.111111111111	RCReflexive	0.111111111111	RCInterrogative	0.111111111111	RCAttributive	0.111111111111	NoPlacement	1.0	Perfective	0.5	Imperfective	0.5	NotDefaultFiller	1.0	Feminine	0.25	Common	0.25	Masculine	0.25	Neuter	0.25	NoLeftmostPlacement	1.0	UnIterat	0.5	Iterat	0.5	NoRightmostPlacement	1.0	NotLeftConjunct	1.0	PersonFirst	0.25	PersonThird	0.25	PersonSecond	0.25	PersonZero	0.25	Active	0.333333333333	Passive	0.333333333333	VoiceSya	0.333333333333	VerbTransitive	0.25	VerbIntransitive	0.25	VerbIntransitiveSpecial	0.25	VerbTransitiveSpecial	0.25	NotRightConjunct	1.0	Plural_consonant	0.111111111111	Genitive_Locative_u	0.111111111111	Locative_u	0.111111111111	NoSpecialCaseForm	0.111111111111	SpecialVocative	0.111111111111	GenitivePlural_Zero	0.111111111111	SpecialPlual	0.111111111111	NominativePlural_a	0.111111111111	Genitive_u	0.111111111111	NoContrast	1.0	NormalCapitalization	1.0	V_Prefixoid	0.0416666666667	POL_Prefixoid	0.0416666666667	PO_Prefixoid	0.0416666666667	Letter_Prefixoid	0.0416666666667	InternMod_Prefixoid	0.0416666666667	Chem_Prefixoid	0.0416666666667	BES_Prefixoid	0.0416666666667	Chemical_Possible	0.0416666666667	VPOL_Prefixoid	0.0416666666667	Eval_Prefixoid	0.0416666666667	InternModEr_Prefixoid	0.0416666666667	Rus_Prefixoid	0.0416666666667	Intern_ReducedPrefixoid	0.0416666666667	NI_Prefixoid	0.0416666666667	Reduced_Prefixoid	0.0416666666667	NAI_Prefixoid	0.0416666666667	Intern_Prefixoid	0.0416666666667	BEZer_Prefixoid	0.0416666666667	InternHy_Prefixoid	0.0416666666667	KOE_Prefixoid	0.0416666666667	ProperNamePrefixoid	0.0416666666667	RusHy_Prefixoid	0.0416666666667	BEZ_Prefixoid	0.0416666666667	NE_Prefixoid	0.0416666666667	ParticipleShortForm	0.5	ParticipleFullForm	0.5	Plural	0.5	Singular	0.5	Four	0.2	SevenEight	0.2	Two	0.2	Three	0.2	FiveAndMore	0.2	AdjectiveFullForm	0.333333333333	AdjectiveShortFlectional	0.333333333333	AdjectiveShortForm	0.333333333333	NounProperNameDimin	0.111111111111	NounProperName	0.111111111111	NounProperGeneral	0.111111111111	NounProperTown	0.111111111111	NounProperSurNameFlective	0.111111111111	NounProperPatronymic	0.111111111111	AdjectiveProper	0.111111111111	AbbrProperGeneral	0.111111111111	NounProperSurNameForeign	0.111111111111	NormalNumberParadigm	1.0	FullRealization	1.0
43	31	организаторов	организаторов	488016	488014	Animate	1.0	NonReflexive	0.25	ImperfectiveReflexivity	0.25	Reflexive	0.25	FullReflexivity	0.25	NormalMorphForm	1.0	DefectOne	0.2	DefectFour	0.2	Byt	0.2	DefectThree	0.2	DefectTwo	0.2	GTNoun	1.0	NotEllipted	1.0	VocalForm	0.5	NForm	0.5	NotControlled	1.0	ZeroTypeOfCoordination	1.0	NoCompositeness	1.0	DegreeComparative	0.333333333333	DegreeSuperlative	0.333333333333	DegreePositive	0.333333333333	Adverb_With_Hyphen	0.5	Adverb_Un_Hyphen	0.5	DeclensionNominal	1.0	Un_Comp_Suf	1.0	BiAspectual	0.333333333333	MonoAspectual	0.333333333333	Paired	0.333333333333	NoSynthComparative	0.25	FullSynthComparison	0.25	OnlySuperlative	0.25	NoSynthSuperlative	0.25	MTwo	0.333333333333	MOne	0.333333333333	MThree	0.333333333333	NormalClassifyingCapitalization	1.0	Past	0.333333333333	Future	0.333333333333	Present	0.333333333333	Noun	1.0	ZeroDoubleConjunct	1.0	NotCommonChild	1.0	Accusative	0.333333333333	Genitive	0.333333333333	Partitive	0.333333333333	RCDemonstrative	0.111111111111	RCNegative	0.111111111111	RCNoun	0.111111111111	RCPossessive	0.111111111111	RCIndefinite	0.111111111111	RCPersonal	0.111111111111	RCReflexive	0.111111111111	RCInterrogative	0.111111111111	RCAttributive	0.111111111111	NoPlacement	1.0	Perfective	0.5	Imperfective	0.5	NotDefaultFiller	1.0	Masculine	1.0	NoLeftmostPlacement	1.0	UnIterat	0.5	Iterat	0.5	NoRightmostPlacement	1.0	NotLeftConjunct	1.0	PersonFirst	0.25	PersonThird	0.25	PersonSecond	0.25	PersonZero	0.25	Active	0.333333333333	Passive	0.333333333333	VoiceSya	0.333333333333	VerbTransitive	0.25	VerbIntransitive	0.25	VerbIntransitiveSpecial	0.25	VerbTransitiveSpecial	0.25	NotRightConjunct	1.0	NoSpecialCaseForm	1.0	NoContrast	1.0	NormalCapitalization	1.0	V_Prefixoid	0.0416666666667	POL_Prefixoid	0.0416666666667	PO_Prefixoid	0.0416666666667	Letter_Prefixoid	0.0416666666667	InternMod_Prefixoid	0.0416666666667	Chem_Prefixoid	0.0416666666667	BES_Prefixoid	0.0416666666667	Chemical_Possible	0.0416666666667	VPOL_Prefixoid	0.0416666666667	Eval_Prefixoid	0.0416666666667	InternModEr_Prefixoid	0.0416666666667	Rus_Prefixoid	0.0416666666667	Intern_ReducedPrefixoid	0.0416666666667	NI_Prefixoid	0.0416666666667	Reduced_Prefixoid	0.0416666666667	NAI_Prefixoid	0.0416666666667	Intern_Prefixoid	0.0416666666667	BEZer_Prefixoid	0.0416666666667	InternHy_Prefixoid	0.0416666666667	KOE_Prefixoid	0.0416666666667	ProperNamePrefixoid	0.0416666666667	RusHy_Prefixoid	0.0416666666667	BEZ_Prefixoid	0.0416666666667	NE_Prefixoid	0.0416666666667	ParticipleShortForm	0.5	ParticipleFullForm	0.5	Plural	1.0	Four	0.2	SevenEight	0.2	Two	0.2	Three	0.2	FiveAndMore	0.2	AdjectiveFullForm	0.333333333333	AdjectiveShortFlectional	0.333333333333	AdjectiveShortForm	0.333333333333	NounProperNameDimin	0.111111111111	NounProperName	0.111111111111	NounProperGeneral	0.111111111111	NounProperTown	0.111111111111	NounProperSurNameFlective	0.111111111111	NounProperPatronymic	0.111111111111	AdjectiveProper	0.111111111111	AbbrProperGeneral	0.111111111111	NounProperSurNameForeign	0.111111111111	NormalNumberParadigm	1.0	FullRealization	1.0
43	45	знаменитой	знаменитой	488019	488018	Animate	0.5	Inanimate	0.5	NonReflexive	0.25	ImperfectiveReflexivity	0.25	Reflexive	0.25	FullReflexivity	0.25	NormalMorphForm	1.0	DefectOne	0.2	DefectFour	0.2	Byt	0.2	DefectThree	0.2	DefectTwo	0.2	GTAdjective	1.0	NotEllipted	1.0	VocalForm	0.5	NForm	0.5	NotControlled	1.0	ZeroTypeOfCoordination	1.0	NoCompositeness	1.0	DegreePositive	1.0	Adverb_With_Hyphen	0.5	Adverb_Un_Hyphen	0.5	DeclensionMixed	0.25	DeclensionAdjectival	0.25	DeclensionNominal	0.25	Indeclinable	0.25	Un_Comp_Suf	1.0	BiAspectual	0.333333333333	MonoAspectual	0.333333333333	Paired	0.333333333333	FullSynthComparison	1.0	MTwo	0.333333333333	MOne	0.333333333333	MThree	0.333333333333	NormalClassifyingCapitalization	1.0	Past	0.333333333333	Future	0.333333333333	Present	0.333333333333	Adjective	1.0	ZeroDoubleConjunct	1.0	NotCommonChild	1.0	Prepositional	0.166666666667	Instrumental	0.166666666667	Dative	0.166666666667	Locative	0.166666666667	Genitive	0.166666666667	Partitive	0.166666666667	RCDemonstrative	0.111111111111	RCNegative	0.111111111111	RCNoun	0.111111111111	RCPossessive	0.111111111111	RCIndefinite	0.111111111111	RCPersonal	0.111111111111	RCReflexive	0.111111111111	RCInterrogative	0.111111111111	RCAttributive	0.111111111111	NoPlacement	1.0	Perfective	0.5	Imperfective	0.5	NotDefaultFiller	1.0	Feminine	1.0	NoLeftmostPlacement	1.0	UnIterat	0.5	Iterat	0.5	NoRightmostPlacement	1.0	NotLeftConjunct	1.0	PersonFirst	0.25	PersonThird	0.25	PersonSecond	0.25	PersonZero	0.25	Active	0.333333333333	Passive	0.333333333333	VoiceSya	0.333333333333	VerbTransitive	0.25	VerbIntransitive	0.25	VerbIntransitiveSpecial	0.25	VerbTransitiveSpecial	0.25	NotRightConjunct	1.0	Plural_consonant	0.111111111111	Genitive_Locative_u	0.111111111111	Locative_u	0.111111111111	NoSpecialCaseForm	0.111111111111	SpecialVocative	0.111111111111	GenitivePlural_Zero	0.111111111111	SpecialPlual	0.111111111111	NominativePlural_a	0.111111111111	Genitive_u	0.111111111111	NoContrast	1.0	NormalCapitalization	1.0	V_Prefixoid	0.0416666666667	POL_Prefixoid	0.0416666666667	PO_Prefixoid	0.0416666666667	Letter_Prefixoid	0.0416666666667	InternMod_Prefixoid	0.0416666666667	Chem_Prefixoid	0.0416666666667	BES_Prefixoid	0.0416666666667	Chemical_Possible	0.0416666666667	VPOL_Prefixoid	0.0416666666667	Eval_Prefixoid	0.0416666666667	InternModEr_Prefixoid	0.0416666666667	Rus_Prefixoid	0.0416666666667	Intern_ReducedPrefixoid	0.0416666666667	NI_Prefixoid	0.0416666666667	Reduced_Prefixoid	0.0416666666667	NAI_Prefixoid	0.0416666666667	Intern_Prefixoid	0.0416666666667	BEZer_Prefixoid	0.0416666666667	InternHy_Prefixoid	0.0416666666667	KOE_Prefixoid	0.0416666666667	ProperNamePrefixoid	0.0416666666667	RusHy_Prefixoid	0.0416666666667	BEZ_Prefixoid	0.0416666666667	NE_Prefixoid	0.0416666666667	ParticipleShortForm	0.5	ParticipleFullForm	0.5	Singular	1.0	Four	0.2	SevenEight	0.2	Two	0.2	Three	0.2	FiveAndMore	0.2	AdjectiveFullForm	1.0	NounProperNameDimin	0.111111111111	NounProperName	0.111111111111	NounProperGeneral	0.111111111111	NounProperTown	0.111111111111	NounProperSurNameFlective	0.111111111111	NounProperPatronymic	0.111111111111	AdjectiveProper	0.111111111111	AbbrProperGeneral	0.111111111111	NounProperSurNameForeign	0.111111111111	NormalNumberParadigm	1.0	FullRealization	1.0
43	56	майско	майско	488021	488020	Animate	0.5	Inanimate	0.5	NonReflexive	0.25	ImperfectiveReflexivity	0.25	Reflexive	0.25	FullReflexivity	0.25	NormalMorphForm	1.0	DefectOne	0.2	DefectFour	0.2	Byt	0.2	DefectThree	0.2	DefectTwo	0.2	GTAdjectiveAttributive	1.0	NotEllipted	1.0	VocalForm	0.5	NForm	0.5	NotControlled	1.0	ZeroTypeOfCoordination	1.0	Composite_sko	1.0	DegreePositive	1.0	Adverb_With_Hyphen	0.5	Adverb_Un_Hyphen	0.5	DeclensionMixed	0.25	DeclensionAdjectival	0.25	DeclensionNominal	0.25	Indeclinable	0.25	Un_Comp_Suf	1.0	BiAspectual	0.333333333333	MonoAspectual	0.333333333333	Paired	0.333333333333	NoSynthComparative	1.0	MTwo	0.333333333333	MOne	0.333333333333	MThree	0.333333333333	NormalClassifyingCapitalization	1.0	Past	0.333333333333	Future	0.333333333333	Present	0.333333333333	Adjective	1.0	ZeroDoubleConjunct	1.0	NotCommonChild	1.0	Accusative	0.0909090909091	Prepositional	0.0909090909091	Instrumental	0.0909090909091	Dative	0.0909090909091	ZeroCase	0.0909090909091	Locative	0.0909090909091	Genitive	0.0909090909091	Partitive	0.0909090909091	Nominative	0.0909090909091	DativeSpecial	0.0909090909091	Vocative	0.0909090909091	RCDemonstrative	0.111111111111	RCNegative	0.111111111111	RCNoun	0.111111111111	RCPossessive	0.111111111111	RCIndefinite	0.111111111111	RCPersonal	0.111111111111	RCReflexive	0.111111111111	RCInterrogative	0.111111111111	RCAttributive	0.111111111111	NoPlacement	1.0	Perfective	0.5	Imperfective	0.5	NotDefaultFiller	1.0	Feminine	0.25	Common	0.25	Masculine	0.25	Neuter	0.25	NoLeftmostPlacement	1.0	UnIterat	0.5	Iterat	0.5	NoRightmostPlacement	1.0	NotLeftConjunct	1.0	PersonFirst	0.25	PersonThird	0.25	PersonSecond	0.25	PersonZero	0.25	Active	0.333333333333	Passive	0.333333333333	VoiceSya	0.333333333333	VerbTransitive	0.25	VerbIntransitive	0.25	VerbIntransitiveSpecial	0.25	VerbTransitiveSpecial	0.25	NotRightConjunct	1.0	Plural_consonant	0.111111111111	Genitive_Locative_u	0.111111111111	Locative_u	0.111111111111	NoSpecialCaseForm	0.111111111111	SpecialVocative	0.111111111111	GenitivePlural_Zero	0.111111111111	SpecialPlual	0.111111111111	NominativePlural_a	0.111111111111	Genitive_u	0.111111111111	NoContrast	1.0	NormalCapitalization	1.0	V_Prefixoid	0.0416666666667	POL_Prefixoid	0.0416666666667	PO_Prefixoid	0.0416666666667	Letter_Prefixoid	0.0416666666667	InternMod_Prefixoid	0.0416666666667	Chem_Prefixoid	0.0416666666667	BES_Prefixoid	0.0416666666667	Chemical_Possible	0.0416666666667	VPOL_Prefixoid	0.0416666666667	Eval_Prefixoid	0.0416666666667	InternModEr_Prefixoid	0.0416666666667	Rus_Prefixoid	0.0416666666667	Intern_ReducedPrefixoid	0.0416666666667	NI_Prefixoid	0.0416666666667	Reduced_Prefixoid	0.0416666666667	NAI_Prefixoid	0.0416666666667	Intern_Prefixoid	0.0416666666667	BEZer_Prefixoid	0.0416666666667	InternHy_Prefixoid	0.0416666666667	KOE_Prefixoid	0.0416666666667	ProperNamePrefixoid	0.0416666666667	RusHy_Prefixoid	0.0416666666667	BEZ_Prefixoid	0.0416666666667	NE_Prefixoid	0.0416666666667	ParticipleShortForm	0.5	ParticipleFullForm	0.5	Plural	0.5	Singular	0.5	Four	0.2	SevenEight	0.2	Two	0.2	Three	0.2	FiveAndMore	0.2	AdjectiveFullForm	1.0	NounProperNameDimin	0.111111111111	NounProperName	0.111111111111	NounProperGeneral	0.111111111111	NounProperTown	0.111111111111	NounProperSurNameFlective	0.111111111111	NounProperPatronymic	0.111111111111	AdjectiveProper	0.111111111111	AbbrProperGeneral	0.111111111111	NounProperSurNameForeign	0.111111111111	NormalNumberParadigm	1.0	FullRealization	1.0
43	63	августовской	августовской	488020	488018	Animate	0.5	Inanimate	0.5	NonReflexive	0.25	ImperfectiveReflexivity	0.25	Reflexive	0.25	FullReflexivity	0.25	NormalMorphForm	1.0	DefectOne	0.2	DefectFour	0.2	Byt	0.2	DefectThree	0.2	DefectTwo	0.2	GTAdjectiveAttributive	1.0	NotEllipted	1.0	VocalForm	0.5	NForm	0.5	NotControlled	1.0	ZeroTypeOfCoordination	1.0	NoCompositeness	1.0	DegreePositive	1.0	Adverb_With_Hyphen	0.5	Adverb_Un_Hyphen	0.5	DeclensionMixed	0.25	DeclensionAdjectival	0.25	DeclensionNominal	0.25	Indeclinable	0.25	Un_Comp_Suf	1.0	BiAspectual	0.333333333333	MonoAspectual	0.333333333333	Paired	0.333333333333	NoSynthComparative	1.0	MTwo	0.333333333333	MOne	0.333333333333	MThree	0.333333333333	NormalClassifyingCapitalization	1.0	Past	0.333333333333	Future	0.333333333333	Present	0.333333333333	Adjective	1.0	ZeroDoubleConjunct	1.0	NotCommonChild	1.0	Prepositional	0.166666666667	Instrumental	0.166666666667	Dative	0.166666666667	Locative	0.166666666667	Genitive	0.166666666667	Partitive	0.166666666667	RCDemonstrative	0.111111111111	RCNegative	0.111111111111	RCNoun	0.111111111111	RCPossessive	0.111111111111	RCIndefinite	0.111111111111	RCPersonal	0.111111111111	RCReflexive	0.111111111111	RCInterrogative	0.111111111111	RCAttributive	0.111111111111	NoPlacement	1.0	Perfective	0.5	Imperfective	0.5	NotDefaultFiller	1.0	Feminine	1.0	NoLeftmostPlacement	1.0	UnIterat	0.5	Iterat	0.5	NoRightmostPlacement	1.0	NotLeftConjunct	1.0	PersonFirst	0.25	PersonThird	0.25	PersonSecond	0.25	PersonZero	0.25	Active	0.333333333333	Passive	0.333333333333	VoiceSya	0.333333333333	VerbTransitive	0.25	VerbIntransitive	0.25	VerbIntransitiveSpecial	0.25	VerbTransitiveSpecial	0.25	NotRightConjunct	1.0	Plural_consonant	0.111111111111	Genitive_Locative_u	0.111111111111	Locative_u	0.111111111111	NoSpecialCaseForm	0.111111111111	SpecialVocative	0.111111111111	GenitivePlural_Zero	0.111111111111	SpecialPlual	0.111111111111	NominativePlural_a	0.111111111111	Genitive_u	0.111111111111	NoContrast	1.0	NormalCapitalization	1.0	V_Prefixoid	0.0416666666667	POL_Prefixoid	0.0416666666667	PO_Prefixoid	0.0416666666667	Letter_Prefixoid	0.0416666666667	InternMod_Prefixoid	0.0416666666667	Chem_Prefixoid	0.0416666666667	BES_Prefixoid	0.0416666666667	Chemical_Possible	0.0416666666667	VPOL_Prefixoid	0.0416666666667	Eval_Prefixoid	0.0416666666667	InternModEr_Prefixoid	0.0416666666667	Rus_Prefixoid	0.0416666666667	Intern_ReducedPrefixoid	0.0416666666667	NI_Prefixoid	0.0416666666667	Reduced_Prefixoid	0.0416666666667	NAI_Prefixoid	0.0416666666667	Intern_Prefixoid	0.0416666666667	BEZer_Prefixoid	0.0416666666667	InternHy_Prefixoid	0.0416666666667	KOE_Prefixoid	0.0416666666667	ProperNamePrefixoid	0.0416666666667	RusHy_Prefixoid	0.0416666666667	BEZ_Prefixoid	0.0416666666667	NE_Prefixoid	0.0416666666667	ParticipleShortForm	0.5	ParticipleFullForm	0.5	Singular	1.0	Four	0.2	SevenEight	0.2	Two	0.2	Three	0.2	FiveAndMore	0.2	AdjectiveFullForm	1.0	NounProperNameDimin	0.111111111111	NounProperName	0.111111111111	NounProperGeneral	0.111111111111	NounProperTown	0.111111111111	NounProperSurNameFlective	0.111111111111	NounProperPatronymic	0.111111111111	AdjectiveProper	0.111111111111	AbbrProperGeneral	0.111111111111	NounProperSurNameForeign	0.111111111111	NormalNumberParadigm	1.0	FullRealization	1.0
43	76	стачки	стачки	488018	488016	Inanimate	1.0	NonReflexive	0.25	ImperfectiveReflexivity	0.25	Reflexive	0.25	FullReflexivity	0.25	NormalMorphForm	1.0	DefectOne	0.2	DefectFour	0.2	Byt	0.2	DefectThree	0.2	DefectTwo	0.2	GTNoun	1.0	NotEllipted	1.0	VocalForm	0.5	NForm	0.5	NotControlled	1.0	ZeroTypeOfCoordination	1.0	NoCompositeness	1.0	DegreeComparative	0.333333333333	DegreeSuperlative	0.333333333333	DegreePositive	0.333333333333	Adverb_With_Hyphen	0.5	Adverb_Un_Hyphen	0.5	DeclensionNominal	1.0	Un_Comp_Suf	1.0	BiAspectual	0.333333333333	MonoAspectual	0.333333333333	Paired	0.333333333333	NoSynthComparative	0.25	FullSynthComparison	0.25	OnlySuperlative	0.25	NoSynthSuperlative	0.25	MTwo	0.333333333333	MOne	0.333333333333	MThree	0.333333333333	NormalClassifyingCapitalization	1.0	Past	0.333333333333	Future	0.333333333333	Present	0.333333333333	Noun	1.0	ZeroDoubleConjunct	1.0	NotCommonChild	1.0	Accusative	0.25	Genitive	0.25	Partitive	0.25	Nominative	0.25	RCDemonstrative	0.111111111111	RCNegative	0.111111111111	RCNoun	0.111111111111	RCPossessive	0.111111111111	RCIndefinite	0.111111111111	RCPersonal	0.111111111111	RCReflexive	0.111111111111	RCInterrogative	0.111111111111	RCAttributive	0.111111111111	NoPlacement	1.0	Perfective	0.5	Imperfective	0.5	NotDefaultFiller	1.0	Feminine	1.0	NoLeftmostPlacement	1.0	UnIterat	0.5	Iterat	0.5	NoRightmostPlacement	1.0	NotLeftConjunct	1.0	PersonFirst	0.25	PersonThird	0.25	PersonSecond	0.25	PersonZero	0.25	Active	0.333333333333	Passive	0.333333333333	VoiceSya	0.333333333333	VerbTransitive	0.25	VerbIntransitive	0.25	VerbIntransitiveSpecial	0.25	VerbTransitiveSpecial	0.25	NotRightConjunct	1.0	NoSpecialCaseForm	1.0	NoContrast	1.0	NormalCapitalization	1.0	V_Prefixoid	0.0416666666667	POL_Prefixoid	0.0416666666667	PO_Prefixoid	0.0416666666667	Letter_Prefixoid	0.0416666666667	InternMod_Prefixoid	0.0416666666667	Chem_Prefixoid	0.0416666666667	BES_Prefixoid	0.0416666666667	Chemical_Possible	0.0416666666667	VPOL_Prefixoid	0.0416666666667	Eval_Prefixoid	0.0416666666667	InternModEr_Prefixoid	0.0416666666667	Rus_Prefixoid	0.0416666666667	Intern_ReducedPrefixoid	0.0416666666667	NI_Prefixoid	0.0416666666667	Reduced_Prefixoid	0.0416666666667	NAI_Prefixoid	0.0416666666667	Intern_Prefixoid	0.0416666666667	BEZer_Prefixoid	0.0416666666667	InternHy_Prefixoid	0.0416666666667	KOE_Prefixoid	0.0416666666667	ProperNamePrefixoid	0.0416666666667	RusHy_Prefixoid	0.0416666666667	BEZ_Prefixoid	0.0416666666667	NE_Prefixoid	0.0416666666667	ParticipleShortForm	0.5	ParticipleFullForm	0.5	Plural	0.5	Singular	0.5	Four	0.2	SevenEight	0.2	Two	0.2	Three	0.2	FiveAndMore	0.2	AdjectiveFullForm	0.333333333333	AdjectiveShortFlectional	0.333333333333	AdjectiveShortForm	0.333333333333	NounProperNameDimin	0.111111111111	NounProperName	0.111111111111	NounProperGeneral	0.111111111111	NounProperTown	0.111111111111	NounProperSurNameFlective	0.111111111111	NounProperPatronymic	0.111111111111	AdjectiveProper	0.111111111111	AbbrProperGeneral	0.111111111111	NounProperSurNameForeign	0.111111111111	NormalNumberParadigm	1.0	FullRealization	1.0
53	0	Туск	Туск	488047	488046	Animate	0.75	Inanimate	0.25	NonReflexive	0.625	ImperfectiveReflexivity	0.125	Reflexive	0.125	FullReflexivity	0.125	NormalMorphForm	1.0	DefectOne	0.2	DefectFour	0.2	Byt	0.2	DefectThree	0.2	DefectTwo	0.2	GTVerb	0.5	GTNoun	0.5	NotEllipted	1.0	VocalForm	0.5	NForm	0.5	NotControlled	1.0	ZeroTypeOfCoordination	1.0	Composite_ComplexNumeral	0.0357142857143	Composite_cko	0.0357142857143	NoCompositeness	0.535714285714	Composite_cki	0.0357142857143	Composite_o	0.0357142857143	Composite_NumeralFull	0.0357142857143	Composite_NumeralShort	0.0357142857143	Composite_null	0.0357142857143	Composite_iko	0.0357142857143	Composite_sko	0.0357142857143	Composite_e	0.0357142857143	Composite_Numeral	0.0357142857143	Composite_usek	0.0357142857143	Composite_ski	0.0357142857143	DegreeComparative	0.333333333333	DegreeSuperlative	0.333333333333	DegreePositive	0.333333333333	Adverb_With_Hyphen	0.5	Adverb_Un_Hyphen	0.5	DeclensionMixed	0.25	DeclensionAdjectival	0.25	DeclensionNominal	0.25	Indeclinable	0.25	Comp_PunctuatorPref	0.03125	Comp_Suffixoid_Num_IJ	0.03125	Comp_PunctuatorPostSeparable	0.03125	Un_Comp_Suf	0.53125	Comp_SuffixoidAbbr	0.03125	Comp_Noun	0.03125	Comp_Suffixoid_Num_J	0.03125	Comp_PunctuatorPost	0.03125	Comp_PunctuatorPrefSeparable	0.03125	Comp_Suffixoid_Num_OJ	0.03125	Comp_Prefixoid	0.03125	Comp_Suffixoid	0.03125	Comp_Suffixoid_Chem	0.03125	Comp_Suffixoid_Num_PercentYJ	0.03125	Comp_Suffixoid_Num_YJ	0.03125	Comp_Adj	0.03125	BiAspectual	0.166666666667	MonoAspectual	0.666666666667	Paired	0.166666666667	NoSynthComparative	0.25	FullSynthComparison	0.25	OnlySuperlative	0.25	NoSynthSuperlative	0.25	MTwo	0.333333333333	MOne	0.333333333333	MThree	0.333333333333	NormalClassifyingCapitalization	1.0	Past	0.666666666667	Future	0.166666666667	Present	0.166666666667	Verb	0.5	Noun	0.5	ZeroDoubleConjunct	1.0	NotCommonChild	1.0	Accusative	0.107954545455	Prepositional	0.107954545455	Instrumental	0.107954545455	Dative	0.107954545455	ZeroCase	0.0454545454545	Locative	0.107954545455	Genitive	0.107954545455	Partitive	0.107954545455	Nominative	0.107954545455	DativeSpecial	0.0454545454545	Vocative	0.0454545454545	RCDemonstrative	0.111111111111	RCNegative	0.111111111111	RCNoun	0.111111111111	RCPossessive	0.111111111111	RCIndefinite	0.111111111111	RCPersonal	0.111111111111	RCReflexive	0.111111111111	RCInterrogative	0.111111111111	RCAttributive	0.111111111111	NoPlacement	1.0	Perfective	0.25	Imperfective	0.75	NotDefaultFiller	1.0	Feminine	0.25	Masculine	0.75	NoLeftmostPlacement	1.0	UnIterat	0.75	Iterat	0.25	NoRightmostPlacement	1.0	NotLeftConjunct	1.0	PersonFirst	0.25	PersonThird	0.25	PersonSecond	0.25	PersonZero	0.25	Active	0.666666666667	Passive	0.166666666667	VoiceSya	0.166666666667	VerbTransitive	0.125	VerbIntransitive	0.625	VerbIntransitiveSpecial	0.125	VerbTransitiveSpecial	0.125	NotRightConjunct	1.0	Plural_consonant	0.0555555555556	Genitive_Locative_u	0.0555555555556	Locative_u	0.0555555555556	NoSpecialCaseForm	0.555555555556	SpecialVocative	0.0555555555556	GenitivePlural_Zero	0.0555555555556	SpecialPlual	0.0555555555556	NominativePlural_a	0.0555555555556	Genitive_u	0.0555555555556	NoContrast	1.0	NormalCapitalization	1.0	V_Prefixoid	0.0416666666667	POL_Prefixoid	0.0416666666667	PO_Prefixoid	0.0416666666667	Letter_Prefixoid	0.0416666666667	InternMod_Prefixoid	0.0416666666667	Chem_Prefixoid	0.0416666666667	BES_Prefixoid	0.0416666666667	Chemical_Possible	0.0416666666667	VPOL_Prefixoid	0.0416666666667	Eval_Prefixoid	0.0416666666667	InternModEr_Prefixoid	0.0416666666667	Rus_Prefixoid	0.0416666666667	Intern_ReducedPrefixoid	0.0416666666667	NI_Prefixoid	0.0416666666667	Reduced_Prefixoid	0.0416666666667	NAI_Prefixoid	0.0416666666667	Intern_Prefixoid	0.0416666666667	BEZer_Prefixoid	0.0416666666667	InternHy_Prefixoid	0.0416666666667	KOE_Prefixoid	0.0416666666667	ProperNamePrefixoid	0.0416666666667	RusHy_Prefixoid	0.0416666666667	BEZ_Prefixoid	0.0416666666667	NE_Prefixoid	0.0416666666667	ParticipleShortForm	0.5	ParticipleFullForm	0.5	Plural	0.25	Singular	0.75	Four	0.2	SevenEight	0.2	Two	0.2	Three	0.2	FiveAndMore	0.2	AdjectiveFullForm	0.333333333333	AdjectiveShortFlectional	0.333333333333	AdjectiveShortForm	0.333333333333	NounProperNameDimin	0.0555555555556	NounProperName	0.0555555555556	NounProperGeneral	0.0555555555556	NounProperTown	0.0555555555556	NounProperPatronymic	0.0555555555556	NounProperSurNameFlective	0.0555555555556	AdjectiveProper	0.0555555555556	AbbrProperGeneral	0.0555555555556	NounProperSurNameForeign	0.555555555556	NormalNumberParadigm	1.0	FullRealization	1.0
53	5	получил	получил	488046	-1	Animate	0.5	Inanimate	0.5	FullReflexivity	1.0	NormalMorphForm	1.0	DefectOne	0.2	DefectFour	0.2	Byt	0.2	DefectThree	0.2	DefectTwo	0.2	GTVerb	1.0	NotEllipted	1.0	VocalForm	0.5	NForm	0.5	NotControlled	1.0	ZeroTypeOfCoordination	1.0	Composite_ComplexNumeral	0.0714285714286	Composite_cko	0.0714285714286	NoCompositeness	0.0714285714286	Composite_cki	0.0714285714286	Composite_o	0.0714285714286	Composite_NumeralFull	0.0714285714286	Composite_NumeralShort	0.0714285714286	Composite_null	0.0714285714286	Composite_iko	0.0714285714286	Composite_sko	0.0714285714286	Composite_e	0.0714285714286	Composite_Numeral	0.0714285714286	Composite_usek	0.0714285714286	Composite_ski	0.0714285714286	DegreeComparative	0.333333333333	DegreeSuperlative	0.333333333333	DegreePositive	0.333333333333	Adverb_With_Hyphen	0.5	Adverb_Un_Hyphen	0.5	DeclensionMixed	0.25	DeclensionAdjectival	0.25	DeclensionNominal	0.25	Indeclinable	0.25	Comp_PunctuatorPref	0.0625	Comp_Suffixoid_Num_IJ	0.0625	Comp_PunctuatorPostSeparable	0.0625	Un_Comp_Suf	0.0625	Comp_SuffixoidAbbr	0.0625	Comp_Noun	0.0625	Comp_Suffixoid_Num_J	0.0625	Comp_PunctuatorPost	0.0625	Comp_PunctuatorPrefSeparable	0.0625	Comp_Suffixoid_Num_OJ	0.0625	Comp_Prefixoid	0.0625	Comp_Suffixoid	0.0625	Comp_Suffixoid_Chem	0.0625	Comp_Suffixoid_Num_PercentYJ	0.0625	Comp_Suffixoid_Num_YJ	0.0625	Comp_Adj	0.0625	Paired	1.0	NoSynthComparative	0.25	FullSynthComparison	0.25	OnlySuperlative	0.25	NoSynthSuperlative	0.25	MTwo	0.333333333333	MOne	0.333333333333	MThree	0.333333333333	NormalClassifyingCapitalization	1.0	Past	1.0	Verb	1.0	ZeroDoubleConjunct	1.0	NotCommonChild	1.0	Accusative	0.0909090909091	Prepositional	0.0909090909091	Instrumental	0.0909090909091	Dative	0.0909090909091	ZeroCase	0.0909090909091	Locative	0.0909090909091	Genitive	0.0909090909091	Partitive	0.0909090909091	Nominative	0.0909090909091	DativeSpecial	0.0909090909091	Vocative	0.0909090909091	RCDemonstrative	0.111111111111	RCNegative	0.111111111111	RCNoun	0.111111111111	RCPossessive	0.111111111111	RCIndefinite	0.111111111111	RCPersonal	0.111111111111	RCReflexive	0.111111111111	RCInterrogative	0.111111111111	RCAttributive	0.111111111111	NoPlacement	1.0	Perfective	1.0	NotDefaultFiller	1.0	Masculine	1.0	NoLeftmostPlacement	1.0	UnIterat	1.0	NoRightmostPlacement	1.0	NotLeftConjunct	1.0	PersonFirst	0.25	PersonThird	0.25	PersonSecond	0.25	PersonZero	0.25	Active	1.0	VerbTransitive	1.0	NotRightConjunct	1.0	Plural_consonant	0.111111111111	Genitive_Locative_u	0.111111111111	Locative_u	0.111111111111	NoSpecialCaseForm	0.111111111111	SpecialVocative	0.111111111111	GenitivePlural_Zero	0.111111111111	SpecialPlual	0.111111111111	NominativePlural_a	0.111111111111	Genitive_u	0.111111111111	NoContrast	1.0	NormalCapitalization	1.0	V_Prefixoid	0.0416666666667	POL_Prefixoid	0.0416666666667	PO_Prefixoid	0.0416666666667	Letter_Prefixoid	0.0416666666667	InternMod_Prefixoid	0.0416666666667	Chem_Prefixoid	0.0416666666667	BES_Prefixoid	0.0416666666667	Chemical_Possible	0.0416666666667	VPOL_Prefixoid	0.0416666666667	Eval_Prefixoid	0.0416666666667	InternModEr_Prefixoid	0.0416666666667	Rus_Prefixoid	0.0416666666667	Intern_ReducedPrefixoid	0.0416666666667	NI_Prefixoid	0.0416666666667	Reduced_Prefixoid	0.0416666666667	NAI_Prefixoid	0.0416666666667	Intern_Prefixoid	0.0416666666667	BEZer_Prefixoid	0.0416666666667	InternHy_Prefixoid	0.0416666666667	KOE_Prefixoid	0.0416666666667	ProperNamePrefixoid	0.0416666666667	RusHy_Prefixoid	0.0416666666667	BEZ_Prefixoid	0.0416666666667	NE_Prefixoid	0.0416666666667	ParticipleShortForm	0.5	ParticipleFullForm	0.5	Singular	1.0	Four	0.2	SevenEight	0.2	Two	0.2	Three	0.2	FiveAndMore	0.2	AdjectiveFullForm	0.333333333333	AdjectiveShortFlectional	0.333333333333	AdjectiveShortForm	0.333333333333	NounProperNameDimin	0.111111111111	NounProperName	0.111111111111	NounProperGeneral	0.111111111111	NounProperTown	0.111111111111	NounProperSurNameFlective	0.111111111111	NounProperPatronymic	0.111111111111	AdjectiveProper	0.111111111111	AbbrProperGeneral	0.111111111111	NounProperSurNameForeign	0.111111111111	NormalNumberParadigm	1.0	FullRealization	1.0
53	13	должность	должность	488048	488046	Inanimate	1.0	NonReflexive	0.25	ImperfectiveReflexivity	0.25	Reflexive	0.25	FullReflexivity	0.25	NormalMorphForm	1.0	DefectOne	0.2	DefectFour	0.2	Byt	0.2	DefectThree	0.2	DefectTwo	0.2	GTNoun	1.0	NotEllipted	1.0	VocalForm	0.5	NForm	0.5	NotControlled	1.0	ZeroTypeOfCoordination	1.0	NoCompositeness	1.0	DegreeComparative	0.333333333333	DegreeSuperlative	0.333333333333	DegreePositive	0.333333333333	Adverb_With_Hyphen	0.5	Adverb_Un_Hyphen	0.5	DeclensionNominal	1.0	Un_Comp_Suf	1.0	BiAspectual	0.333333333333	MonoAspectual	0.333333333333	Paired	0.333333333333	NoSynthComparative	0.25	FullSynthComparison	0.25	OnlySuperlative	0.25	NoSynthSuperlative	0.25	MTwo	0.333333333333	MOne	0.333333333333	MThree	0.333333333333	NormalClassifyingCapitalization	1.0	Past	0.333333333333	Future	0.333333333333	Present	0.333333333333	Noun	1.0	ZeroDoubleConjunct	1.0	NotCommonChild	1.0	Accusative	0.5	Nominative	0.5	RCDemonstrative	0.111111111111	RCNegative	0.111111111111	RCNoun	0.111111111111	RCPossessive	0.111111111111	RCIndefinite	0.111111111111	RCPersonal	0.111111111111	RCReflexive	0.111111111111	RCInterrogative	0.111111111111	RCAttributive	0.111111111111	NoPlacement	1.0	Perfective	0.5	Imperfective	0.5	NotDefaultFiller	1.0	Feminine	1.0	NoLeftmostPlacement	1.0	UnIterat	0.5	Iterat	0.5	NoRightmostPlacement	1.0	NotLeftConjunct	1.0	PersonFirst	0.25	PersonThird	0.25	PersonSecond	0.25	PersonZero	0.25	Active	0.333333333333	Passive	0.333333333333	VoiceSya	0.333333333333	VerbTransitive	0.25	VerbIntransitive	0.25	VerbIntransitiveSpecial	0.25	VerbTransitiveSpecial	0.25	NotRightConjunct	1.0	NoSpecialCaseForm	1.0	NoContrast	1.0	NormalCapitalization	1.0	V_Prefixoid	0.0416666666667	POL_Prefixoid	0.0416666666667	PO_Prefixoid	0.0416666666667	Letter_Prefixoid	0.0416666666667	InternMod_Prefixoid	0.0416666666667	Chem_Prefixoid	0.0416666666667	BES_Prefixoid	0.0416666666667	Chemical_Possible	0.0416666666667	VPOL_Prefixoid	0.0416666666667	Eval_Prefixoid	0.0416666666667	InternModEr_Prefixoid	0.0416666666667	Rus_Prefixoid	0.0416666666667	Intern_ReducedPrefixoid	0.0416666666667	NI_Prefixoid	0.0416666666667	Reduced_Prefixoid	0.0416666666667	NAI_Prefixoid	0.0416666666667	Intern_Prefixoid	0.0416666666667	BEZer_Prefixoid	0.0416666666667	InternHy_Prefixoid	0.0416666666667	KOE_Prefixoid	0.0416666666667	ProperNamePrefixoid	0.0416666666667	RusHy_Prefixoid	0.0416666666667	BEZ_Prefixoid	0.0416666666667	NE_Prefixoid	0.0416666666667	ParticipleShortForm	0.5	ParticipleFullForm	0.5	Singular	1.0	Four	0.2	SevenEight	0.2	Two	0.2	Three	0.2	FiveAndMore	0.2	AdjectiveFullForm	0.333333333333	AdjectiveShortFlectional	0.333333333333	AdjectiveShortForm	0.333333333333	NounProperNameDimin	0.111111111111	NounProperName	0.111111111111	NounProperGeneral	0.111111111111	NounProperTown	0.111111111111	NounProperSurNameFlective	0.111111111111	NounProperPatronymic	0.111111111111	AdjectiveProper	0.111111111111	AbbrProperGeneral	0.111111111111	NounProperSurNameForeign	0.111111111111	NormalNumberParadigm	1.0	FullRealization	1.0
53	23	вице	вице	488050	488049	Animate	0.5	Inanimate	0.5	NonReflexive	0.25	ImperfectiveReflexivity	0.25	Reflexive	0.25	FullReflexivity	0.25	NormalMorphForm	1.0	DefectOne	0.2	DefectFour	0.2	Byt	0.2	DefectThree	0.2	DefectTwo	0.2	GTInvariable	1.0	NotEllipted	1.0	VocalForm	0.5	NForm	0.5	NotControlled	1.0	ZeroTypeOfCoordination	1.0	Composite_ComplexNumeral	0.0714285714286	Composite_cko	0.0714285714286	NoCompositeness	0.0714285714286	Composite_cki	0.0714285714286	Composite_o	0.0714285714286	Composite_NumeralFull	0.0714285714286	Composite_NumeralShort	0.0714285714286	Composite_null	0.0714285714286	Composite_iko	0.0714285714286	Composite_sko	0.0714285714286	Composite_e	0.0714285714286	Composite_Numeral	0.0714285714286	Composite_usek	0.0714285714286	Composite_ski	0.0714285714286	DegreeComparative	0.333333333333	DegreeSuperlative	0.333333333333	DegreePositive	0.333333333333	Adverb_With_Hyphen	0.5	Adverb_Un_Hyphen	0.5	DeclensionMixed	0.25	DeclensionAdjectival	0.25	DeclensionNominal	0.25	Indeclinable	0.25	Un_Comp_Suf	1.0	BiAspectual	0.333333333333	MonoAspectual	0.333333333333	Paired	0.333333333333	NoSynthComparative	0.25	FullSynthComparison	0.25	OnlySuperlative	0.25	NoSynthSuperlative	0.25	MTwo	0.333333333333	MOne	0.333333333333	MThree	0.333333333333	NormalClassifyingCapitalization	1.0	Past	0.333333333333	Future	0.333333333333	Present	0.333333333333	Prefixoid	1.0	ZeroDoubleConjunct	1.0	NotCommonChild	1.0	Accusative	0.0909090909091	Prepositional	0.0909090909091	Instrumental	0.0909090909091	Dative	0.0909090909091	ZeroCase	0.0909090909091	Locative	0.0909090909091	Genitive	0.0909090909091	Partitive	0.0909090909091	Nominative	0.0909090909091	DativeSpecial	0.0909090909091	Vocative	0.0909090909091	RCDemonstrative	0.111111111111	RCNegative	0.111111111111	RCNoun	0.111111111111	RCPossessive	0.111111111111	RCIndefinite	0.111111111111	RCPersonal	0.111111111111	RCReflexive	0.111111111111	RCInterrogative	0.111111111111	RCAttributive	0.111111111111	NoPlacement	1.0	Perfective	0.5	Imperfective	0.5	NotDefaultFiller	1.0	Feminine	0.25	Common	0.25	Masculine	0.25	Neuter	0.25	NoLeftmostPlacement	1.0	UnIterat	0.5	Iterat	0.5	NoRightmostPlacement	1.0	NotLeftConjunct	1.0	PersonFirst	0.25	PersonThird	0.25	PersonSecond	0.25	PersonZero	0.25	Active	0.333333333333	Passive	0.333333333333	VoiceSya	0.333333333333	VerbTransitive	0.25	VerbIntransitive	0.25	VerbIntransitiveSpecial	0.25	VerbTransitiveSpecial	0.25	NotRightConjunct	1.0	Plural_consonant	0.111111111111	Genitive_Locative_u	0.111111111111	Locative_u	0.111111111111	NoSpecialCaseForm	0.111111111111	SpecialVocative	0.111111111111	GenitivePlural_Zero	0.111111111111	SpecialPlual	0.111111111111	NominativePlural_a	0.111111111111	Genitive_u	0.111111111111	NoContrast	1.0	NormalCapitalization	1.0	Intern_Prefixoid	0.5	InternHy_Prefixoid	0.5	ParticipleShortForm	0.5	ParticipleFullForm	0.5	Plural	0.5	Singular	0.5	Four	0.2	SevenEight	0.2	Two	0.2	Three	0.2	FiveAndMore	0.2	AdjectiveFullForm	0.333333333333	AdjectiveShortFlectional	0.333333333333	AdjectiveShortForm	0.333333333333	NounProperNameDimin	0.111111111111	NounProperName	0.111111111111	NounProperGeneral	0.111111111111	NounProperTown	0.111111111111	NounProperSurNameFlective	0.111111111111	NounProperPatronymic	0.111111111111	AdjectiveProper	0.111111111111	AbbrProperGeneral	0.111111111111	NounProperSurNameForeign	0.111111111111	NormalNumberParadigm	1.0	FullRealization	1.0
53	28	председателя	председателя	488049	488048	Animate	1.0	NonReflexive	0.25	ImperfectiveReflexivity	0.25	Reflexive	0.25	FullReflexivity	0.25	NormalMorphForm	1.0	DefectOne	0.2	DefectFour	0.2	Byt	0.2	DefectThree	0.2	DefectTwo	0.2	GTNoun	1.0	NotEllipted	1.0	VocalForm	0.5	NForm	0.5	NotControlled	1.0	ZeroTypeOfCoordination	1.0	NoCompositeness	1.0	DegreeComparative	0.333333333333	DegreeSuperlative	0.333333333333	DegreePositive	0.333333333333	Adverb_With_Hyphen	0.5	Adverb_Un_Hyphen	0.5	DeclensionNominal	1.0	Un_Comp_Suf	1.0	BiAspectual	0.333333333333	MonoAspectual	0.333333333333	Paired	0.333333333333	NoSynthComparative	0.25	FullSynthComparison	0.25	OnlySuperlative	0.25	NoSynthSuperlative	0.25	MTwo	0.333333333333	MOne	0.333333333333	MThree	0.333333333333	NormalClassifyingCapitalization	1.0	Past	0.333333333333	Future	0.333333333333	Present	0.333333333333	Noun	1.0	ZeroDoubleConjunct	1.0	NotCommonChild	1.0	Accusative	0.333333333333	Genitive	0.333333333333	Partitive	0.333333333333	RCDemonstrative	0.111111111111	RCNegative	0.111111111111	RCNoun	0.111111111111	RCPossessive	0.111111111111	RCIndefinite	0.111111111111	RCPersonal	0.111111111111	RCReflexive	0.111111111111	RCInterrogative	0.111111111111	RCAttributive	0.111111111111	NoPlacement	1.0	Perfective	0.5	Imperfective	0.5	NotDefaultFiller	1.0	Masculine	1.0	NoLeftmostPlacement	1.0	UnIterat	0.5	Iterat	0.5	NoRightmostPlacement	1.0	NotLeftConjunct	1.0	PersonFirst	0.25	PersonThird	0.25	PersonSecond	0.25	PersonZero	0.25	Active	0.333333333333	Passive	0.333333333333	VoiceSya	0.333333333333	VerbTransitive	0.25	VerbIntransitive	0.25	VerbIntransitiveSpecial	0.25	VerbTransitiveSpecial	0.25	NotRightConjunct	1.0	NoSpecialCaseForm	1.0	NoContrast	1.0	NormalCapitalization	1.0	V_Prefixoid	0.0416666666667	POL_Prefixoid	0.0416666666667	PO_Prefixoid	0.0416666666667	Letter_Prefixoid	0.0416666666667	InternMod_Prefixoid	0.0416666666667	Chem_Prefixoid	0.0416666666667	BES_Prefixoid	0.0416666666667	Chemical_Possible	0.0416666666667	VPOL_Prefixoid	0.0416666666667	Eval_Prefixoid	0.0416666666667	InternModEr_Prefixoid	0.0416666666667	Rus_Prefixoid	0.0416666666667	Intern_ReducedPrefixoid	0.0416666666667	NI_Prefixoid	0.0416666666667	Reduced_Prefixoid	0.0416666666667	NAI_Prefixoid	0.0416666666667	Intern_Prefixoid	0.0416666666667	BEZer_Prefixoid	0.0416666666667	InternHy_Prefixoid	0.0416666666667	KOE_Prefixoid	0.0416666666667	ProperNamePrefixoid	0.0416666666667	RusHy_Prefixoid	0.0416666666667	BEZ_Prefixoid	0.0416666666667	NE_Prefixoid	0.0416666666667	ParticipleShortForm	0.5	ParticipleFullForm	0.5	Singular	1.0	Four	0.2	SevenEight	0.2	Two	0.2	Three	0.2	FiveAndMore	0.2	AdjectiveFullForm	0.333333333333	AdjectiveShortFlectional	0.333333333333	AdjectiveShortForm	0.333333333333	NounProperNameDimin	0.111111111111	NounProperName	0.111111111111	NounProperGeneral	0.111111111111	NounProperTown	0.111111111111	NounProperSurNameFlective	0.111111111111	NounProperPatronymic	0.111111111111	AdjectiveProper	0.111111111111	AbbrProperGeneral	0.111111111111	NounProperSurNameForeign	0.111111111111	NormalNumberParadigm	1.0	FullRealization	1.0
53	41	новой	новой	488052	488051	Animate	0.25	Inanimate	0.75	NonReflexive	0.25	ImperfectiveReflexivity	0.25	Reflexive	0.25	FullReflexivity	0.25	NormalMorphForm	1.0	DefectOne	0.2	DefectFour	0.2	Byt	0.2	DefectThree	0.2	DefectTwo	0.2	GTAdjective	0.5	GTNoun	0.5	NotEllipted	1.0	VocalForm	0.5	NForm	0.5	NotControlled	1.0	ZeroTypeOfCoordination	1.0	NoCompositeness	1.0	DegreeComparative	0.166666666667	DegreeSuperlative	0.166666666667	DegreePositive	0.666666666667	Adverb_With_Hyphen	0.5	Adverb_Un_Hyphen	0.5	DeclensionMixed	0.125	DeclensionAdjectival	0.625	DeclensionNominal	0.125	Indeclinable	0.125	Un_Comp_Suf	1.0	BiAspectual	0.333333333333	MonoAspectual	0.333333333333	Paired	0.333333333333	NoSynthComparative	0.125	FullSynthComparison	0.625	OnlySuperlative	0.125	NoSynthSuperlative	0.125	MTwo	0.333333333333	MOne	0.333333333333	MThree	0.333333333333	NormalClassifyingCapitalization	1.0	Past	0.333333333333	Future	0.333333333333	Present	0.333333333333	Adjective	0.5	Noun	0.5	ZeroDoubleConjunct	1.0	NotCommonChild	1.0	Prepositional	0.166666666667	Instrumental	0.166666666667	Dative	0.166666666667	Locative	0.166666666667	Genitive	0.166666666667	Partitive	0.166666666667	RCDemonstrative	0.111111111111	RCNegative	0.111111111111	RCNoun	0.111111111111	RCPossessive	0.111111111111	RCIndefinite	0.111111111111	RCPersonal	0.111111111111	RCReflexive	0.111111111111	RCInterrogative	0.111111111111	RCAttributive	0.111111111111	NoPlacement	1.0	Perfective	0.5	Imperfective	0.5	NotDefaultFiller	1.0	Feminine	1.0	NoLeftmostPlacement	1.0	UnIterat	0.5	Iterat	0.5	NoRightmostPlacement	1.0	NotLeftConjunct	1.0	PersonFirst	0.25	PersonThird	0.25	PersonSecond	0.25	PersonZero	0.25	Active	0.333333333333	Passive	0.333333333333	VoiceSya	0.333333333333	VerbTransitive	0.25	VerbIntransitive	0.25	VerbIntransitiveSpecial	0.25	VerbTransitiveSpecial	0.25	NotRightConjunct	1.0	Plural_consonant	0.0555555555556	Genitive_Locative_u	0.0555555555556	Locative_u	0.0555555555556	NoSpecialCaseForm	0.555555555556	SpecialVocative	0.0555555555556	GenitivePlural_Zero	0.0555555555556	SpecialPlual	0.0555555555556	NominativePlural_a	0.0555555555556	Genitive_u	0.0555555555556	NoContrast	1.0	NormalCapitalization	1.0	V_Prefixoid	0.0416666666667	POL_Prefixoid	0.0416666666667	PO_Prefixoid	0.0416666666667	Letter_Prefixoid	0.0416666666667	InternMod_Prefixoid	0.0416666666667	Chem_Prefixoid	0.0416666666667	BES_Prefixoid	0.0416666666667	Chemical_Possible	0.0416666666667	VPOL_Prefixoid	0.0416666666667	Eval_Prefixoid	0.0416666666667	InternModEr_Prefixoid	0.0416666666667	Rus_Prefixoid	0.0416666666667	Intern_ReducedPrefixoid	0.0416666666667	NI_Prefixoid	0.0416666666667	Reduced_Prefixoid	0.0416666666667	NAI_Prefixoid	0.0416666666667	Intern_Prefixoid	0.0416666666667	BEZer_Prefixoid	0.0416666666667	InternHy_Prefixoid	0.0416666666667	KOE_Prefixoid	0.0416666666667	ProperNamePrefixoid	0.0416666666667	RusHy_Prefixoid	0.0416666666667	BEZ_Prefixoid	0.0416666666667	NE_Prefixoid	0.0416666666667	ParticipleShortForm	0.5	ParticipleFullForm	0.5	Singular	1.0	Four	0.2	SevenEight	0.2	Two	0.2	Three	0.2	FiveAndMore	0.2	AdjectiveFullForm	0.666666666667	AdjectiveShortFlectional	0.166666666667	AdjectiveShortForm	0.166666666667	NounProperNameDimin	0.111111111111	NounProperName	0.111111111111	NounProperGeneral	0.111111111111	NounProperTown	0.111111111111	NounProperSurNameFlective	0.111111111111	NounProperPatronymic	0.111111111111	AdjectiveProper	0.111111111111	AbbrProperGeneral	0.111111111111	NounProperSurNameForeign	0.111111111111	NormalNumberParadigm	1.0	FullRealization	1.0
53	47	партии	партии	488051	488049	Inanimate	1.0	NonReflexive	0.25	ImperfectiveReflexivity	0.25	Reflexive	0.25	FullReflexivity	0.25	NormalMorphForm	1.0	DefectOne	0.2	DefectFour	0.2	Byt	0.2	DefectThree	0.2	DefectTwo	0.2	GTNoun	1.0	NotEllipted	1.0	VocalForm	0.5	NForm	0.5	NotControlled	1.0	ZeroTypeOfCoordination	1.0	NoCompositeness	1.0	DegreeComparative	0.333333333333	DegreeSuperlative	0.333333333333	DegreePositive	0.333333333333	Adverb_With_Hyphen	0.5	Adverb_Un_Hyphen	0.5	DeclensionNominal	1.0	Un_Comp_Suf	1.0	BiAspectual	0.333333333333	MonoAspectual	0.333333333333	Paired	0.333333333333	NoSynthComparative	0.25	FullSynthComparison	0.25	OnlySuperlative	0.25	NoSynthSuperlative	0.25	MTwo	0.333333333333	MOne	0.333333333333	MThree	0.333333333333	NormalClassifyingCapitalization	1.0	Past	0.333333333333	Future	0.333333333333	Present	0.333333333333	Noun	1.0	ZeroDoubleConjunct	1.0	NotCommonChild	1.0	Accusative	0.142857142857	Prepositional	0.142857142857	Dative	0.142857142857	Locative	0.142857142857	Genitive	0.142857142857	Partitive	0.142857142857	Nominative	0.142857142857	RCDemonstrative	0.111111111111	RCNegative	0.111111111111	RCNoun	0.111111111111	RCPossessive	0.111111111111	RCIndefinite	0.111111111111	RCPersonal	0.111111111111	RCReflexive	0.111111111111	RCInterrogative	0.111111111111	RCAttributive	0.111111111111	NoPlacement	1.0	Perfective	0.5	Imperfective	0.5	NotDefaultFiller	1.0	Feminine	1.0	NoLeftmostPlacement	1.0	UnIterat	0.5	Iterat	0.5	NoRightmostPlacement	1.0	NotLeftConjunct	1.0	PersonFirst	0.25	PersonThird	0.25	PersonSecond	0.25	PersonZero	0.25	Active	0.333333333333	Passive	0.333333333333	VoiceSya	0.333333333333	VerbTransitive	0.25	VerbIntransitive	0.25	VerbIntransitiveSpecial	0.25	VerbTransitiveSpecial	0.25	NotRightConjunct	1.0	NoSpecialCaseForm	1.0	NoContrast	1.0	NormalCapitalization	1.0	V_Prefixoid	0.0416666666667	POL_Prefixoid	0.0416666666667	PO_Prefixoid	0.0416666666667	Letter_Prefixoid	0.0416666666667	InternMod_Prefixoid	0.0416666666667	Chem_Prefixoid	0.0416666666667	BES_Prefixoid	0.0416666666667	Chemical_Possible	0.0416666666667	VPOL_Prefixoid	0.0416666666667	Eval_Prefixoid	0.0416666666667	InternModEr_Prefixoid	0.0416666666667	Rus_Prefixoid	0.0416666666667	Intern_ReducedPrefixoid	0.0416666666667	NI_Prefixoid	0.0416666666667	Reduced_Prefixoid	0.0416666666667	NAI_Prefixoid	0.0416666666667	Intern_Prefixoid	0.0416666666667	BEZer_Prefixoid	0.0416666666667	InternHy_Prefixoid	0.0416666666667	KOE_Prefixoid	0.0416666666667	ProperNamePrefixoid	0.0416666666667	RusHy_Prefixoid	0.0416666666667	BEZ_Prefixoid	0.0416666666667	NE_Prefixoid	0.0416666666667	ParticipleShortForm	0.5	ParticipleFullForm	0.5	Plural	0.5	Singular	0.5	Four	0.2	SevenEight	0.2	Two	0.2	Three	0.2	FiveAndMore	0.2	AdjectiveFullForm	0.333333333333	AdjectiveShortFlectional	0.333333333333	AdjectiveShortForm	0.333333333333	NounProperNameDimin	0.111111111111	NounProperName	0.111111111111	NounProperGeneral	0.111111111111	NounProperTown	0.111111111111	NounProperSurNameFlective	0.111111111111	NounProperPatronymic	0.111111111111	AdjectiveProper	0.111111111111	AbbrProperGeneral	0.111111111111	NounProperSurNameForeign	0.111111111111	NormalNumberParadigm	1.0	FullRealization	1.0
63	0	Туск	Туск	488082	488081	Animate	0.75	Inanimate	0.25	NonReflexive	0.625	ImperfectiveReflexivity	0.125	Reflexive	0.125	FullReflexivity	0.125	NormalMorphForm	1.0	DefectOne	0.2	DefectFour	0.2	Byt	0.2	DefectThree	0.2	DefectTwo	0.2	GTVerb	0.5	GTNoun	0.5	NotEllipted	1.0	VocalForm	0.5	NForm	0.5	NotControlled	1.0	ZeroTypeOfCoordination	1.0	Composite_ComplexNumeral	0.0357142857143	Composite_cko	0.0357142857143	NoCompositeness	0.535714285714	Composite_cki	0.0357142857143	Composite_o	0.0357142857143	Composite_NumeralFull	0.0357142857143	Composite_NumeralShort	0.0357142857143	Composite_null	0.0357142857143	Composite_iko	0.0357142857143	Composite_sko	0.0357142857143	Composite_e	0.0357142857143	Composite_Numeral	0.0357142857143	Composite_usek	0.0357142857143	Composite_ski	0.0357142857143	DegreeComparative	0.333333333333	DegreeSuperlative	0.333333333333	DegreePositive	0.333333333333	Adverb_With_Hyphen	0.5	Adverb_Un_Hyphen	0.5	DeclensionMixed	0.25	DeclensionAdjectival	0.25	DeclensionNominal	0.25	Indeclinable	0.25	Comp_PunctuatorPref	0.03125	Comp_Suffixoid_Num_IJ	0.03125	Comp_PunctuatorPostSeparable	0.03125	Un_Comp_Suf	0.53125	Comp_SuffixoidAbbr	0.03125	Comp_Noun	0.03125	Comp_Suffixoid_Num_J	0.03125	Comp_PunctuatorPost	0.03125	Comp_PunctuatorPrefSeparable	0.03125	Comp_Suffixoid_Num_OJ	0.03125	Comp_Prefixoid	0.03125	Comp_Suffixoid	0.03125	Comp_Suffixoid_Chem	0.03125	Comp_Suffixoid_Num_PercentYJ	0.03125	Comp_Suffixoid_Num_YJ	0.03125	Comp_Adj	0.03125	BiAspectual	0.166666666667	MonoAspectual	0.666666666667	Paired	0.166666666667	NoSynthComparative	0.25	FullSynthComparison	0.25	OnlySuperlative	0.25	NoSynthSuperlative	0.25	MTwo	0.333333333333	MOne	0.333333333333	MThree	0.333333333333	NormalClassifyingCapitalization	1.0	Past	0.666666666667	Future	0.166666666667	Present	0.166666666667	Verb	0.5	Noun	0.5	ZeroDoubleConjunct	1.0	NotCommonChild	1.0	Accusative	0.107954545455	Prepositional	0.107954545455	Instrumental	0.107954545455	Dative	0.107954545455	ZeroCase	0.0454545454545	Locative	0.107954545455	Genitive	0.107954545455	Partitive	0.107954545455	Nominative	0.107954545455	DativeSpecial	0.0454545454545	Vocative	0.0454545454545	RCDemonstrative	0.111111111111	RCNegative	0.111111111111	RCNoun	0.111111111111	RCPossessive	0.111111111111	RCIndefinite	0.111111111111	RCPersonal	0.111111111111	RCReflexive	0.111111111111	RCInterrogative	0.111111111111	RCAttributive	0.111111111111	NoPlacement	1.0	Perfective	0.25	Imperfective	0.75	NotDefaultFiller	1.0	Feminine	0.25	Masculine	0.75	NoLeftmostPlacement	1.0	UnIterat	0.75	Iterat	0.25	NoRightmostPlacement	1.0	NotLeftConjunct	1.0	PersonFirst	0.25	PersonThird	0.25	PersonSecond	0.25	PersonZero	0.25	Active	0.666666666667	Passive	0.166666666667	VoiceSya	0.166666666667	VerbTransitive	0.125	VerbIntransitive	0.625	VerbIntransitiveSpecial	0.125	VerbTransitiveSpecial	0.125	NotRightConjunct	1.0	Plural_consonant	0.0555555555556	Genitive_Locative_u	0.0555555555556	Locative_u	0.0555555555556	NoSpecialCaseForm	0.555555555556	SpecialVocative	0.0555555555556	GenitivePlural_Zero	0.0555555555556	SpecialPlual	0.0555555555556	NominativePlural_a	0.0555555555556	Genitive_u	0.0555555555556	NoContrast	1.0	NormalCapitalization	1.0	V_Prefixoid	0.0416666666667	POL_Prefixoid	0.0416666666667	PO_Prefixoid	0.0416666666667	Letter_Prefixoid	0.0416666666667	InternMod_Prefixoid	0.0416666666667	Chem_Prefixoid	0.0416666666667	BES_Prefixoid	0.0416666666667	Chemical_Possible	0.0416666666667	VPOL_Prefixoid	0.0416666666667	Eval_Prefixoid	0.0416666666667	InternModEr_Prefixoid	0.0416666666667	Rus_Prefixoid	0.0416666666667	Intern_ReducedPrefixoid	0.0416666666667	NI_Prefixoid	0.0416666666667	Reduced_Prefixoid	0.0416666666667	NAI_Prefixoid	0.0416666666667	Intern_Prefixoid	0.0416666666667	BEZer_Prefixoid	0.0416666666667	InternHy_Prefixoid	0.0416666666667	KOE_Prefixoid	0.0416666666667	ProperNamePrefixoid	0.0416666666667	RusHy_Prefixoid	0.0416666666667	BEZ_Prefixoid	0.0416666666667	NE_Prefixoid	0.0416666666667	ParticipleShortForm	0.5	ParticipleFullForm	0.5	Plural	0.25	Singular	0.75	Four	0.2	SevenEight	0.2	Two	0.2	Three	0.2	FiveAndMore	0.2	AdjectiveFullForm	0.333333333333	AdjectiveShortFlectional	0.333333333333	AdjectiveShortForm	0.333333333333	NounProperNameDimin	0.0555555555556	NounProperName	0.0555555555556	NounProperGeneral	0.0555555555556	NounProperTown	0.0555555555556	NounProperPatronymic	0.0555555555556	NounProperSurNameFlective	0.0555555555556	AdjectiveProper	0.0555555555556	AbbrProperGeneral	0.0555555555556	NounProperSurNameForeign	0.555555555556	NormalNumberParadigm	1.0	FullRealization	1.0
63	5	стал	стал	488081	-1	Animate	0.5	Inanimate	0.5	ImperfectiveReflexivity	0.5	FullReflexivity	0.5	NormalMorphForm	1.0	DefectOne	0.2	DefectFour	0.2	Byt	0.2	DefectThree	0.2	DefectTwo	0.2	GTVerb	1.0	NotEllipted	1.0	VocalForm	0.5	NForm	0.5	NotControlled	1.0	ZeroTypeOfCoordination	1.0	Composite_ComplexNumeral	0.0714285714286	Composite_cko	0.0714285714286	NoCompositeness	0.0714285714286	Composite_cki	0.0714285714286	Composite_o	0.0714285714286	Composite_NumeralFull	0.0714285714286	Composite_NumeralShort	0.0714285714286	Composite_null	0.0714285714286	Composite_iko	0.0714285714286	Composite_sko	0.0714285714286	Composite_e	0.0714285714286	Composite_Numeral	0.0714285714286	Composite_usek	0.0714285714286	Composite_ski	0.0714285714286	DegreeComparative	0.333333333333	DegreeSuperlative	0.333333333333	DegreePositive	0.333333333333	Adverb_With_Hyphen	0.5	Adverb_Un_Hyphen	0.5	DeclensionMixed	0.25	DeclensionAdjectival	0.25	DeclensionNominal	0.25	Indeclinable	0.25	Comp_PunctuatorPref	0.0625	Comp_Suffixoid_Num_IJ	0.0625	Comp_PunctuatorPostSeparable	0.0625	Un_Comp_Suf	0.0625	Comp_SuffixoidAbbr	0.0625	Comp_Noun	0.0625	Comp_Suffixoid_Num_J	0.0625	Comp_PunctuatorPost	0.0625	Comp_PunctuatorPrefSeparable	0.0625	Comp_Suffixoid_Num_OJ	0.0625	Comp_Prefixoid	0.0625	Comp_Suffixoid	0.0625	Comp_Suffixoid_Chem	0.0625	Comp_Suffixoid_Num_PercentYJ	0.0625	Comp_Suffixoid_Num_YJ	0.0625	Comp_Adj	0.0625	MonoAspectual	0.5	Paired	0.5	NoSynthComparative	0.25	FullSynthComparison	0.25	OnlySuperlative	0.25	NoSynthSuperlative	0.25	MTwo	0.333333333333	MOne	0.333333333333	MThree	0.333333333333	NormalClassifyingCapitalization	1.0	Past	1.0	Verb	1.0	ZeroDoubleConjunct	1.0	NotCommonChild	1.0	Accusative	0.0909090909091	Prepositional	0.0909090909091	Instrumental	0.0909090909091	Dative	0.0909090909091	ZeroCase	0.0909090909091	Locative	0.0909090909091	Genitive	0.0909090909091	Partitive	0.0909090909091	Nominative	0.0909090909091	DativeSpecial	0.0909090909091	Vocative	0.0909090909091	RCDemonstrative	0.111111111111	RCNegative	0.111111111111	RCNoun	0.111111111111	RCPossessive	0.111111111111	RCIndefinite	0.111111111111	RCPersonal	0.111111111111	RCReflexive	0.111111111111	RCInterrogative	0.111111111111	RCAttributive	0.111111111111	NoPlacement	1.0	Perfective	1.0	NotDefaultFiller	1.0	Masculine	1.0	NoLeftmostPlacement	1.0	UnIterat	1.0	NoRightmostPlacement	1.0	NotLeftConjunct	1.0	PersonFirst	0.25	PersonThird	0.25	PersonSecond	0.25	PersonZero	0.25	Active	1.0	VerbIntransitive	1.0	NotRightConjunct	1.0	Plural_consonant	0.111111111111	Genitive_Locative_u	0.111111111111	Locative_u	0.111111111111	NoSpecialCaseForm	0.111111111111	SpecialVocative	0.111111111111	GenitivePlural_Zero	0.111111111111	SpecialPlual	0.111111111111	NominativePlural_a	0.111111111111	Genitive_u	0.111111111111	NoContrast	1.0	NormalCapitalization	1.0	V_Prefixoid	0.0416666666667	POL_Prefixoid	0.0416666666667	PO_Prefixoid	0.0416666666667	Letter_Prefixoid	0.0416666666667	InternMod_Prefixoid	0.0416666666667	Chem_Prefixoid	0.0416666666667	BES_Prefixoid	0.0416666666667	Chemical_Possible	0.0416666666667	VPOL_Prefixoid	0.0416666666667	Eval_Prefixoid	0.0416666666667	InternModEr_Prefixoid	0.0416666666667	Rus_Prefixoid	0.0416666666667	Intern_ReducedPrefixoid	0.0416666666667	NI_Prefixoid	0.0416666666667	Reduced_Prefixoid	0.0416666666667	NAI_Prefixoid	0.0416666666667	Intern_Prefixoid	0.0416666666667	BEZer_Prefixoid	0.0416666666667	InternHy_Prefixoid	0.0416666666667	KOE_Prefixoid	0.0416666666667	ProperNamePrefixoid	0.0416666666667	RusHy_Prefixoid	0.0416666666667	BEZ_Prefixoid	0.0416666666667	NE_Prefixoid	0.0416666666667	ParticipleShortForm	0.5	ParticipleFullForm	0.5	Singular	1.0	Four	0.2	SevenEight	0.2	Two	0.2	Three	0.2	FiveAndMore	0.2	AdjectiveFullForm	0.333333333333	AdjectiveShortFlectional	0.333333333333	AdjectiveShortForm	0.333333333333	NounProperNameDimin	0.111111111111	NounProperName	0.111111111111	NounProperGeneral	0.111111111111	NounProperTown	0.111111111111	NounProperSurNameFlective	0.111111111111	NounProperPatronymic	0.111111111111	AdjectiveProper	0.111111111111	AbbrProperGeneral	0.111111111111	NounProperSurNameForeign	0.111111111111	NormalNumberParadigm	1.0	FullRealization	1.0
63	10	вице	вице	488084	488083	Animate	0.5	Inanimate	0.5	NonReflexive	0.25	ImperfectiveReflexivity	0.25	Reflexive	0.25	FullReflexivity	0.25	NormalMorphForm	1.0	DefectOne	0.2	DefectFour	0.2	Byt	0.2	DefectThree	0.2	DefectTwo	0.2	GTInvariable	1.0	NotEllipted	1.0	VocalForm	0.5	NForm	0.5	NotControlled	1.0	ZeroTypeOfCoordination	1.0	Composite_ComplexNumeral	0.0714285714286	Composite_cko	0.0714285714286	NoCompositeness	0.0714285714286	Composite_cki	0.0714285714286	Composite_o	0.0714285714286	Composite_NumeralFull	0.0714285714286	Composite_NumeralShort	0.0714285714286	Composite_null	0.0714285714286	Composite_iko	0.0714285714286	Composite_sko	0.0714285714286	Composite_e	0.0714285714286	Composite_Numeral	0.0714285714286	Composite_usek	0.0714285714286	Composite_ski	0.0714285714286	DegreeComparative	0.333333333333	DegreeSuperlative	0.333333333333	DegreePositive	0.333333333333	Adverb_With_Hyphen	0.5	Adverb_Un_Hyphen	0.5	DeclensionMixed	0.25	DeclensionAdjectival	0.25	DeclensionNominal	0.25	Indeclinable	0.25	Un_Comp_Suf	1.0	BiAspectual	0.333333333333	MonoAspectual	0.333333333333	Paired	0.333333333333	NoSynthComparative	0.25	FullSynthComparison	0.25	OnlySuperlative	0.25	NoSynthSuperlative	0.25	MTwo	0.333333333333	MOne	0.333333333333	MThree	0.333333333333	NormalClassifyingCapitalization	1.0	Past	0.333333333333	Future	0.333333333333	Present	0.333333333333	Prefixoid	1.0	ZeroDoubleConjunct	1.0	NotCommonChild	1.0	Accusative	0.0909090909091	Prepositional	0.0909090909091	Instrumental	0.0909090909091	Dative	0.0909090909091	ZeroCase	0.0909090909091	Locative	0.0909090909091	Genitive	0.0909090909091	Partitive	0.0909090909091	Nominative	0.0909090909091	DativeSpecial	0.0909090909091	Vocative	0.0909090909091	RCDemonstrative	0.111111111111	RCNegative	0.111111111111	RCNoun	0.111111111111	RCPossessive	0.111111111111	RCIndefinite	0.111111111111	RCPersonal	0.111111111111	RCReflexive	0.111111111111	RCInterrogative	0.111111111111	RCAttributive	0.111111111111	NoPlacement	1.0	Perfective	0.5	Imperfective	0.5	NotDefaultFiller	1.0	Feminine	0.25	Common	0.25	Masculine	0.25	Neuter	0.25	NoLeftmostPlacement	1.0	UnIterat	0.5	Iterat	0.5	NoRightmostPlacement	1.0	NotLeftConjunct	1.0	PersonFirst	0.25	PersonThird	0.25	PersonSecond	0.25	PersonZero	0.25	Active	0.333333333333	Passive	0.333333333333	VoiceSya	0.333333333333	VerbTransitive	0.25	VerbIntransitive	0.25	VerbIntransitiveSpecial	0.25	VerbTransitiveSpecial	0.25	NotRightConjunct	1.0	Plural_consonant	0.111111111111	Genitive_Locative_u	0.111111111111	Locative_u	0.111111111111	NoSpecialCaseForm	0.111111111111	SpecialVocative	0.111111111111	GenitivePlural_Zero	0.111111111111	SpecialPlual	0.111111111111	NominativePlural_a	0.111111111111	Genitive_u	0.111111111111	NoContrast	1.0	NormalCapitalization	1.0	Intern_Prefixoid	0.5	InternHy_Prefixoid	0.5	ParticipleShortForm	0.5	ParticipleFullForm	0.5	Plural	0.5	Singular	0.5	Four	0.2	SevenEight	0.2	Two	0.2	Three	0.2	FiveAndMore	0.2	AdjectiveFullForm	0.333333333333	AdjectiveShortFlectional	0.333333333333	AdjectiveShortForm	0.333333333333	NounProperNameDimin	0.111111111111	NounProperName	0.111111111111	NounProperGeneral	0.111111111111	NounProperTown	0.111111111111	NounProperSurNameFlective	0.111111111111	NounProperPatronymic	0.111111111111	AdjectiveProper	0.111111111111	AbbrProperGeneral	0.111111111111	NounProperSurNameForeign	0.111111111111	NormalNumberParadigm	1.0	FullRealization	1.0
63	15	маршалом	маршалом	488083	488081	Animate	1.0	NonReflexive	0.25	ImperfectiveReflexivity	0.25	Reflexive	0.25	FullReflexivity	0.25	NormalMorphForm	1.0	DefectOne	0.2	DefectFour	0.2	Byt	0.2	DefectThree	0.2	DefectTwo	0.2	GTNoun	1.0	NotEllipted	1.0	VocalForm	0.5	NForm	0.5	NotControlled	1.0	ZeroTypeOfCoordination	1.0	NoCompositeness	1.0	DegreeComparative	0.333333333333	DegreeSuperlative	0.333333333333	DegreePositive	0.333333333333	Adverb_With_Hyphen	0.5	Adverb_Un_Hyphen	0.5	DeclensionNominal	1.0	Un_Comp_Suf	1.0	BiAspectual	0.333333333333	MonoAspectual	0.333333333333	Paired	0.333333333333	NoSynthComparative	0.25	FullSynthComparison	0.25	OnlySuperlative	0.25	NoSynthSuperlative	0.25	MTwo	0.333333333333	MOne	0.333333333333	MThree	0.333333333333	NormalClassifyingCapitalization	1.0	Past	0.333333333333	Future	0.333333333333	Present	0.333333333333	Noun	1.0	ZeroDoubleConjunct	1.0	NotCommonChild	1.0	Instrumental	1.0	RCDemonstrative	0.111111111111	RCNegative	0.111111111111	RCNoun	0.111111111111	RCPossessive	0.111111111111	RCIndefinite	0.111111111111	RCPersonal	0.111111111111	RCReflexive	0.111111111111	RCInterrogative	0.111111111111	RCAttributive	0.111111111111	NoPlacement	1.0	Perfective	0.5	Imperfective	0.5	NotDefaultFiller	1.0	Masculine	1.0	NoLeftmostPlacement	1.0	UnIterat	0.5	Iterat	0.5	NoRightmostPlacement	1.0	NotLeftConjunct	1.0	PersonFirst	0.25	PersonThird	0.25	PersonSecond	0.25	PersonZero	0.25	Active	0.333333333333	Passive	0.333333333333	VoiceSya	0.333333333333	VerbTransitive	0.25	VerbIntransitive	0.25	VerbIntransitiveSpecial	0.25	VerbTransitiveSpecial	0.25	NotRightConjunct	1.0	NoSpecialCaseForm	1.0	NoContrast	1.0	NormalCapitalization	1.0	V_Prefixoid	0.0416666666667	POL_Prefixoid	0.0416666666667	PO_Prefixoid	0.0416666666667	Letter_Prefixoid	0.0416666666667	InternMod_Prefixoid	0.0416666666667	Chem_Prefixoid	0.0416666666667	BES_Prefixoid	0.0416666666667	Chemical_Possible	0.0416666666667	VPOL_Prefixoid	0.0416666666667	Eval_Prefixoid	0.0416666666667	InternModEr_Prefixoid	0.0416666666667	Rus_Prefixoid	0.0416666666667	Intern_ReducedPrefixoid	0.0416666666667	NI_Prefixoid	0.0416666666667	Reduced_Prefixoid	0.0416666666667	NAI_Prefixoid	0.0416666666667	Intern_Prefixoid	0.0416666666667	BEZer_Prefixoid	0.0416666666667	InternHy_Prefixoid	0.0416666666667	KOE_Prefixoid	0.0416666666667	ProperNamePrefixoid	0.0416666666667	RusHy_Prefixoid	0.0416666666667	BEZ_Prefixoid	0.0416666666667	NE_Prefixoid	0.0416666666667	ParticipleShortForm	0.5	ParticipleFullForm	0.5	Singular	1.0	Four	0.2	SevenEight	0.2	Two	0.2	Three	0.2	FiveAndMore	0.2	AdjectiveFullForm	0.333333333333	AdjectiveShortFlectional	0.333333333333	AdjectiveShortForm	0.333333333333	NounProperNameDimin	0.111111111111	NounProperName	0.111111111111	NounProperGeneral	0.111111111111	NounProperTown	0.111111111111	NounProperSurNameFlective	0.111111111111	NounProperPatronymic	0.111111111111	AdjectiveProper	0.111111111111	AbbrProperGeneral	0.111111111111	NounProperSurNameForeign	0.111111111111	NormalNumberParadigm	1.0	FullRealization	1.0
63	24	Сейма	Сейма	488085	488083	Animate	0.166666666667	Inanimate	0.5	NonReflexive	0.166666666667	ImperfectiveReflexivity	0.166666666667	Reflexive	0.166666666667	FullReflexivity	0.166666666667	NormalMorphForm	1.0	DefectOne	0.133333333333	DefectFour	0.133333333333	Byt	0.133333333333	DefectThree	0.133333333333	DefectTwo	0.133333333333	GTNoun	0.666666666667	NotEllipted	1.0	VocalForm	0.333333333333	NForm	0.333333333333	NotControlled	1.0	ZeroTypeOfCoordination	1.0	NoCompositeness	0.666666666667	DegreeComparative	0.222222222222	DegreeSuperlative	0.222222222222	DegreePositive	0.222222222222	Adverb_With_Hyphen	0.333333333333	Adverb_Un_Hyphen	0.333333333333	DeclensionMixed	0.0833333333333	DeclensionAdjectival	0.0833333333333	DeclensionNominal	0.416666666667	Indeclinable	0.0833333333333	Comp_Noun	0.166666666667	Un_Comp_Suf	0.5	BiAspectual	0.222222222222	MonoAspectual	0.222222222222	Paired	0.222222222222	NoSynthComparative	0.166666666667	FullSynthComparison	0.166666666667	OnlySuperlative	0.166666666667	NoSynthSuperlative	0.166666666667	MTwo	0.222222222222	MOne	0.222222222222	MThree	0.222222222222	NormalClassifyingCapitalization	1.0	Past	0.222222222222	Future	0.222222222222	Present	0.222222222222	Noun	0.666666666667	ZeroDoubleConjunct	1.0	NotCommonChild	1.0	Accusative	0.0416666666667	Prepositional	0.0416666666667	Instrumental	0.0416666666667	Dative	0.0416666666667	Locative	0.0416666666667	Genitive	0.208333333333	Partitive	0.208333333333	Nominative	0.0416666666667	RCDemonstrative	0.0740740740741	RCNegative	0.0740740740741	RCNoun	0.0740740740741	RCPossessive	0.0740740740741	RCIndefinite	0.0740740740741	RCPersonal	0.0740740740741	RCReflexive	0.0740740740741	RCInterrogative	0.0740740740741	RCAttributive	0.0740740740741	NoPlacement	1.0	Perfective	0.333333333333	Imperfective	0.333333333333	NotDefaultFiller	1.0	Feminine	0.0833333333333	Common	0.0833333333333	Masculine	0.416666666667	Neuter	0.0833333333333	NoLeftmostPlacement	1.0	UnIterat	0.333333333333	Iterat	0.333333333333	NoRightmostPlacement	1.0	NotLeftConjunct	1.0	PersonFirst	0.166666666667	PersonThird	0.166666666667	PersonSecond	0.166666666667	PersonZero	0.166666666667	Active	0.222222222222	Passive	0.222222222222	VoiceSya	0.222222222222	VerbTransitive	0.166666666667	VerbIntransitive	0.166666666667	VerbIntransitiveSpecial	0.166666666667	VerbTransitiveSpecial	0.166666666667	NotRightConjunct	1.0	Plural_consonant	0.037037037037	Genitive_Locative_u	0.037037037037	Locative_u	0.037037037037	NoSpecialCaseForm	0.37037037037	SpecialVocative	0.037037037037	GenitivePlural_Zero	0.037037037037	SpecialPlual	0.037037037037	NominativePlural_a	0.037037037037	Genitive_u	0.037037037037	NoContrast	1.0	NormalCapitalization	1.0	V_Prefixoid	0.0277777777778	POL_Prefixoid	0.0277777777778	PO_Prefixoid	0.0277777777778	Letter_Prefixoid	0.0277777777778	InternMod_Prefixoid	0.0277777777778	Chem_Prefixoid	0.0277777777778	BES_Prefixoid	0.0277777777778	Chemical_Possible	0.0277777777778	VPOL_Prefixoid	0.0277777777778	Eval_Prefixoid	0.0277777777778	InternModEr_Prefixoid	0.0277777777778	Rus_Prefixoid	0.0277777777778	Intern_ReducedPrefixoid	0.0277777777778	NI_Prefixoid	0.0277777777778	Reduced_Prefixoid	0.0277777777778	NAI_Prefixoid	0.0277777777778	Intern_Prefixoid	0.0277777777778	BEZer_Prefixoid	0.0277777777778	InternHy_Prefixoid	0.0277777777778	KOE_Prefixoid	0.0277777777778	ProperNamePrefixoid	0.0277777777778	RusHy_Prefixoid	0.0277777777778	BEZ_Prefixoid	0.0277777777778	NE_Prefixoid	0.0277777777778	ParticipleShortForm	0.333333333333	ParticipleFullForm	0.333333333333	Plural	0.166666666667	Singular	0.5	Four	0.133333333333	SevenEight	0.133333333333	Two	0.133333333333	Three	0.133333333333	FiveAndMore	0.133333333333	AdjectiveFullForm	0.222222222222	AdjectiveShortFlectional	0.222222222222	AdjectiveShortForm	0.222222222222	NounProperNameDimin	0.0740740740741	NounProperName	0.0740740740741	NounProperGeneral	0.0740740740741	NounProperTown	0.0740740740741	NounProperSurNameFlective	0.0740740740741	NounProperPatronymic	0.0740740740741	AdjectiveProper	0.0740740740741	AbbrProperGeneral	0.0740740740741	NounProperSurNameForeign	0.0740740740741	SingulariaTantum	0.166666666667	NormalNumberParadigm	0.833333333333	FullRealization	1.0
69	-1			488129	488124
69	-1			488138	488135
69	-1			488146	488139
69	-1			488147	488139
69	-1			488148	488130
69	-1			488149	488130
69	0	В	В	488106	488105	Animate	0.125	Inanimate	0.625	NonReflexive	0.1875	ImperfectiveReflexivity	0.1875	Reflexive	0.1875	FullReflexivity	0.1875	NormalMorphForm	1.0	DefectOne	0.15	DefectFour	0.15	Byt	0.15	DefectThree	0.15	DefectTwo	0.15	GTInvariable	0.25	GTNoun	0.5	NotEllipted	1.0	VocalForm	0.375	NForm	0.375	NotControlled	1.0	ZeroTypeOfCoordination	1.0	Composite_ComplexNumeral	0.0178571428571	Composite_cko	0.0178571428571	NoCompositeness	0.517857142857	Composite_cki	0.0178571428571	Composite_o	0.0178571428571	Composite_NumeralFull	0.0178571428571	Composite_NumeralShort	0.0178571428571	Composite_null	0.0178571428571	Composite_iko	0.0178571428571	Composite_sko	0.0178571428571	Composite_e	0.0178571428571	Composite_Numeral	0.0178571428571	Composite_usek	0.0178571428571	Composite_ski	0.0178571428571	DegreeComparative	0.25	DegreeSuperlative	0.25	DegreePositive	0.25	Adverb_With_Hyphen	0.375	Adverb_Un_Hyphen	0.375	DeclensionMixed	0.0625	DeclensionAdjectival	0.0625	DeclensionNominal	0.0625	Indeclinable	0.5625	Comp_PunctuatorPref	0.015625	Comp_Suffixoid_Num_IJ	0.015625	Comp_PunctuatorPostSeparable	0.515625	Un_Comp_Suf	0.015625	Comp_SuffixoidAbbr	0.015625	Comp_Noun	0.015625	Comp_Suffixoid_Num_J	0.015625	Comp_PunctuatorPost	0.015625	Comp_PunctuatorPrefSeparable	0.015625	Comp_Suffixoid_Num_OJ	0.015625	Comp_Prefixoid	0.015625	Comp_Suffixoid	0.015625	Comp_Suffixoid_Chem	0.015625	Comp_Suffixoid_Num_PercentYJ	0.015625	Comp_Suffixoid_Num_YJ	0.015625	Comp_Adj	0.015625	BiAspectual	0.25	MonoAspectual	0.25	Paired	0.25	NoSynthComparative	0.1875	FullSynthComparison	0.1875	OnlySuperlative	0.1875	NoSynthSuperlative	0.1875	MTwo	0.25	MOne	0.25	MThree	0.25	NormalClassifyingCapitalization	1.0	Past	0.25	Future	0.25	Present	0.25	Preposition	0.25	Noun	0.5	ZeroDoubleConjunct	1.0	NotCommonChild	1.0	Accusative	0.0852272727273	Prepositional	0.0852272727273	Instrumental	0.0852272727273	Dative	0.0852272727273	ZeroCase	0.0227272727273	Locative	0.0852272727273	Genitive	0.0852272727273	Partitive	0.0852272727273	Nominative	0.0852272727273	DativeSpecial	0.0227272727273	Vocative	0.0227272727273	RCDemonstrative	0.0833333333333	RCNegative	0.0833333333333	RCNoun	0.0833333333333	RCPossessive	0.0833333333333	RCIndefinite	0.0833333333333	RCPersonal	0.0833333333333	RCReflexive	0.0833333333333	RCInterrogative	0.0833333333333	RCAttributive	0.0833333333333	NoPlacement	1.0	Perfective	0.375	Imperfective	0.375	NotDefaultFiller	1.0	Feminine	0.125	Common	0.125	Masculine	0.375	Neuter	0.125	NoLeftmostPlacement	1.0	UnIterat	0.375	Iterat	0.375	NoRightmostPlacement	1.0	NotLeftConjunct	1.0	PersonFirst	0.1875	PersonThird	0.1875	PersonSecond	0.1875	PersonZero	0.1875	Active	0.25	Passive	0.25	VoiceSya	0.25	VerbTransitive	0.1875	VerbIntransitive	0.1875	VerbIntransitiveSpecial	0.1875	VerbTransitiveSpecial	0.1875	NotRightConjunct	1.0	Plural_consonant	0.0833333333333	Genitive_Locative_u	0.0833333333333	Locative_u	0.0833333333333	NoSpecialCaseForm	0.0833333333333	SpecialVocative	0.0833333333333	GenitivePlural_Zero	0.0833333333333	SpecialPlual	0.0833333333333	NominativePlural_a	0.0833333333333	Genitive_u	0.0833333333333	NoContrast	1.0	NormalCapitalization	1.0	V_Prefixoid	0.03125	POL_Prefixoid	0.03125	PO_Prefixoid	0.03125	Letter_Prefixoid	0.03125	InternMod_Prefixoid	0.03125	Chem_Prefixoid	0.03125	BES_Prefixoid	0.03125	Chemical_Possible	0.03125	VPOL_Prefixoid	0.03125	Eval_Prefixoid	0.03125	InternModEr_Prefixoid	0.03125	Rus_Prefixoid	0.03125	Intern_ReducedPrefixoid	0.03125	NI_Prefixoid	0.03125	Reduced_Prefixoid	0.03125	NAI_Prefixoid	0.03125	Intern_Prefixoid	0.03125	BEZer_Prefixoid	0.03125	InternHy_Prefixoid	0.03125	KOE_Prefixoid	0.03125	ProperNamePrefixoid	0.03125	RusHy_Prefixoid	0.03125	BEZ_Prefixoid	0.03125	NE_Prefixoid	0.03125	ParticipleShortForm	0.375	ParticipleFullForm	0.375	Plural	0.375	Singular	0.375	Four	0.15	SevenEight	0.15	Two	0.15	Three	0.15	FiveAndMore	0.15	AdjectiveFullForm	0.25	AdjectiveShortFlectional	0.25	AdjectiveShortForm	0.25	NounProperNameDimin	0.0833333333333	NounProperName	0.0833333333333	NounProperGeneral	0.0833333333333	NounProperTown	0.0833333333333	NounProperSurNameFlective	0.0833333333333	NounProperPatronymic	0.0833333333333	AdjectiveProper	0.0833333333333	AbbrProperGeneral	0.0833333333333	NounProperSurNameForeign	0.0833333333333	NormalNumberParadigm	1.0	FullRealization	1.0
69	2	том	том	488107	488105	Animate	0.166666666667	Inanimate	0.833333333333	NonReflexive	0.25	ImperfectiveReflexivity	0.25	Reflexive	0.25	FullReflexivity	0.25	NormalMorphForm	1.0	DefectOne	0.2	DefectFour	0.2	Byt	0.2	DefectThree	0.2	DefectTwo	0.2	GTAdjectiveAttributive	0.166666666667	GTNoun	0.833333333333	NotEllipted	1.0	VocalForm	0.5	NForm	0.5	NotControlled	1.0	ZeroTypeOfCoordination	1.0	Composite_ComplexNumeral	0.0238095238095	Composite_cko	0.0238095238095	NoCompositeness	0.690476190476	Composite_cki	0.0238095238095	Composite_o	0.0238095238095	Composite_NumeralFull	0.0238095238095	Composite_NumeralShort	0.0238095238095	Composite_null	0.0238095238095	Composite_iko	0.0238095238095	Composite_sko	0.0238095238095	Composite_e	0.0238095238095	Composite_Numeral	0.0238095238095	Composite_usek	0.0238095238095	Composite_ski	0.0238095238095	DegreeComparative	0.333333333333	DegreeSuperlative	0.333333333333	DegreePositive	0.333333333333	Adverb_With_Hyphen	0.5	Adverb_Un_Hyphen	0.5	DeclensionMixed	0.0833333333333	DeclensionAdjectival	0.0833333333333	DeclensionNominal	0.75	Indeclinable	0.0833333333333	Comp_PunctuatorPref	0.0208333333333	Comp_Suffixoid_Num_IJ	0.0208333333333	Comp_PunctuatorPostSeparable	0.0208333333333	Un_Comp_Suf	0.6875	Comp_SuffixoidAbbr	0.0208333333333	Comp_Noun	0.0208333333333	Comp_Suffixoid_Num_J	0.0208333333333	Comp_PunctuatorPost	0.0208333333333	Comp_PunctuatorPrefSeparable	0.0208333333333	Comp_Suffixoid_Num_OJ	0.0208333333333	Comp_Prefixoid	0.0208333333333	Comp_Suffixoid	0.0208333333333	Comp_Suffixoid_Chem	0.0208333333333	Comp_Suffixoid_Num_PercentYJ	0.0208333333333	Comp_Suffixoid_Num_YJ	0.0208333333333	Comp_Adj	0.0208333333333	BiAspectual	0.333333333333	MonoAspectual	0.333333333333	Paired	0.333333333333	NoSynthComparative	0.25	FullSynthComparison	0.25	OnlySuperlative	0.25	NoSynthSuperlative	0.25	MTwo	0.333333333333	MOne	0.333333333333	MThree	0.333333333333	NormalClassifyingCapitalization	1.0	Past	0.333333333333	Future	0.333333333333	Present	0.333333333333	Noun	0.666666666667	Pronoun	0.333333333333	ZeroDoubleConjunct	1.0	NotCommonChild	1.0	Accusative	0.166666666667	Nominative	0.166666666667	Prepositional	0.333333333333	Locative	0.333333333333	RCDemonstrative	0.407407407407	RCNegative	0.0740740740741	RCNoun	0.0740740740741	RCPossessive	0.0740740740741	RCIndefinite	0.0740740740741	RCPersonal	0.0740740740741	RCReflexive	0.0740740740741	RCInterrogative	0.0740740740741	RCAttributive	0.0740740740741	NoPlacement	1.0	Perfective	0.5	Imperfective	0.5	NotDefaultFiller	1.0	Masculine	0.5	Neuter	0.5	NoLeftmostPlacement	1.0	UnIterat	0.5	Iterat	0.5	NoRightmostPlacement	1.0	NotLeftConjunct	1.0	PersonFirst	0.25	PersonThird	0.25	PersonSecond	0.25	PersonZero	0.25	Active	0.333333333333	Passive	0.333333333333	VoiceSya	0.333333333333	VerbTransitive	0.25	VerbIntransitive	0.25	VerbIntransitiveSpecial	0.25	VerbTransitiveSpecial	0.25	NotRightConjunct	1.0	Plural_consonant	0.037037037037	Genitive_Locative_u	0.037037037037	Locative_u	0.037037037037	NoSpecialCaseForm	0.37037037037	SpecialVocative	0.037037037037	GenitivePlural_Zero	0.037037037037	SpecialPlual	0.037037037037	NominativePlural_a	0.37037037037	Genitive_u	0.037037037037	NoContrast	1.0	NormalCapitalization	1.0	V_Prefixoid	0.0416666666667	POL_Prefixoid	0.0416666666667	PO_Prefixoid	0.0416666666667	Letter_Prefixoid	0.0416666666667	InternMod_Prefixoid	0.0416666666667	Chem_Prefixoid	0.0416666666667	BES_Prefixoid	0.0416666666667	Chemical_Possible	0.0416666666667	VPOL_Prefixoid	0.0416666666667	Eval_Prefixoid	0.0416666666667	InternModEr_Prefixoid	0.0416666666667	Rus_Prefixoid	0.0416666666667	Intern_ReducedPrefixoid	0.0416666666667	NI_Prefixoid	0.0416666666667	Reduced_Prefixoid	0.0416666666667	NAI_Prefixoid	0.0416666666667	Intern_Prefixoid	0.0416666666667	BEZer_Prefixoid	0.0416666666667	InternHy_Prefixoid	0.0416666666667	KOE_Prefixoid	0.0416666666667	ProperNamePrefixoid	0.0416666666667	RusHy_Prefixoid	0.0416666666667	BEZ_Prefixoid	0.0416666666667	NE_Prefixoid	0.0416666666667	ParticipleShortForm	0.5	ParticipleFullForm	0.5	Singular	1.0	Four	0.2	SevenEight	0.2	Two	0.2	Three	0.2	FiveAndMore	0.2	AdjectiveFullForm	0.333333333333	AdjectiveShortFlectional	0.333333333333	AdjectiveShortForm	0.333333333333	NounProperNameDimin	0.111111111111	NounProperName	0.111111111111	NounProperGeneral	0.111111111111	NounProperTown	0.111111111111	NounProperSurNameFlective	0.111111111111	NounProperPatronymic	0.111111111111	AdjectiveProper	0.111111111111	AbbrProperGeneral	0.111111111111	NounProperSurNameForeign	0.111111111111	SingulariaTantum	0.333333333333	NormalNumberParadigm	0.666666666667	FullRealization	1.0
69	6	же	же	488108	488107	Animate	0.25	Inanimate	0.25	NonReflexive	0.125	ImperfectiveReflexivity	0.125	Reflexive	0.125	FullReflexivity	0.125	NormalMorphForm	1.0	DefectOne	0.1	DefectFour	0.1	Byt	0.1	DefectThree	0.1	DefectTwo	0.1	GTInvariable	0.5	NotEllipted	1.0	VocalForm	0.25	NForm	0.25	NotControlled	1.0	ZeroTypeOfCoordination	1.0	Composite_ComplexNumeral	0.0357142857143	Composite_cko	0.0357142857143	NoCompositeness	0.0357142857143	Composite_cki	0.0357142857143	Composite_o	0.0357142857143	Composite_NumeralFull	0.0357142857143	Composite_NumeralShort	0.0357142857143	Composite_null	0.0357142857143	Composite_iko	0.0357142857143	Composite_sko	0.0357142857143	Composite_e	0.0357142857143	Composite_Numeral	0.0357142857143	Composite_usek	0.0357142857143	Composite_ski	0.0357142857143	DegreeComparative	0.166666666667	DegreeSuperlative	0.166666666667	DegreePositive	0.166666666667	Adverb_With_Hyphen	0.25	Adverb_Un_Hyphen	0.25	DeclensionMixed	0.125	DeclensionAdjectival	0.125	DeclensionNominal	0.125	Indeclinable	0.125	Comp_PunctuatorPref	0.03125	Comp_Suffixoid_Num_IJ	0.03125	Comp_PunctuatorPostSeparable	0.03125	Un_Comp_Suf	0.03125	Comp_SuffixoidAbbr	0.03125	Comp_Noun	0.03125	Comp_Suffixoid_Num_J	0.03125	Comp_PunctuatorPost	0.03125	Comp_PunctuatorPrefSeparable	0.03125	Comp_Suffixoid_Num_OJ	0.03125	Comp_Prefixoid	0.03125	Comp_Suffixoid	0.03125	Comp_Suffixoid_Chem	0.03125	Comp_Suffixoid_Num_PercentYJ	0.03125	Comp_Suffixoid_Num_YJ	0.03125	Comp_Adj	0.03125	BiAspectual	0.166666666667	MonoAspectual	0.166666666667	Paired	0.166666666667	NoSynthComparative	0.125	FullSynthComparison	0.125	OnlySuperlative	0.125	NoSynthSuperlative	0.125	MTwo	0.166666666667	MOne	0.166666666667	MThree	0.166666666667	NormalClassifyingCapitalization	1.0	Past	0.166666666667	Future	0.166666666667	Present	0.166666666667	Particle	0.5	ZeroDoubleConjunct	1.0	NotCommonChild	1.0	Accusative	0.0454545454545	Prepositional	0.0454545454545	Instrumental	0.0454545454545	Dative	0.0454545454545	ZeroCase	0.0454545454545	Locative	0.0454545454545	Genitive	0.0454545454545	Partitive	0.0454545454545	Nominative	0.0454545454545	DativeSpecial	0.0454545454545	Vocative	0.0454545454545	RCDemonstrative	0.0555555555556	RCNegative	0.0555555555556	RCNoun	0.0555555555556	RCPossessive	0.0555555555556	RCIndefinite	0.0555555555556	RCPersonal	0.0555555555556	RCReflexive	0.0555555555556	RCInterrogative	0.0555555555556	RCAttributive	0.0555555555556	NoPlacement	1.0	Perfective	0.25	Imperfective	0.25	NotDefaultFiller	1.0	Feminine	0.125	Common	0.125	Masculine	0.125	Neuter	0.125	NoLeftmostPlacement	1.0	UnIterat	0.25	Iterat	0.25	NoRightmostPlacement	1.0	NotLeftConjunct	1.0	PersonFirst	0.125	PersonThird	0.125	PersonSecond	0.125	PersonZero	0.125	Active	0.166666666667	Passive	0.166666666667	VoiceSya	0.166666666667	VerbTransitive	0.125	VerbIntransitive	0.125	VerbIntransitiveSpecial	0.125	VerbTransitiveSpecial	0.125	NotRightConjunct	1.0	Plural_consonant	0.0555555555556	Genitive_Locative_u	0.0555555555556	Locative_u	0.0555555555556	NoSpecialCaseForm	0.0555555555556	SpecialVocative	0.0555555555556	GenitivePlural_Zero	0.0555555555556	SpecialPlual	0.0555555555556	NominativePlural_a	0.0555555555556	Genitive_u	0.0555555555556	NoContrast	1.0	NormalCapitalization	1.0	V_Prefixoid	0.0208333333333	POL_Prefixoid	0.0208333333333	PO_Prefixoid	0.0208333333333	Letter_Prefixoid	0.0208333333333	InternMod_Prefixoid	0.0208333333333	Chem_Prefixoid	0.0208333333333	BES_Prefixoid	0.0208333333333	Chemical_Possible	0.0208333333333	VPOL_Prefixoid	0.0208333333333	Eval_Prefixoid	0.0208333333333	InternModEr_Prefixoid	0.0208333333333	Rus_Prefixoid	0.0208333333333	Intern_ReducedPrefixoid	0.0208333333333	NI_Prefixoid	0.0208333333333	Reduced_Prefixoid	0.0208333333333	NAI_Prefixoid	0.0208333333333	Intern_Prefixoid	0.0208333333333	BEZer_Prefixoid	0.0208333333333	InternHy_Prefixoid	0.0208333333333	KOE_Prefixoid	0.0208333333333	ProperNamePrefixoid	0.0208333333333	RusHy_Prefixoid	0.0208333333333	BEZ_Prefixoid	0.0208333333333	NE_Prefixoid	0.0208333333333	ParticipleShortForm	0.25	ParticipleFullForm	0.25	Plural	0.25	Singular	0.25	Four	0.1	SevenEight	0.1	Two	0.1	Three	0.1	FiveAndMore	0.1	AdjectiveFullForm	0.166666666667	AdjectiveShortFlectional	0.166666666667	AdjectiveShortForm	0.166666666667	NounProperNameDimin	0.0555555555556	NounProperName	0.0555555555556	NounProperGeneral	0.0555555555556	NounProperTown	0.0555555555556	NounProperSurNameFlective	0.0555555555556	NounProperPatronymic	0.0555555555556	AdjectiveProper	0.0555555555556	AbbrProperGeneral	0.0555555555556	NounProperSurNameForeign	0.0555555555556	NormalNumberParadigm	1.0	FullRealization	1.0
69	9	2005	2005	488109	488105	ZeroTypeOfCoordination	1.0	NoPlacement	1.0	NormalCapitalization	1.0	NotDefaultFiller	1.0	NoContrast	1.0	NoLeftmostPlacement	1.0	FullRealization	1.0	NoRightmostPlacement	1.0	NormalNumberParadigm	1.0	NotLeftConjunct	1.0	NormalClassifyingCapitalization	1.0	ZeroDoubleConjunct	1.0	NotCommonChild	1.0	NotEllipted	1.0	NormalMorphForm	1.0	NotControlled	1.0	NotRightConjunct	1.0
69	14	году	году	488105	488104	Inanimate	1.0	NonReflexive	0.25	ImperfectiveReflexivity	0.25	Reflexive	0.25	FullReflexivity	0.25	NormalMorphForm	1.0	DefectOne	0.2	DefectFour	0.2	Byt	0.2	DefectThree	0.2	DefectTwo	0.2	GTNoun	1.0	NotEllipted	1.0	VocalForm	0.5	NForm	0.5	NotControlled	1.0	ZeroTypeOfCoordination	1.0	NoCompositeness	1.0	DegreeComparative	0.333333333333	DegreeSuperlative	0.333333333333	DegreePositive	0.333333333333	Adverb_With_Hyphen	0.5	Adverb_Un_Hyphen	0.5	DeclensionNominal	1.0	Un_Comp_Suf	1.0	BiAspectual	0.333333333333	MonoAspectual	0.333333333333	Paired	0.333333333333	NoSynthComparative	0.25	FullSynthComparison	0.25	OnlySuperlative	0.25	NoSynthSuperlative	0.25	MTwo	0.333333333333	MOne	0.333333333333	MThree	0.333333333333	NormalClassifyingCapitalization	1.0	Past	0.333333333333	Future	0.333333333333	Present	0.333333333333	Noun	1.0	ZeroDoubleConjunct	1.0	NotCommonChild	1.0	Dative	0.333333333333	Partitive	0.333333333333	Locative	0.333333333333	RCDemonstrative	0.111111111111	RCNegative	0.111111111111	RCNoun	0.111111111111	RCPossessive	0.111111111111	RCIndefinite	0.111111111111	RCPersonal	0.111111111111	RCReflexive	0.111111111111	RCInterrogative	0.111111111111	RCAttributive	0.111111111111	NoPlacement	1.0	Perfective	0.5	Imperfective	0.5	NotDefaultFiller	1.0	Masculine	1.0	NoLeftmostPlacement	1.0	UnIterat	0.5	Iterat	0.5	NoRightmostPlacement	1.0	NotLeftConjunct	1.0	PersonFirst	0.25	PersonThird	0.25	PersonSecond	0.25	PersonZero	0.25	Active	0.333333333333	Passive	0.333333333333	VoiceSya	0.333333333333	VerbTransitive	0.25	VerbIntransitive	0.25	VerbIntransitiveSpecial	0.25	VerbTransitiveSpecial	0.25	NotRightConjunct	1.0	NoSpecialCaseForm	1.0	NoContrast	1.0	NormalCapitalization	1.0	V_Prefixoid	0.0416666666667	POL_Prefixoid	0.0416666666667	PO_Prefixoid	0.0416666666667	Letter_Prefixoid	0.0416666666667	InternMod_Prefixoid	0.0416666666667	Chem_Prefixoid	0.0416666666667	BES_Prefixoid	0.0416666666667	Chemical_Possible	0.0416666666667	VPOL_Prefixoid	0.0416666666667	Eval_Prefixoid	0.0416666666667	InternModEr_Prefixoid	0.0416666666667	Rus_Prefixoid	0.0416666666667	Intern_ReducedPrefixoid	0.0416666666667	NI_Prefixoid	0.0416666666667	Reduced_Prefixoid	0.0416666666667	NAI_Prefixoid	0.0416666666667	Intern_Prefixoid	0.0416666666667	BEZer_Prefixoid	0.0416666666667	InternHy_Prefixoid	0.0416666666667	KOE_Prefixoid	0.0416666666667	ProperNamePrefixoid	0.0416666666667	RusHy_Prefixoid	0.0416666666667	BEZ_Prefixoid	0.0416666666667	NE_Prefixoid	0.0416666666667	ParticipleShortForm	0.5	ParticipleFullForm	0.5	Singular	1.0	Four	0.2	SevenEight	0.2	Two	0.2	Three	0.2	FiveAndMore	0.2	AdjectiveFullForm	0.333333333333	AdjectiveShortFlectional	0.333333333333	AdjectiveShortForm	0.333333333333	NounProperNameDimin	0.111111111111	NounProperName	0.111111111111	NounProperGeneral	0.111111111111	NounProperTown	0.111111111111	NounProperSurNameFlective	0.111111111111	NounProperPatronymic	0.111111111111	AdjectiveProper	0.111111111111	AbbrProperGeneral	0.111111111111	NounProperSurNameForeign	0.111111111111	NonCountForm	0.5	NormalNumberParadigm	0.5	FullRealization	1.0
69	19	Туск	Туск	488110	488104	Animate	0.75	Inanimate	0.25	NonReflexive	0.625	ImperfectiveReflexivity	0.125	Reflexive	0.125	FullReflexivity	0.125	NormalMorphForm	1.0	DefectOne	0.2	DefectFour	0.2	Byt	0.2	DefectThree	0.2	DefectTwo	0.2	GTVerb	0.5	GTNoun	0.5	NotEllipted	1.0	VocalForm	0.5	NForm	0.5	NotControlled	1.0	ZeroTypeOfCoordination	1.0	Composite_ComplexNumeral	0.0357142857143	Composite_cko	0.0357142857143	NoCompositeness	0.535714285714	Composite_cki	0.0357142857143	Composite_o	0.0357142857143	Composite_NumeralFull	0.0357142857143	Composite_NumeralShort	0.0357142857143	Composite_null	0.0357142857143	Composite_iko	0.0357142857143	Composite_sko	0.0357142857143	Composite_e	0.0357142857143	Composite_Numeral	0.0357142857143	Composite_usek	0.0357142857143	Composite_ski	0.0357142857143	DegreeComparative	0.333333333333	DegreeSuperlative	0.333333333333	DegreePositive	0.333333333333	Adverb_With_Hyphen	0.5	Adverb_Un_Hyphen	0.5	DeclensionMixed	0.25	DeclensionAdjectival	0.25	DeclensionNominal	0.25	Indeclinable	0.25	Comp_PunctuatorPref	0.03125	Comp_Suffixoid_Num_IJ	0.03125	Comp_PunctuatorPostSeparable	0.03125	Un_Comp_Suf	0.53125	Comp_SuffixoidAbbr	0.03125	Comp_Noun	0.03125	Comp_Suffixoid_Num_J	0.03125	Comp_PunctuatorPost	0.03125	Comp_PunctuatorPrefSeparable	0.03125	Comp_Suffixoid_Num_OJ	0.03125	Comp_Prefixoid	0.03125	Comp_Suffixoid	0.03125	Comp_Suffixoid_Chem	0.03125	Comp_Suffixoid_Num_PercentYJ	0.03125	Comp_Suffixoid_Num_YJ	0.03125	Comp_Adj	0.03125	BiAspectual	0.166666666667	MonoAspectual	0.666666666667	Paired	0.166666666667	NoSynthComparative	0.25	FullSynthComparison	0.25	OnlySuperlative	0.25	NoSynthSuperlative	0.25	MTwo	0.333333333333	MOne	0.333333333333	MThree	0.333333333333	NormalClassifyingCapitalization	1.0	Past	0.666666666667	Future	0.166666666667	Present	0.166666666667	Verb	0.5	Noun	0.5	ZeroDoubleConjunct	1.0	NotCommonChild	1.0	Accusative	0.107954545455	Prepositional	0.107954545455	Instrumental	0.107954545455	Dative	0.107954545455	ZeroCase	0.0454545454545	Locative	0.107954545455	Genitive	0.107954545455	Partitive	0.107954545455	Nominative	0.107954545455	DativeSpecial	0.0454545454545	Vocative	0.0454545454545	RCDemonstrative	0.111111111111	RCNegative	0.111111111111	RCNoun	0.111111111111	RCPossessive	0.111111111111	RCIndefinite	0.111111111111	RCPersonal	0.111111111111	RCReflexive	0.111111111111	RCInterrogative	0.111111111111	RCAttributive	0.111111111111	NoPlacement	1.0	Perfective	0.25	Imperfective	0.75	NotDefaultFiller	1.0	Feminine	0.25	Masculine	0.75	NoLeftmostPlacement	1.0	UnIterat	0.75	Iterat	0.25	NoRightmostPlacement	1.0	NotLeftConjunct	1.0	PersonFirst	0.25	PersonThird	0.25	PersonSecond	0.25	PersonZero	0.25	Active	0.666666666667	Passive	0.166666666667	VoiceSya	0.166666666667	VerbTransitive	0.125	VerbIntransitive	0.625	VerbIntransitiveSpecial	0.125	VerbTransitiveSpecial	0.125	NotRightConjunct	1.0	Plural_consonant	0.0555555555556	Genitive_Locative_u	0.0555555555556	Locative_u	0.0555555555556	NoSpecialCaseForm	0.555555555556	SpecialVocative	0.0555555555556	GenitivePlural_Zero	0.0555555555556	SpecialPlual	0.0555555555556	NominativePlural_a	0.0555555555556	Genitive_u	0.0555555555556	NoContrast	1.0	NormalCapitalization	1.0	V_Prefixoid	0.0416666666667	POL_Prefixoid	0.0416666666667	PO_Prefixoid	0.0416666666667	Letter_Prefixoid	0.0416666666667	InternMod_Prefixoid	0.0416666666667	Chem_Prefixoid	0.0416666666667	BES_Prefixoid	0.0416666666667	Chemical_Possible	0.0416666666667	VPOL_Prefixoid	0.0416666666667	Eval_Prefixoid	0.0416666666667	InternModEr_Prefixoid	0.0416666666667	Rus_Prefixoid	0.0416666666667	Intern_ReducedPrefixoid	0.0416666666667	NI_Prefixoid	0.0416666666667	Reduced_Prefixoid	0.0416666666667	NAI_Prefixoid	0.0416666666667	Intern_Prefixoid	0.0416666666667	BEZer_Prefixoid	0.0416666666667	InternHy_Prefixoid	0.0416666666667	KOE_Prefixoid	0.0416666666667	ProperNamePrefixoid	0.0416666666667	RusHy_Prefixoid	0.0416666666667	BEZ_Prefixoid	0.0416666666667	NE_Prefixoid	0.0416666666667	ParticipleShortForm	0.5	ParticipleFullForm	0.5	Plural	0.25	Singular	0.75	Four	0.2	SevenEight	0.2	Two	0.2	Three	0.2	FiveAndMore	0.2	AdjectiveFullForm	0.333333333333	AdjectiveShortFlectional	0.333333333333	AdjectiveShortForm	0.333333333333	NounProperNameDimin	0.0555555555556	NounProperName	0.0555555555556	NounProperGeneral	0.0555555555556	NounProperTown	0.0555555555556	NounProperPatronymic	0.0555555555556	NounProperSurNameFlective	0.0555555555556	AdjectiveProper	0.0555555555556	AbbrProperGeneral	0.0555555555556	NounProperSurNameForeign	0.555555555556	NormalNumberParadigm	1.0	FullRealization	1.0
69	24	принял	принял	488104	-1	Animate	0.5	Inanimate	0.5	ImperfectiveReflexivity	1.0	NormalMorphForm	1.0	DefectOne	0.2	DefectFour	0.2	Byt	0.2	DefectThree	0.2	DefectTwo	0.2	GTVerb	1.0	NotEllipted	1.0	VocalForm	0.5	NForm	0.5	NotControlled	1.0	ZeroTypeOfCoordination	1.0	Composite_ComplexNumeral	0.0714285714286	Composite_cko	0.0714285714286	NoCompositeness	0.0714285714286	Composite_cki	0.0714285714286	Composite_o	0.0714285714286	Composite_NumeralFull	0.0714285714286	Composite_NumeralShort	0.0714285714286	Composite_null	0.0714285714286	Composite_iko	0.0714285714286	Composite_sko	0.0714285714286	Composite_e	0.0714285714286	Composite_Numeral	0.0714285714286	Composite_usek	0.0714285714286	Composite_ski	0.0714285714286	DegreeComparative	0.333333333333	DegreeSuperlative	0.333333333333	DegreePositive	0.333333333333	Adverb_With_Hyphen	0.5	Adverb_Un_Hyphen	0.5	DeclensionMixed	0.25	DeclensionAdjectival	0.25	DeclensionNominal	0.25	Indeclinable	0.25	Comp_PunctuatorPref	0.0625	Comp_Suffixoid_Num_IJ	0.0625	Comp_PunctuatorPostSeparable	0.0625	Un_Comp_Suf	0.0625	Comp_SuffixoidAbbr	0.0625	Comp_Noun	0.0625	Comp_Suffixoid_Num_J	0.0625	Comp_PunctuatorPost	0.0625	Comp_PunctuatorPrefSeparable	0.0625	Comp_Suffixoid_Num_OJ	0.0625	Comp_Prefixoid	0.0625	Comp_Suffixoid	0.0625	Comp_Suffixoid_Chem	0.0625	Comp_Suffixoid_Num_PercentYJ	0.0625	Comp_Suffixoid_Num_YJ	0.0625	Comp_Adj	0.0625	Paired	1.0	NoSynthComparative	0.25	FullSynthComparison	0.25	OnlySuperlative	0.25	NoSynthSuperlative	0.25	MTwo	0.333333333333	MOne	0.333333333333	MThree	0.333333333333	NormalClassifyingCapitalization	1.0	Past	1.0	Verb	1.0	ZeroDoubleConjunct	1.0	NotCommonChild	1.0	Accusative	0.0909090909091	Prepositional	0.0909090909091	Instrumental	0.0909090909091	Dative	0.0909090909091	ZeroCase	0.0909090909091	Locative	0.0909090909091	Genitive	0.0909090909091	Partitive	0.0909090909091	Nominative	0.0909090909091	DativeSpecial	0.0909090909091	Vocative	0.0909090909091	RCDemonstrative	0.111111111111	RCNegative	0.111111111111	RCNoun	0.111111111111	RCPossessive	0.111111111111	RCIndefinite	0.111111111111	RCPersonal	0.111111111111	RCReflexive	0.111111111111	RCInterrogative	0.111111111111	RCAttributive	0.111111111111	NoPlacement	1.0	Perfective	1.0	NotDefaultFiller	1.0	Masculine	1.0	NoLeftmostPlacement	1.0	UnIterat	1.0	NoRightmostPlacement	1.0	NotLeftConjunct	1.0	PersonFirst	0.25	PersonThird	0.25	PersonSecond	0.25	PersonZero	0.25	Active	1.0	VerbTransitive	1.0	NotRightConjunct	1.0	Plural_consonant	0.111111111111	Genitive_Locative_u	0.111111111111	Locative_u	0.111111111111	NoSpecialCaseForm	0.111111111111	SpecialVocative	0.111111111111	GenitivePlural_Zero	0.111111111111	SpecialPlual	0.111111111111	NominativePlural_a	0.111111111111	Genitive_u	0.111111111111	NoContrast	1.0	NormalCapitalization	1.0	V_Prefixoid	0.0416666666667	POL_Prefixoid	0.0416666666667	PO_Prefixoid	0.0416666666667	Letter_Prefixoid	0.0416666666667	InternMod_Prefixoid	0.0416666666667	Chem_Prefixoid	0.0416666666667	BES_Prefixoid	0.0416666666667	Chemical_Possible	0.0416666666667	VPOL_Prefixoid	0.0416666666667	Eval_Prefixoid	0.0416666666667	InternModEr_Prefixoid	0.0416666666667	Rus_Prefixoid	0.0416666666667	Intern_ReducedPrefixoid	0.0416666666667	NI_Prefixoid	0.0416666666667	Reduced_Prefixoid	0.0416666666667	NAI_Prefixoid	0.0416666666667	Intern_Prefixoid	0.0416666666667	BEZer_Prefixoid	0.0416666666667	InternHy_Prefixoid	0.0416666666667	KOE_Prefixoid	0.0416666666667	ProperNamePrefixoid	0.0416666666667	RusHy_Prefixoid	0.0416666666667	BEZ_Prefixoid	0.0416666666667	NE_Prefixoid	0.0416666666667	ParticipleShortForm	0.5	ParticipleFullForm	0.5	Singular	1.0	Four	0.2	SevenEight	0.2	Two	0.2	Three	0.2	FiveAndMore	0.2	AdjectiveFullForm	0.333333333333	AdjectiveShortFlectional	0.333333333333	AdjectiveShortForm	0.333333333333	NounProperNameDimin	0.111111111111	NounProperName	0.111111111111	NounProperGeneral	0.111111111111	NounProperTown	0.111111111111	NounProperSurNameFlective	0.111111111111	NounProperPatronymic	0.111111111111	AdjectiveProper	0.111111111111	AbbrProperGeneral	0.111111111111	NounProperSurNameForeign	0.111111111111	NormalNumberParadigm	1.0	FullRealization	1.0
69	31	участие	участие	488111	488104	Inanimate	1.0	NonReflexive	0.25	ImperfectiveReflexivity	0.25	Reflexive	0.25	FullReflexivity	0.25	NormalMorphForm	1.0	DefectOne	0.2	DefectFour	0.2	Byt	0.2	DefectThree	0.2	DefectTwo	0.2	GTNoun	1.0	NotEllipted	1.0	VocalForm	0.5	NForm	0.5	NotControlled	1.0	ZeroTypeOfCoordination	1.0	NoCompositeness	1.0	DegreeComparative	0.333333333333	DegreeSuperlative	0.333333333333	DegreePositive	0.333333333333	Adverb_With_Hyphen	0.5	Adverb_Un_Hyphen	0.5	DeclensionNominal	1.0	Un_Comp_Suf	1.0	BiAspectual	0.333333333333	MonoAspectual	0.333333333333	Paired	0.333333333333	NoSynthComparative	0.25	FullSynthComparison	0.25	OnlySuperlative	0.25	NoSynthSuperlative	0.25	MTwo	0.333333333333	MOne	0.333333333333	MThree	0.333333333333	NormalClassifyingCapitalization	1.0	Past	0.333333333333	Future	0.333333333333	Present	0.333333333333	Noun	1.0	ZeroDoubleConjunct	1.0	NotCommonChild	1.0	Accusative	0.5	Nominative	0.5	RCDemonstrative	0.111111111111	RCNegative	0.111111111111	RCNoun	0.111111111111	RCPossessive	0.111111111111	RCIndefinite	0.111111111111	RCPersonal	0.111111111111	RCReflexive	0.111111111111	RCInterrogative	0.111111111111	RCAttributive	0.111111111111	NoPlacement	1.0	Perfective	0.5	Imperfective	0.5	NotDefaultFiller	1.0	Neuter	1.0	NoLeftmostPlacement	1.0	UnIterat	0.5	Iterat	0.5	NoRightmostPlacement	1.0	NotLeftConjunct	1.0	PersonFirst	0.25	PersonThird	0.25	PersonSecond	0.25	PersonZero	0.25	Active	0.333333333333	Passive	0.333333333333	VoiceSya	0.333333333333	VerbTransitive	0.25	VerbIntransitive	0.25	VerbIntransitiveSpecial	0.25	VerbTransitiveSpecial	0.25	NotRightConjunct	1.0	NoSpecialCaseForm	1.0	NoContrast	1.0	NormalCapitalization	1.0	V_Prefixoid	0.0416666666667	POL_Prefixoid	0.0416666666667	PO_Prefixoid	0.0416666666667	Letter_Prefixoid	0.0416666666667	InternMod_Prefixoid	0.0416666666667	Chem_Prefixoid	0.0416666666667	BES_Prefixoid	0.0416666666667	Chemical_Possible	0.0416666666667	VPOL_Prefixoid	0.0416666666667	Eval_Prefixoid	0.0416666666667	InternModEr_Prefixoid	0.0416666666667	Rus_Prefixoid	0.0416666666667	Intern_ReducedPrefixoid	0.0416666666667	NI_Prefixoid	0.0416666666667	Reduced_Prefixoid	0.0416666666667	NAI_Prefixoid	0.0416666666667	Intern_Prefixoid	0.0416666666667	BEZer_Prefixoid	0.0416666666667	InternHy_Prefixoid	0.0416666666667	KOE_Prefixoid	0.0416666666667	ProperNamePrefixoid	0.0416666666667	RusHy_Prefixoid	0.0416666666667	BEZ_Prefixoid	0.0416666666667	NE_Prefixoid	0.0416666666667	ParticipleShortForm	0.5	ParticipleFullForm	0.5	Singular	1.0	Four	0.2	SevenEight	0.2	Two	0.2	Three	0.2	FiveAndMore	0.2	AdjectiveFullForm	0.333333333333	AdjectiveShortFlectional	0.333333333333	AdjectiveShortForm	0.333333333333	NounProperNameDimin	0.111111111111	NounProperName	0.111111111111	NounProperGeneral	0.111111111111	NounProperTown	0.111111111111	NounProperSurNameFlective	0.111111111111	NounProperPatronymic	0.111111111111	AdjectiveProper	0.111111111111	AbbrProperGeneral	0.111111111111	NounProperSurNameForeign	0.111111111111	NormalNumberParadigm	1.0	FullRealization	1.0
69	39	в	в	488113	488112	Animate	0.25	Inanimate	0.75	NonReflexive	0.25	ImperfectiveReflexivity	0.25	Reflexive	0.25	FullReflexivity	0.25	NormalMorphForm	1.0	DefectOne	0.2	DefectFour	0.2	Byt	0.2	DefectThree	0.2	DefectTwo	0.2	GTInvariable	0.5	GTNoun	0.5	NotEllipted	1.0	VocalForm	0.5	NForm	0.5	NotControlled	1.0	ZeroTypeOfCoordination	1.0	Composite_ComplexNumeral	0.0357142857143	Composite_cko	0.0357142857143	NoCompositeness	0.535714285714	Composite_cki	0.0357142857143	Composite_o	0.0357142857143	Composite_NumeralFull	0.0357142857143	Composite_NumeralShort	0.0357142857143	Composite_null	0.0357142857143	Composite_iko	0.0357142857143	Composite_sko	0.0357142857143	Composite_e	0.0357142857143	Composite_Numeral	0.0357142857143	Composite_usek	0.0357142857143	Composite_ski	0.0357142857143	DegreeComparative	0.333333333333	DegreeSuperlative	0.333333333333	DegreePositive	0.333333333333	Adverb_With_Hyphen	0.5	Adverb_Un_Hyphen	0.5	DeclensionMixed	0.125	DeclensionAdjectival	0.125	DeclensionNominal	0.125	Indeclinable	0.625	Comp_PunctuatorPref	0.03125	Comp_Suffixoid_Num_IJ	0.03125	Comp_PunctuatorPostSeparable	0.53125	Un_Comp_Suf	0.03125	Comp_SuffixoidAbbr	0.03125	Comp_Noun	0.03125	Comp_Suffixoid_Num_J	0.03125	Comp_PunctuatorPost	0.03125	Comp_PunctuatorPrefSeparable	0.03125	Comp_Suffixoid_Num_OJ	0.03125	Comp_Prefixoid	0.03125	Comp_Suffixoid	0.03125	Comp_Suffixoid_Chem	0.03125	Comp_Suffixoid_Num_PercentYJ	0.03125	Comp_Suffixoid_Num_YJ	0.03125	Comp_Adj	0.03125	BiAspectual	0.333333333333	MonoAspectual	0.333333333333	Paired	0.333333333333	NoSynthComparative	0.25	FullSynthComparison	0.25	OnlySuperlative	0.25	NoSynthSuperlative	0.25	MTwo	0.333333333333	MOne	0.333333333333	MThree	0.333333333333	NormalClassifyingCapitalization	1.0	Past	0.333333333333	Future	0.333333333333	Present	0.333333333333	Preposition	0.5	Noun	0.5	ZeroDoubleConjunct	1.0	NotCommonChild	1.0	Accusative	0.107954545455	Prepositional	0.107954545455	Instrumental	0.107954545455	Dative	0.107954545455	ZeroCase	0.0454545454545	Locative	0.107954545455	Genitive	0.107954545455	Partitive	0.107954545455	Nominative	0.107954545455	DativeSpecial	0.0454545454545	Vocative	0.0454545454545	RCDemonstrative	0.111111111111	RCNegative	0.111111111111	RCNoun	0.111111111111	RCPossessive	0.111111111111	RCIndefinite	0.111111111111	RCPersonal	0.111111111111	RCReflexive	0.111111111111	RCInterrogative	0.111111111111	RCAttributive	0.111111111111	NoPlacement	1.0	Perfective	0.5	Imperfective	0.5	NotDefaultFiller	1.0	Feminine	0.125	Common	0.125	Masculine	0.625	Neuter	0.125	NoLeftmostPlacement	1.0	UnIterat	0.5	Iterat	0.5	NoRightmostPlacement	1.0	NotLeftConjunct	1.0	PersonFirst	0.25	PersonThird	0.25	PersonSecond	0.25	PersonZero	0.25	Active	0.333333333333	Passive	0.333333333333	VoiceSya	0.333333333333	VerbTransitive	0.25	VerbIntransitive	0.25	VerbIntransitiveSpecial	0.25	VerbTransitiveSpecial	0.25	NotRightConjunct	1.0	Plural_consonant	0.111111111111	Genitive_Locative_u	0.111111111111	Locative_u	0.111111111111	NoSpecialCaseForm	0.111111111111	SpecialVocative	0.111111111111	GenitivePlural_Zero	0.111111111111	SpecialPlual	0.111111111111	NominativePlural_a	0.111111111111	Genitive_u	0.111111111111	NoContrast	1.0	NormalCapitalization	1.0	V_Prefixoid	0.0416666666667	POL_Prefixoid	0.0416666666667	PO_Prefixoid	0.0416666666667	Letter_Prefixoid	0.0416666666667	InternMod_Prefixoid	0.0416666666667	Chem_Prefixoid	0.0416666666667	BES_Prefixoid	0.0416666666667	Chemical_Possible	0.0416666666667	VPOL_Prefixoid	0.0416666666667	Eval_Prefixoid	0.0416666666667	InternModEr_Prefixoid	0.0416666666667	Rus_Prefixoid	0.0416666666667	Intern_ReducedPrefixoid	0.0416666666667	NI_Prefixoid	0.0416666666667	Reduced_Prefixoid	0.0416666666667	NAI_Prefixoid	0.0416666666667	Intern_Prefixoid	0.0416666666667	BEZer_Prefixoid	0.0416666666667	InternHy_Prefixoid	0.0416666666667	KOE_Prefixoid	0.0416666666667	ProperNamePrefixoid	0.0416666666667	RusHy_Prefixoid	0.0416666666667	BEZ_Prefixoid	0.0416666666667	NE_Prefixoid	0.0416666666667	ParticipleShortForm	0.5	ParticipleFullForm	0.5	Plural	0.5	Singular	0.5	Four	0.2	SevenEight	0.2	Two	0.2	Three	0.2	FiveAndMore	0.2	AdjectiveFullForm	0.333333333333	AdjectiveShortFlectional	0.333333333333	AdjectiveShortForm	0.333333333333	NounProperNameDimin	0.111111111111	NounProperName	0.111111111111	NounProperGeneral	0.111111111111	NounProperTown	0.111111111111	NounProperSurNameFlective	0.111111111111	NounProperPatronymic	0.111111111111	AdjectiveProper	0.111111111111	AbbrProperGeneral	0.111111111111	NounProperSurNameForeign	0.111111111111	NormalNumberParadigm	1.0	FullRealization	1.0
69	41	президентских	президентских	488114	488112	Animate	0.5	Inanimate	0.5	NonReflexive	0.25	ImperfectiveReflexivity	0.25	Reflexive	0.25	FullReflexivity	0.25	NormalMorphForm	1.0	DefectOne	0.2	DefectFour	0.2	Byt	0.2	DefectThree	0.2	DefectTwo	0.2	GTAdjectiveAttributive	1.0	NotEllipted	1.0	VocalForm	0.5	NForm	0.5	NotControlled	1.0	ZeroTypeOfCoordination	1.0	NoCompositeness	1.0	DegreePositive	1.0	Adverb_With_Hyphen	0.5	Adverb_Un_Hyphen	0.5	DeclensionMixed	0.25	DeclensionAdjectival	0.25	DeclensionNominal	0.25	Indeclinable	0.25	Un_Comp_Suf	1.0	BiAspectual	0.333333333333	MonoAspectual	0.333333333333	Paired	0.333333333333	NoSynthComparative	1.0	MTwo	0.333333333333	MOne	0.333333333333	MThree	0.333333333333	NormalClassifyingCapitalization	1.0	Past	0.333333333333	Future	0.333333333333	Present	0.333333333333	Adjective	1.0	ZeroDoubleConjunct	1.0	NotCommonChild	1.0	Accusative	0.2	Genitive	0.2	Partitive	0.2	Prepositional	0.2	Locative	0.2	RCDemonstrative	0.111111111111	RCNegative	0.111111111111	RCNoun	0.111111111111	RCPossessive	0.111111111111	RCIndefinite	0.111111111111	RCPersonal	0.111111111111	RCReflexive	0.111111111111	RCInterrogative	0.111111111111	RCAttributive	0.111111111111	NoPlacement	1.0	Perfective	0.5	Imperfective	0.5	NotDefaultFiller	1.0	Feminine	0.25	Common	0.25	Masculine	0.25	Neuter	0.25	NoLeftmostPlacement	1.0	UnIterat	0.5	Iterat	0.5	NoRightmostPlacement	1.0	NotLeftConjunct	1.0	PersonFirst	0.25	PersonThird	0.25	PersonSecond	0.25	PersonZero	0.25	Active	0.333333333333	Passive	0.333333333333	VoiceSya	0.333333333333	VerbTransitive	0.25	VerbIntransitive	0.25	VerbIntransitiveSpecial	0.25	VerbTransitiveSpecial	0.25	NotRightConjunct	1.0	Plural_consonant	0.111111111111	Genitive_Locative_u	0.111111111111	Locative_u	0.111111111111	NoSpecialCaseForm	0.111111111111	SpecialVocative	0.111111111111	GenitivePlural_Zero	0.111111111111	SpecialPlual	0.111111111111	NominativePlural_a	0.111111111111	Genitive_u	0.111111111111	NoContrast	1.0	NormalCapitalization	1.0	V_Prefixoid	0.0416666666667	POL_Prefixoid	0.0416666666667	PO_Prefixoid	0.0416666666667	Letter_Prefixoid	0.0416666666667	InternMod_Prefixoid	0.0416666666667	Chem_Prefixoid	0.0416666666667	BES_Prefixoid	0.0416666666667	Chemical_Possible	0.0416666666667	VPOL_Prefixoid	0.0416666666667	Eval_Prefixoid	0.0416666666667	InternModEr_Prefixoid	0.0416666666667	Rus_Prefixoid	0.0416666666667	Intern_ReducedPrefixoid	0.0416666666667	NI_Prefixoid	0.0416666666667	Reduced_Prefixoid	0.0416666666667	NAI_Prefixoid	0.0416666666667	Intern_Prefixoid	0.0416666666667	BEZer_Prefixoid	0.0416666666667	InternHy_Prefixoid	0.0416666666667	KOE_Prefixoid	0.0416666666667	ProperNamePrefixoid	0.0416666666667	RusHy_Prefixoid	0.0416666666667	BEZ_Prefixoid	0.0416666666667	NE_Prefixoid	0.0416666666667	ParticipleShortForm	0.5	ParticipleFullForm	0.5	Plural	1.0	Four	0.2	SevenEight	0.2	Two	0.2	Three	0.2	FiveAndMore	0.2	AdjectiveFullForm	1.0	NounProperNameDimin	0.111111111111	NounProperName	0.111111111111	NounProperGeneral	0.111111111111	NounProperTown	0.111111111111	NounProperSurNameFlective	0.111111111111	NounProperPatronymic	0.111111111111	AdjectiveProper	0.111111111111	AbbrProperGeneral	0.111111111111	NounProperSurNameForeign	0.111111111111	NormalNumberParadigm	1.0	FullRealization	1.0
69	55	выборах	выборах	488112	488111	Inanimate	1.0	NonReflexive	0.25	ImperfectiveReflexivity	0.25	Reflexive	0.25	FullReflexivity	0.25	NormalMorphForm	1.0	DefectOne	0.2	DefectFour	0.2	Byt	0.2	DefectThree	0.2	DefectTwo	0.2	GTNoun	1.0	NotEllipted	1.0	VocalForm	0.5	NForm	0.5	NotControlled	1.0	ZeroTypeOfCoordination	1.0	NoCompositeness	1.0	DegreeComparative	0.333333333333	DegreeSuperlative	0.333333333333	DegreePositive	0.333333333333	Adverb_With_Hyphen	0.5	Adverb_Un_Hyphen	0.5	DeclensionNominal	1.0	Un_Comp_Suf	1.0	BiAspectual	0.333333333333	MonoAspectual	0.333333333333	Paired	0.333333333333	NoSynthComparative	0.25	FullSynthComparison	0.25	OnlySuperlative	0.25	NoSynthSuperlative	0.25	MTwo	0.333333333333	MOne	0.333333333333	MThree	0.333333333333	NormalClassifyingCapitalization	1.0	Past	0.333333333333	Future	0.333333333333	Present	0.333333333333	Noun	1.0	ZeroDoubleConjunct	1.0	NotCommonChild	1.0	Prepositional	0.5	Locative	0.5	RCDemonstrative	0.111111111111	RCNegative	0.111111111111	RCNoun	0.111111111111	RCPossessive	0.111111111111	RCIndefinite	0.111111111111	RCPersonal	0.111111111111	RCReflexive	0.111111111111	RCInterrogative	0.111111111111	RCAttributive	0.111111111111	NoPlacement	1.0	Perfective	0.5	Imperfective	0.5	NotDefaultFiller	1.0	Feminine	0.125	Common	0.125	Masculine	0.625	Neuter	0.125	NoLeftmostPlacement	1.0	UnIterat	0.5	Iterat	0.5	NoRightmostPlacement	1.0	NotLeftConjunct	1.0	PersonFirst	0.25	PersonThird	0.25	PersonSecond	0.25	PersonZero	0.25	Active	0.333333333333	Passive	0.333333333333	VoiceSya	0.333333333333	VerbTransitive	0.25	VerbIntransitive	0.25	VerbIntransitiveSpecial	0.25	VerbTransitiveSpecial	0.25	NotRightConjunct	1.0	NoSpecialCaseForm	1.0	NoContrast	1.0	NormalCapitalization	1.0	V_Prefixoid	0.0416666666667	POL_Prefixoid	0.0416666666667	PO_Prefixoid	0.0416666666667	Letter_Prefixoid	0.0416666666667	InternMod_Prefixoid	0.0416666666667	Chem_Prefixoid	0.0416666666667	BES_Prefixoid	0.0416666666667	Chemical_Possible	0.0416666666667	VPOL_Prefixoid	0.0416666666667	Eval_Prefixoid	0.0416666666667	InternModEr_Prefixoid	0.0416666666667	Rus_Prefixoid	0.0416666666667	Intern_ReducedPrefixoid	0.0416666666667	NI_Prefixoid	0.0416666666667	Reduced_Prefixoid	0.0416666666667	NAI_Prefixoid	0.0416666666667	Intern_Prefixoid	0.0416666666667	BEZer_Prefixoid	0.0416666666667	InternHy_Prefixoid	0.0416666666667	KOE_Prefixoid	0.0416666666667	ProperNamePrefixoid	0.0416666666667	RusHy_Prefixoid	0.0416666666667	BEZ_Prefixoid	0.0416666666667	NE_Prefixoid	0.0416666666667	ParticipleShortForm	0.5	ParticipleFullForm	0.5	Plural	1.0	Four	0.2	SevenEight	0.2	Two	0.2	Three	0.2	FiveAndMore	0.2	AdjectiveFullForm	0.333333333333	AdjectiveShortFlectional	0.333333333333	AdjectiveShortForm	0.333333333333	NounProperNameDimin	0.111111111111	NounProperName	0.111111111111	NounProperGeneral	0.111111111111	NounProperTown	0.111111111111	NounProperSurNameFlective	0.111111111111	NounProperPatronymic	0.111111111111	AdjectiveProper	0.111111111111	AbbrProperGeneral	0.111111111111	NounProperSurNameForeign	0.111111111111	NormalNumberParadigm	0.5	PluraliaTantum	0.5	FullRealization	1.0
69	64	9	9	488116	488115	ZeroTypeOfCoordination	1.0	NoPlacement	1.0	NormalCapitalization	1.0	NotDefaultFiller	1.0	NoContrast	1.0	NoLeftmostPlacement	1.0	FullRealization	1.0	NoRightmostPlacement	1.0	NormalNumberParadigm	1.0	NotLeftConjunct	1.0	NormalClassifyingCapitalization	1.0	ZeroDoubleConjunct	1.0	NotCommonChild	1.0	NotEllipted	1.0	NormalMorphForm	1.0	NotControlled	1.0	NotRightConjunct	1.0
69	66	октября	октября	488117	488116	Inanimate	1.0	NonReflexive	0.25	ImperfectiveReflexivity	0.25	Reflexive	0.25	FullReflexivity	0.25	NormalMorphForm	1.0	DefectOne	0.2	DefectFour	0.2	Byt	0.2	DefectThree	0.2	DefectTwo	0.2	GTNoun	1.0	NotEllipted	1.0	VocalForm	0.5	NForm	0.5	NotControlled	1.0	ZeroTypeOfCoordination	1.0	NoCompositeness	1.0	DegreeComparative	0.333333333333	DegreeSuperlative	0.333333333333	DegreePositive	0.333333333333	Adverb_With_Hyphen	0.5	Adverb_Un_Hyphen	0.5	DeclensionNominal	1.0	Un_Comp_Suf	1.0	BiAspectual	0.333333333333	MonoAspectual	0.333333333333	Paired	0.333333333333	NoSynthComparative	0.25	FullSynthComparison	0.25	OnlySuperlative	0.25	NoSynthSuperlative	0.25	MTwo	0.333333333333	MOne	0.333333333333	MThree	0.333333333333	NormalClassifyingCapitalization	1.0	Past	0.333333333333	Future	0.333333333333	Present	0.333333333333	Noun	1.0	ZeroDoubleConjunct	1.0	NotCommonChild	1.0	Genitive	0.5	Partitive	0.5	RCDemonstrative	0.111111111111	RCNegative	0.111111111111	RCNoun	0.111111111111	RCPossessive	0.111111111111	RCIndefinite	0.111111111111	RCPersonal	0.111111111111	RCReflexive	0.111111111111	RCInterrogative	0.111111111111	RCAttributive	0.111111111111	NoPlacement	1.0	Perfective	0.5	Imperfective	0.5	NotDefaultFiller	1.0	Masculine	1.0	NoLeftmostPlacement	1.0	UnIterat	0.5	Iterat	0.5	NoRightmostPlacement	1.0	NotLeftConjunct	1.0	PersonFirst	0.25	PersonThird	0.25	PersonSecond	0.25	PersonZero	0.25	Active	0.333333333333	Passive	0.333333333333	VoiceSya	0.333333333333	VerbTransitive	0.25	VerbIntransitive	0.25	VerbIntransitiveSpecial	0.25	VerbTransitiveSpecial	0.25	NotRightConjunct	1.0	NoSpecialCaseForm	1.0	NoContrast	1.0	NormalCapitalization	1.0	V_Prefixoid	0.0416666666667	POL_Prefixoid	0.0416666666667	PO_Prefixoid	0.0416666666667	Letter_Prefixoid	0.0416666666667	InternMod_Prefixoid	0.0416666666667	Chem_Prefixoid	0.0416666666667	BES_Prefixoid	0.0416666666667	Chemical_Possible	0.0416666666667	VPOL_Prefixoid	0.0416666666667	Eval_Prefixoid	0.0416666666667	InternModEr_Prefixoid	0.0416666666667	Rus_Prefixoid	0.0416666666667	Intern_ReducedPrefixoid	0.0416666666667	NI_Prefixoid	0.0416666666667	Reduced_Prefixoid	0.0416666666667	NAI_Prefixoid	0.0416666666667	Intern_Prefixoid	0.0416666666667	BEZer_Prefixoid	0.0416666666667	InternHy_Prefixoid	0.0416666666667	KOE_Prefixoid	0.0416666666667	ProperNamePrefixoid	0.0416666666667	RusHy_Prefixoid	0.0416666666667	BEZ_Prefixoid	0.0416666666667	NE_Prefixoid	0.0416666666667	ParticipleShortForm	0.5	ParticipleFullForm	0.5	Singular	1.0	Four	0.2	SevenEight	0.2	Two	0.2	Three	0.2	FiveAndMore	0.2	AdjectiveFullForm	0.333333333333	AdjectiveShortFlectional	0.333333333333	AdjectiveShortForm	0.333333333333	NounProperNameDimin	0.111111111111	NounProperName	0.111111111111	NounProperGeneral	0.111111111111	NounProperTown	0.111111111111	NounProperSurNameFlective	0.111111111111	NounProperPatronymic	0.111111111111	AdjectiveProper	0.111111111111	AbbrProperGeneral	0.111111111111	NounProperSurNameForeign	0.111111111111	NormalNumberParadigm	1.0	FullRealization	1.0
69	74	в	в	488119	488118	Animate	0.25	Inanimate	0.75	NonReflexive	0.25	ImperfectiveReflexivity	0.25	Reflexive	0.25	FullReflexivity	0.25	NormalMorphForm	1.0	DefectOne	0.2	DefectFour	0.2	Byt	0.2	DefectThree	0.2	DefectTwo	0.2	GTInvariable	0.5	GTNoun	0.5	NotEllipted	1.0	VocalForm	0.5	NForm	0.5	NotControlled	1.0	ZeroTypeOfCoordination	1.0	Composite_ComplexNumeral	0.0357142857143	Composite_cko	0.0357142857143	NoCompositeness	0.535714285714	Composite_cki	0.0357142857143	Composite_o	0.0357142857143	Composite_NumeralFull	0.0357142857143	Composite_NumeralShort	0.0357142857143	Composite_null	0.0357142857143	Composite_iko	0.0357142857143	Composite_sko	0.0357142857143	Composite_e	0.0357142857143	Composite_Numeral	0.0357142857143	Composite_usek	0.0357142857143	Composite_ski	0.0357142857143	DegreeComparative	0.333333333333	DegreeSuperlative	0.333333333333	DegreePositive	0.333333333333	Adverb_With_Hyphen	0.5	Adverb_Un_Hyphen	0.5	DeclensionMixed	0.125	DeclensionAdjectival	0.125	DeclensionNominal	0.125	Indeclinable	0.625	Comp_PunctuatorPref	0.03125	Comp_Suffixoid_Num_IJ	0.03125	Comp_PunctuatorPostSeparable	0.53125	Un_Comp_Suf	0.03125	Comp_SuffixoidAbbr	0.03125	Comp_Noun	0.03125	Comp_Suffixoid_Num_J	0.03125	Comp_PunctuatorPost	0.03125	Comp_PunctuatorPrefSeparable	0.03125	Comp_Suffixoid_Num_OJ	0.03125	Comp_Prefixoid	0.03125	Comp_Suffixoid	0.03125	Comp_Suffixoid_Chem	0.03125	Comp_Suffixoid_Num_PercentYJ	0.03125	Comp_Suffixoid_Num_YJ	0.03125	Comp_Adj	0.03125	BiAspectual	0.333333333333	MonoAspectual	0.333333333333	Paired	0.333333333333	NoSynthComparative	0.25	FullSynthComparison	0.25	OnlySuperlative	0.25	NoSynthSuperlative	0.25	MTwo	0.333333333333	MOne	0.333333333333	MThree	0.333333333333	NormalClassifyingCapitalization	1.0	Past	0.333333333333	Future	0.333333333333	Present	0.333333333333	Preposition	0.5	Noun	0.5	ZeroDoubleConjunct	1.0	NotCommonChild	1.0	Accusative	0.107954545455	Prepositional	0.107954545455	Instrumental	0.107954545455	Dative	0.107954545455	ZeroCase	0.0454545454545	Locative	0.107954545455	Genitive	0.107954545455	Partitive	0.107954545455	Nominative	0.107954545455	DativeSpecial	0.0454545454545	Vocative	0.0454545454545	RCDemonstrative	0.111111111111	RCNegative	0.111111111111	RCNoun	0.111111111111	RCPossessive	0.111111111111	RCIndefinite	0.111111111111	RCPersonal	0.111111111111	RCReflexive	0.111111111111	RCInterrogative	0.111111111111	RCAttributive	0.111111111111	NoPlacement	1.0	Perfective	0.5	Imperfective	0.5	NotDefaultFiller	1.0	Feminine	0.125	Common	0.125	Masculine	0.625	Neuter	0.125	NoLeftmostPlacement	1.0	UnIterat	0.5	Iterat	0.5	NoRightmostPlacement	1.0	NotLeftConjunct	1.0	PersonFirst	0.25	PersonThird	0.25	PersonSecond	0.25	PersonZero	0.25	Active	0.333333333333	Passive	0.333333333333	VoiceSya	0.333333333333	VerbTransitive	0.25	VerbIntransitive	0.25	VerbIntransitiveSpecial	0.25	VerbTransitiveSpecial	0.25	NotRightConjunct	1.0	Plural_consonant	0.111111111111	Genitive_Locative_u	0.111111111111	Locative_u	0.111111111111	NoSpecialCaseForm	0.111111111111	SpecialVocative	0.111111111111	GenitivePlural_Zero	0.111111111111	SpecialPlual	0.111111111111	NominativePlural_a	0.111111111111	Genitive_u	0.111111111111	NoContrast	1.0	NormalCapitalization	1.0	V_Prefixoid	0.0416666666667	POL_Prefixoid	0.0416666666667	PO_Prefixoid	0.0416666666667	Letter_Prefixoid	0.0416666666667	InternMod_Prefixoid	0.0416666666667	Chem_Prefixoid	0.0416666666667	BES_Prefixoid	0.0416666666667	Chemical_Possible	0.0416666666667	VPOL_Prefixoid	0.0416666666667	Eval_Prefixoid	0.0416666666667	InternModEr_Prefixoid	0.0416666666667	Rus_Prefixoid	0.0416666666667	Intern_ReducedPrefixoid	0.0416666666667	NI_Prefixoid	0.0416666666667	Reduced_Prefixoid	0.0416666666667	NAI_Prefixoid	0.0416666666667	Intern_Prefixoid	0.0416666666667	BEZer_Prefixoid	0.0416666666667	InternHy_Prefixoid	0.0416666666667	KOE_Prefixoid	0.0416666666667	ProperNamePrefixoid	0.0416666666667	RusHy_Prefixoid	0.0416666666667	BEZ_Prefixoid	0.0416666666667	NE_Prefixoid	0.0416666666667	ParticipleShortForm	0.5	ParticipleFullForm	0.5	Plural	0.5	Singular	0.5	Four	0.2	SevenEight	0.2	Two	0.2	Three	0.2	FiveAndMore	0.2	AdjectiveFullForm	0.333333333333	AdjectiveShortFlectional	0.333333333333	AdjectiveShortForm	0.333333333333	NounProperNameDimin	0.111111111111	NounProperName	0.111111111111	NounProperGeneral	0.111111111111	NounProperTown	0.111111111111	NounProperSurNameFlective	0.111111111111	NounProperPatronymic	0.111111111111	AdjectiveProper	0.111111111111	AbbrProperGeneral	0.111111111111	NounProperSurNameForeign	0.111111111111	NormalNumberParadigm	1.0	FullRealization	1.0
69	76	первом	первом	488120	488118	Animate	0.5	Inanimate	0.5	NonReflexive	0.25	ImperfectiveReflexivity	0.25	Reflexive	0.25	FullReflexivity	0.25	NormalMorphForm	1.0	DefectOne	0.2	DefectFour	0.2	Byt	0.2	DefectThree	0.2	DefectTwo	0.2	GTAdjectiveAttributive	1.0	NotEllipted	1.0	VocalForm	0.5	NForm	0.5	NotControlled	1.0	ZeroTypeOfCoordination	1.0	Composite_ComplexNumeral	0.0714285714286	Composite_cko	0.0714285714286	NoCompositeness	0.0714285714286	Composite_cki	0.0714285714286	Composite_o	0.0714285714286	Composite_NumeralFull	0.0714285714286	Composite_NumeralShort	0.0714285714286	Composite_null	0.0714285714286	Composite_iko	0.0714285714286	Composite_sko	0.0714285714286	Composite_e	0.0714285714286	Composite_Numeral	0.0714285714286	Composite_usek	0.0714285714286	Composite_ski	0.0714285714286	DegreeComparative	0.333333333333	DegreeSuperlative	0.333333333333	DegreePositive	0.333333333333	Adverb_With_Hyphen	0.5	Adverb_Un_Hyphen	0.5	DeclensionMixed	0.25	DeclensionAdjectival	0.25	DeclensionNominal	0.25	Indeclinable	0.25	Comp_PunctuatorPref	0.0625	Comp_Suffixoid_Num_IJ	0.0625	Comp_PunctuatorPostSeparable	0.0625	Un_Comp_Suf	0.0625	Comp_SuffixoidAbbr	0.0625	Comp_Noun	0.0625	Comp_Suffixoid_Num_J	0.0625	Comp_PunctuatorPost	0.0625	Comp_PunctuatorPrefSeparable	0.0625	Comp_Suffixoid_Num_OJ	0.0625	Comp_Prefixoid	0.0625	Comp_Suffixoid	0.0625	Comp_Suffixoid_Chem	0.0625	Comp_Suffixoid_Num_PercentYJ	0.0625	Comp_Suffixoid_Num_YJ	0.0625	Comp_Adj	0.0625	BiAspectual	0.333333333333	MonoAspectual	0.333333333333	Paired	0.333333333333	NoSynthComparative	0.25	FullSynthComparison	0.25	OnlySuperlative	0.25	NoSynthSuperlative	0.25	MTwo	0.333333333333	MOne	0.333333333333	MThree	0.333333333333	NormalClassifyingCapitalization	1.0	Past	0.333333333333	Future	0.333333333333	Present	0.333333333333	Numeral	1.0	ZeroDoubleConjunct	1.0	NotCommonChild	1.0	Prepositional	0.5	Locative	0.5	RCDemonstrative	0.111111111111	RCNegative	0.111111111111	RCNoun	0.111111111111	RCPossessive	0.111111111111	RCIndefinite	0.111111111111	RCPersonal	0.111111111111	RCReflexive	0.111111111111	RCInterrogative	0.111111111111	RCAttributive	0.111111111111	NoPlacement	1.0	Perfective	0.5	Imperfective	0.5	NotDefaultFiller	1.0	Masculine	0.5	Neuter	0.5	NoLeftmostPlacement	1.0	UnIterat	0.5	Iterat	0.5	NoRightmostPlacement	1.0	NotLeftConjunct	1.0	PersonFirst	0.25	PersonThird	0.25	PersonSecond	0.25	PersonZero	0.25	Active	0.333333333333	Passive	0.333333333333	VoiceSya	0.333333333333	VerbTransitive	0.25	VerbIntransitive	0.25	VerbIntransitiveSpecial	0.25	VerbTransitiveSpecial	0.25	NotRightConjunct	1.0	Plural_consonant	0.111111111111	Genitive_Locative_u	0.111111111111	Locative_u	0.111111111111	NoSpecialCaseForm	0.111111111111	SpecialVocative	0.111111111111	GenitivePlural_Zero	0.111111111111	SpecialPlual	0.111111111111	NominativePlural_a	0.111111111111	Genitive_u	0.111111111111	NoContrast	1.0	NormalCapitalization	1.0	V_Prefixoid	0.0416666666667	POL_Prefixoid	0.0416666666667	PO_Prefixoid	0.0416666666667	Letter_Prefixoid	0.0416666666667	InternMod_Prefixoid	0.0416666666667	Chem_Prefixoid	0.0416666666667	BES_Prefixoid	0.0416666666667	Chemical_Possible	0.0416666666667	VPOL_Prefixoid	0.0416666666667	Eval_Prefixoid	0.0416666666667	InternModEr_Prefixoid	0.0416666666667	Rus_Prefixoid	0.0416666666667	Intern_ReducedPrefixoid	0.0416666666667	NI_Prefixoid	0.0416666666667	Reduced_Prefixoid	0.0416666666667	NAI_Prefixoid	0.0416666666667	Intern_Prefixoid	0.0416666666667	BEZer_Prefixoid	0.0416666666667	InternHy_Prefixoid	0.0416666666667	KOE_Prefixoid	0.0416666666667	ProperNamePrefixoid	0.0416666666667	RusHy_Prefixoid	0.0416666666667	BEZ_Prefixoid	0.0416666666667	NE_Prefixoid	0.0416666666667	ParticipleShortForm	0.5	ParticipleFullForm	0.5	Singular	1.0	Four	0.2	SevenEight	0.2	Two	0.2	Three	0.2	FiveAndMore	0.2	AdjectiveFullForm	0.333333333333	AdjectiveShortFlectional	0.333333333333	AdjectiveShortForm	0.333333333333	NounProperNameDimin	0.111111111111	NounProperName	0.111111111111	NounProperGeneral	0.111111111111	NounProperTown	0.111111111111	NounProperSurNameFlective	0.111111111111	NounProperPatronymic	0.111111111111	AdjectiveProper	0.111111111111	AbbrProperGeneral	0.111111111111	NounProperSurNameForeign	0.111111111111	NormalNumberParadigm	1.0	FullRealization	1.0
69	83	туре	туре	488118	488115	Animate	0.5	Inanimate	0.5	NonReflexive	0.25	ImperfectiveReflexivity	0.25	Reflexive	0.25	FullReflexivity	0.25	NormalMorphForm	1.0	DefectOne	0.2	DefectFour	0.2	Byt	0.2	DefectThree	0.2	DefectTwo	0.2	GTNoun	1.0	NotEllipted	1.0	VocalForm	0.5	NForm	0.5	NotControlled	1.0	ZeroTypeOfCoordination	1.0	NoCompositeness	1.0	DegreeComparative	0.333333333333	DegreeSuperlative	0.333333333333	DegreePositive	0.333333333333	Adverb_With_Hyphen	0.5	Adverb_Un_Hyphen	0.5	DeclensionNominal	1.0	Un_Comp_Suf	1.0	BiAspectual	0.333333333333	MonoAspectual	0.333333333333	Paired	0.333333333333	NoSynthComparative	0.25	FullSynthComparison	0.25	OnlySuperlative	0.25	NoSynthSuperlative	0.25	MTwo	0.333333333333	MOne	0.333333333333	MThree	0.333333333333	NormalClassifyingCapitalization	1.0	Past	0.333333333333	Future	0.333333333333	Present	0.333333333333	Noun	1.0	ZeroDoubleConjunct	1.0	NotCommonChild	1.0	Prepositional	0.5	Locative	0.5	RCDemonstrative	0.111111111111	RCNegative	0.111111111111	RCNoun	0.111111111111	RCPossessive	0.111111111111	RCIndefinite	0.111111111111	RCPersonal	0.111111111111	RCReflexive	0.111111111111	RCInterrogative	0.111111111111	RCAttributive	0.111111111111	NoPlacement	1.0	Perfective	0.5	Imperfective	0.5	NotDefaultFiller	1.0	Masculine	1.0	NoLeftmostPlacement	1.0	UnIterat	0.5	Iterat	0.5	NoRightmostPlacement	1.0	NotLeftConjunct	1.0	PersonFirst	0.25	PersonThird	0.25	PersonSecond	0.25	PersonZero	0.25	Active	0.333333333333	Passive	0.333333333333	VoiceSya	0.333333333333	VerbTransitive	0.25	VerbIntransitive	0.25	VerbIntransitiveSpecial	0.25	VerbTransitiveSpecial	0.25	NotRightConjunct	1.0	NoSpecialCaseForm	1.0	NoContrast	1.0	NormalCapitalization	1.0	V_Prefixoid	0.0416666666667	POL_Prefixoid	0.0416666666667	PO_Prefixoid	0.0416666666667	Letter_Prefixoid	0.0416666666667	InternMod_Prefixoid	0.0416666666667	Chem_Prefixoid	0.0416666666667	BES_Prefixoid	0.0416666666667	Chemical_Possible	0.0416666666667	VPOL_Prefixoid	0.0416666666667	Eval_Prefixoid	0.0416666666667	InternModEr_Prefixoid	0.0416666666667	Rus_Prefixoid	0.0416666666667	Intern_ReducedPrefixoid	0.0416666666667	NI_Prefixoid	0.0416666666667	Reduced_Prefixoid	0.0416666666667	NAI_Prefixoid	0.0416666666667	Intern_Prefixoid	0.0416666666667	BEZer_Prefixoid	0.0416666666667	InternHy_Prefixoid	0.0416666666667	KOE_Prefixoid	0.0416666666667	ProperNamePrefixoid	0.0416666666667	RusHy_Prefixoid	0.0416666666667	BEZ_Prefixoid	0.0416666666667	NE_Prefixoid	0.0416666666667	ParticipleShortForm	0.5	ParticipleFullForm	0.5	Singular	1.0	Four	0.2	SevenEight	0.2	Two	0.2	Three	0.2	FiveAndMore	0.2	AdjectiveFullForm	0.333333333333	AdjectiveShortFlectional	0.333333333333	AdjectiveShortForm	0.333333333333	NounProperNameDimin	0.111111111111	NounProperName	0.111111111111	NounProperGeneral	0.111111111111	NounProperTown	0.111111111111	NounProperSurNameFlective	0.111111111111	NounProperPatronymic	0.111111111111	AdjectiveProper	0.111111111111	AbbrProperGeneral	0.111111111111	NounProperSurNameForeign	0.111111111111	NormalNumberParadigm	1.0	FullRealization	1.0
69	88	он	он	488121	488115	Animate	0.5	Inanimate	0.5	NonReflexive	0.25	ImperfectiveReflexivity	0.25	Reflexive	0.25	FullReflexivity	0.25	NormalMorphForm	1.0	DefectOne	0.2	DefectFour	0.2	Byt	0.2	DefectThree	0.2	DefectTwo	0.2	GTNoun	1.0	NotEllipted	1.0	VocalForm	0.5	NForm	0.5	NotControlled	1.0	ZeroTypeOfCoordination	1.0	Composite_ComplexNumeral	0.0714285714286	Composite_cko	0.0714285714286	NoCompositeness	0.0714285714286	Composite_cki	0.0714285714286	Composite_o	0.0714285714286	Composite_NumeralFull	0.0714285714286	Composite_NumeralShort	0.0714285714286	Composite_null	0.0714285714286	Composite_iko	0.0714285714286	Composite_sko	0.0714285714286	Composite_e	0.0714285714286	Composite_Numeral	0.0714285714286	Composite_usek	0.0714285714286	Composite_ski	0.0714285714286	DegreeComparative	0.333333333333	DegreeSuperlative	0.333333333333	DegreePositive	0.333333333333	Adverb_With_Hyphen	0.5	Adverb_Un_Hyphen	0.5	DeclensionMixed	0.25	DeclensionAdjectival	0.25	DeclensionNominal	0.25	Indeclinable	0.25	Comp_PunctuatorPref	0.0625	Comp_Suffixoid_Num_IJ	0.0625	Comp_PunctuatorPostSeparable	0.0625	Un_Comp_Suf	0.0625	Comp_SuffixoidAbbr	0.0625	Comp_Noun	0.0625	Comp_Suffixoid_Num_J	0.0625	Comp_PunctuatorPost	0.0625	Comp_PunctuatorPrefSeparable	0.0625	Comp_Suffixoid_Num_OJ	0.0625	Comp_Prefixoid	0.0625	Comp_Suffixoid	0.0625	Comp_Suffixoid_Chem	0.0625	Comp_Suffixoid_Num_PercentYJ	0.0625	Comp_Suffixoid_Num_YJ	0.0625	Comp_Adj	0.0625	BiAspectual	0.333333333333	MonoAspectual	0.333333333333	Paired	0.333333333333	NoSynthComparative	0.25	FullSynthComparison	0.25	OnlySuperlative	0.25	NoSynthSuperlative	0.25	MTwo	0.333333333333	MOne	0.333333333333	MThree	0.333333333333	NormalClassifyingCapitalization	1.0	Past	0.333333333333	Future	0.333333333333	Present	0.333333333333	Pronoun	1.0	ZeroDoubleConjunct	1.0	NotCommonChild	1.0	Nominative	1.0	RCPersonal	1.0	NoPlacement	1.0	Perfective	0.5	Imperfective	0.5	NotDefaultFiller	1.0	Masculine	1.0	NoLeftmostPlacement	1.0	UnIterat	0.5	Iterat	0.5	NoRightmostPlacement	1.0	NotLeftConjunct	1.0	PersonThird	1.0	Active	0.333333333333	Passive	0.333333333333	VoiceSya	0.333333333333	VerbTransitive	0.25	VerbIntransitive	0.25	VerbIntransitiveSpecial	0.25	VerbTransitiveSpecial	0.25	NotRightConjunct	1.0	Plural_consonant	0.111111111111	Genitive_Locative_u	0.111111111111	Locative_u	0.111111111111	NoSpecialCaseForm	0.111111111111	SpecialVocative	0.111111111111	GenitivePlural_Zero	0.111111111111	SpecialPlual	0.111111111111	NominativePlural_a	0.111111111111	Genitive_u	0.111111111111	NoContrast	1.0	NormalCapitalization	1.0	V_Prefixoid	0.0416666666667	POL_Prefixoid	0.0416666666667	PO_Prefixoid	0.0416666666667	Letter_Prefixoid	0.0416666666667	InternMod_Prefixoid	0.0416666666667	Chem_Prefixoid	0.0416666666667	BES_Prefixoid	0.0416666666667	Chemical_Possible	0.0416666666667	VPOL_Prefixoid	0.0416666666667	Eval_Prefixoid	0.0416666666667	InternModEr_Prefixoid	0.0416666666667	Rus_Prefixoid	0.0416666666667	Intern_ReducedPrefixoid	0.0416666666667	NI_Prefixoid	0.0416666666667	Reduced_Prefixoid	0.0416666666667	NAI_Prefixoid	0.0416666666667	Intern_Prefixoid	0.0416666666667	BEZer_Prefixoid	0.0416666666667	InternHy_Prefixoid	0.0416666666667	KOE_Prefixoid	0.0416666666667	ProperNamePrefixoid	0.0416666666667	RusHy_Prefixoid	0.0416666666667	BEZ_Prefixoid	0.0416666666667	NE_Prefixoid	0.0416666666667	ParticipleShortForm	0.5	ParticipleFullForm	0.5	Singular	1.0	Four	0.2	SevenEight	0.2	Two	0.2	Three	0.2	FiveAndMore	0.2	AdjectiveFullForm	0.333333333333	AdjectiveShortFlectional	0.333333333333	AdjectiveShortForm	0.333333333333	NounProperNameDimin	0.111111111111	NounProperName	0.111111111111	NounProperGeneral	0.111111111111	NounProperTown	0.111111111111	NounProperSurNameFlective	0.111111111111	NounProperPatronymic	0.111111111111	AdjectiveProper	0.111111111111	AbbrProperGeneral	0.111111111111	NounProperSurNameForeign	0.111111111111	NormalNumberParadigm	1.0	FullRealization	1.0
69	91	занял	занял	488115	488104	Animate	0.5	Inanimate	0.5	ImperfectiveReflexivity	1.0	NormalMorphForm	1.0	DefectOne	0.2	DefectFour	0.2	Byt	0.2	DefectThree	0.2	DefectTwo	0.2	GTVerb	1.0	NotEllipted	1.0	VocalForm	0.5	NForm	0.5	NotControlled	1.0	ZeroTypeOfCoordination	1.0	Composite_ComplexNumeral	0.0714285714286	Composite_cko	0.0714285714286	NoCompositeness	0.0714285714286	Composite_cki	0.0714285714286	Composite_o	0.0714285714286	Composite_NumeralFull	0.0714285714286	Composite_NumeralShort	0.0714285714286	Composite_null	0.0714285714286	Composite_iko	0.0714285714286	Composite_sko	0.0714285714286	Composite_e	0.0714285714286	Composite_Numeral	0.0714285714286	Composite_usek	0.0714285714286	Composite_ski	0.0714285714286	DegreeComparative	0.333333333333	DegreeSuperlative	0.333333333333	DegreePositive	0.333333333333	Adverb_With_Hyphen	0.5	Adverb_Un_Hyphen	0.5	DeclensionMixed	0.25	DeclensionAdjectival	0.25	DeclensionNominal	0.25	Indeclinable	0.25	Comp_PunctuatorPref	0.0625	Comp_Suffixoid_Num_IJ	0.0625	Comp_PunctuatorPostSeparable	0.0625	Un_Comp_Suf	0.0625	Comp_SuffixoidAbbr	0.0625	Comp_Noun	0.0625	Comp_Suffixoid_Num_J	0.0625	Comp_PunctuatorPost	0.0625	Comp_PunctuatorPrefSeparable	0.0625	Comp_Suffixoid_Num_OJ	0.0625	Comp_Prefixoid	0.0625	Comp_Suffixoid	0.0625	Comp_Suffixoid_Chem	0.0625	Comp_Suffixoid_Num_PercentYJ	0.0625	Comp_Suffixoid_Num_YJ	0.0625	Comp_Adj	0.0625	Paired	1.0	NoSynthComparative	0.25	FullSynthComparison	0.25	OnlySuperlative	0.25	NoSynthSuperlative	0.25	MTwo	0.333333333333	MOne	0.333333333333	MThree	0.333333333333	NormalClassifyingCapitalization	1.0	Past	1.0	Verb	1.0	ZeroDoubleConjunct	1.0	NotCommonChild	1.0	Accusative	0.0909090909091	Prepositional	0.0909090909091	Instrumental	0.0909090909091	Dative	0.0909090909091	ZeroCase	0.0909090909091	Locative	0.0909090909091	Genitive	0.0909090909091	Partitive	0.0909090909091	Nominative	0.0909090909091	DativeSpecial	0.0909090909091	Vocative	0.0909090909091	RCDemonstrative	0.111111111111	RCNegative	0.111111111111	RCNoun	0.111111111111	RCPossessive	0.111111111111	RCIndefinite	0.111111111111	RCPersonal	0.111111111111	RCReflexive	0.111111111111	RCInterrogative	0.111111111111	RCAttributive	0.111111111111	NoPlacement	1.0	Perfective	1.0	NotDefaultFiller	1.0	Masculine	1.0	NoLeftmostPlacement	1.0	UnIterat	1.0	NoRightmostPlacement	1.0	NotLeftConjunct	1.0	PersonFirst	0.25	PersonThird	0.25	PersonSecond	0.25	PersonZero	0.25	Active	1.0	VerbTransitive	1.0	NotRightConjunct	1.0	Plural_consonant	0.111111111111	Genitive_Locative_u	0.111111111111	Locative_u	0.111111111111	NoSpecialCaseForm	0.111111111111	SpecialVocative	0.111111111111	GenitivePlural_Zero	0.111111111111	SpecialPlual	0.111111111111	NominativePlural_a	0.111111111111	Genitive_u	0.111111111111	NoContrast	1.0	NormalCapitalization	1.0	V_Prefixoid	0.0416666666667	POL_Prefixoid	0.0416666666667	PO_Prefixoid	0.0416666666667	Letter_Prefixoid	0.0416666666667	InternMod_Prefixoid	0.0416666666667	Chem_Prefixoid	0.0416666666667	BES_Prefixoid	0.0416666666667	Chemical_Possible	0.0416666666667	VPOL_Prefixoid	0.0416666666667	Eval_Prefixoid	0.0416666666667	InternModEr_Prefixoid	0.0416666666667	Rus_Prefixoid	0.0416666666667	Intern_ReducedPrefixoid	0.0416666666667	NI_Prefixoid	0.0416666666667	Reduced_Prefixoid	0.0416666666667	NAI_Prefixoid	0.0416666666667	Intern_Prefixoid	0.0416666666667	BEZer_Prefixoid	0.0416666666667	InternHy_Prefixoid	0.0416666666667	KOE_Prefixoid	0.0416666666667	ProperNamePrefixoid	0.0416666666667	RusHy_Prefixoid	0.0416666666667	BEZ_Prefixoid	0.0416666666667	NE_Prefixoid	0.0416666666667	ParticipleShortForm	0.5	ParticipleFullForm	0.5	Singular	1.0	Four	0.2	SevenEight	0.2	Two	0.2	Three	0.2	FiveAndMore	0.2	AdjectiveFullForm	0.333333333333	AdjectiveShortFlectional	0.333333333333	AdjectiveShortForm	0.333333333333	NounProperNameDimin	0.111111111111	NounProperName	0.111111111111	NounProperGeneral	0.111111111111	NounProperTown	0.111111111111	NounProperSurNameFlective	0.111111111111	NounProperPatronymic	0.111111111111	AdjectiveProper	0.111111111111	AbbrProperGeneral	0.111111111111	NounProperSurNameForeign	0.111111111111	NormalNumberParadigm	1.0	FullRealization	1.0
69	97	первое	первое	488123	488122	Animate	0.5	Inanimate	0.5	NonReflexive	0.25	ImperfectiveReflexivity	0.25	Reflexive	0.25	FullReflexivity	0.25	NormalMorphForm	1.0	DefectOne	0.2	DefectFour	0.2	Byt	0.2	DefectThree	0.2	DefectTwo	0.2	GTAdjectiveAttributive	1.0	NotEllipted	1.0	VocalForm	0.5	NForm	0.5	NotControlled	1.0	ZeroTypeOfCoordination	1.0	Composite_ComplexNumeral	0.0714285714286	Composite_cko	0.0714285714286	NoCompositeness	0.0714285714286	Composite_cki	0.0714285714286	Composite_o	0.0714285714286	Composite_NumeralFull	0.0714285714286	Composite_NumeralShort	0.0714285714286	Composite_null	0.0714285714286	Composite_iko	0.0714285714286	Composite_sko	0.0714285714286	Composite_e	0.0714285714286	Composite_Numeral	0.0714285714286	Composite_usek	0.0714285714286	Composite_ski	0.0714285714286	DegreeComparative	0.333333333333	DegreeSuperlative	0.333333333333	DegreePositive	0.333333333333	Adverb_With_Hyphen	0.5	Adverb_Un_Hyphen	0.5	DeclensionMixed	0.25	DeclensionAdjectival	0.25	DeclensionNominal	0.25	Indeclinable	0.25	Comp_PunctuatorPref	0.0625	Comp_Suffixoid_Num_IJ	0.0625	Comp_PunctuatorPostSeparable	0.0625	Un_Comp_Suf	0.0625	Comp_SuffixoidAbbr	0.0625	Comp_Noun	0.0625	Comp_Suffixoid_Num_J	0.0625	Comp_PunctuatorPost	0.0625	Comp_PunctuatorPrefSeparable	0.0625	Comp_Suffixoid_Num_OJ	0.0625	Comp_Prefixoid	0.0625	Comp_Suffixoid	0.0625	Comp_Suffixoid_Chem	0.0625	Comp_Suffixoid_Num_PercentYJ	0.0625	Comp_Suffixoid_Num_YJ	0.0625	Comp_Adj	0.0625	BiAspectual	0.333333333333	MonoAspectual	0.333333333333	Paired	0.333333333333	NoSynthComparative	0.25	FullSynthComparison	0.25	OnlySuperlative	0.25	NoSynthSuperlative	0.25	MTwo	0.333333333333	MOne	0.333333333333	MThree	0.333333333333	NormalClassifyingCapitalization	1.0	Past	0.333333333333	Future	0.333333333333	Present	0.333333333333	Numeral	1.0	ZeroDoubleConjunct	1.0	NotCommonChild	1.0	Accusative	0.5	Nominative	0.5	RCDemonstrative	0.111111111111	RCNegative	0.111111111111	RCNoun	0.111111111111	RCPossessive	0.111111111111	RCIndefinite	0.111111111111	RCPersonal	0.111111111111	RCReflexive	0.111111111111	RCInterrogative	0.111111111111	RCAttributive	0.111111111111	NoPlacement	1.0	Perfective	0.5	Imperfective	0.5	NotDefaultFiller	1.0	Neuter	1.0	NoLeftmostPlacement	1.0	UnIterat	0.5	Iterat	0.5	NoRightmostPlacement	1.0	NotLeftConjunct	1.0	PersonFirst	0.25	PersonThird	0.25	PersonSecond	0.25	PersonZero	0.25	Active	0.333333333333	Passive	0.333333333333	VoiceSya	0.333333333333	VerbTransitive	0.25	VerbIntransitive	0.25	VerbIntransitiveSpecial	0.25	VerbTransitiveSpecial	0.25	NotRightConjunct	1.0	Plural_consonant	0.111111111111	Genitive_Locative_u	0.111111111111	Locative_u	0.111111111111	NoSpecialCaseForm	0.111111111111	SpecialVocative	0.111111111111	GenitivePlural_Zero	0.111111111111	SpecialPlual	0.111111111111	NominativePlural_a	0.111111111111	Genitive_u	0.111111111111	NoContrast	1.0	NormalCapitalization	1.0	V_Prefixoid	0.0416666666667	POL_Prefixoid	0.0416666666667	PO_Prefixoid	0.0416666666667	Letter_Prefixoid	0.0416666666667	InternMod_Prefixoid	0.0416666666667	Chem_Prefixoid	0.0416666666667	BES_Prefixoid	0.0416666666667	Chemical_Possible	0.0416666666667	VPOL_Prefixoid	0.0416666666667	Eval_Prefixoid	0.0416666666667	InternModEr_Prefixoid	0.0416666666667	Rus_Prefixoid	0.0416666666667	Intern_ReducedPrefixoid	0.0416666666667	NI_Prefixoid	0.0416666666667	Reduced_Prefixoid	0.0416666666667	NAI_Prefixoid	0.0416666666667	Intern_Prefixoid	0.0416666666667	BEZer_Prefixoid	0.0416666666667	InternHy_Prefixoid	0.0416666666667	KOE_Prefixoid	0.0416666666667	ProperNamePrefixoid	0.0416666666667	RusHy_Prefixoid	0.0416666666667	BEZ_Prefixoid	0.0416666666667	NE_Prefixoid	0.0416666666667	ParticipleShortForm	0.5	ParticipleFullForm	0.5	Singular	1.0	Four	0.2	SevenEight	0.2	Two	0.2	Three	0.2	FiveAndMore	0.2	AdjectiveFullForm	0.333333333333	AdjectiveShortFlectional	0.333333333333	AdjectiveShortForm	0.333333333333	NounProperNameDimin	0.111111111111	NounProperName	0.111111111111	NounProperGeneral	0.111111111111	NounProperTown	0.111111111111	NounProperSurNameFlective	0.111111111111	NounProperPatronymic	0.111111111111	AdjectiveProper	0.111111111111	AbbrProperGeneral	0.111111111111	NounProperSurNameForeign	0.111111111111	NormalNumberParadigm	1.0	FullRealization	1.0
69	104	место	место	488122	488115	Inanimate	1.0	NonReflexive	0.25	ImperfectiveReflexivity	0.25	Reflexive	0.25	FullReflexivity	0.25	NormalMorphForm	1.0	DefectOne	0.2	DefectFour	0.2	Byt	0.2	DefectThree	0.2	DefectTwo	0.2	GTNoun	1.0	NotEllipted	1.0	VocalForm	0.5	NForm	0.5	NotControlled	1.0	ZeroTypeOfCoordination	1.0	NoCompositeness	1.0	DegreeComparative	0.333333333333	DegreeSuperlative	0.333333333333	DegreePositive	0.333333333333	Adverb_With_Hyphen	0.5	Adverb_Un_Hyphen	0.5	DeclensionNominal	1.0	Un_Comp_Suf	1.0	BiAspectual	0.333333333333	MonoAspectual	0.333333333333	Paired	0.333333333333	NoSynthComparative	0.25	FullSynthComparison	0.25	OnlySuperlative	0.25	NoSynthSuperlative	0.25	MTwo	0.333333333333	MOne	0.333333333333	MThree	0.333333333333	NormalClassifyingCapitalization	1.0	Past	0.333333333333	Future	0.333333333333	Present	0.333333333333	Noun	1.0	ZeroDoubleConjunct	1.0	NotCommonChild	1.0	Accusative	0.5	Nominative	0.5	RCDemonstrative	0.111111111111	RCNegative	0.111111111111	RCNoun	0.111111111111	RCPossessive	0.111111111111	RCIndefinite	0.111111111111	RCPersonal	0.111111111111	RCReflexive	0.111111111111	RCInterrogative	0.111111111111	RCAttributive	0.111111111111	NoPlacement	1.0	Perfective	0.5	Imperfective	0.5	NotDefaultFiller	1.0	Neuter	1.0	NoLeftmostPlacement	1.0	UnIterat	0.5	Iterat	0.5	NoRightmostPlacement	1.0	NotLeftConjunct	1.0	PersonFirst	0.25	PersonThird	0.25	PersonSecond	0.25	PersonZero	0.25	Active	0.333333333333	Passive	0.333333333333	VoiceSya	0.333333333333	VerbTransitive	0.25	VerbIntransitive	0.25	VerbIntransitiveSpecial	0.25	VerbTransitiveSpecial	0.25	NotRightConjunct	1.0	NominativePlural_a	1.0	NoContrast	1.0	NormalCapitalization	1.0	V_Prefixoid	0.0416666666667	POL_Prefixoid	0.0416666666667	PO_Prefixoid	0.0416666666667	Letter_Prefixoid	0.0416666666667	InternMod_Prefixoid	0.0416666666667	Chem_Prefixoid	0.0416666666667	BES_Prefixoid	0.0416666666667	Chemical_Possible	0.0416666666667	VPOL_Prefixoid	0.0416666666667	Eval_Prefixoid	0.0416666666667	InternModEr_Prefixoid	0.0416666666667	Rus_Prefixoid	0.0416666666667	Intern_ReducedPrefixoid	0.0416666666667	NI_Prefixoid	0.0416666666667	Reduced_Prefixoid	0.0416666666667	NAI_Prefixoid	0.0416666666667	Intern_Prefixoid	0.0416666666667	BEZer_Prefixoid	0.0416666666667	InternHy_Prefixoid	0.0416666666667	KOE_Prefixoid	0.0416666666667	ProperNamePrefixoid	0.0416666666667	RusHy_Prefixoid	0.0416666666667	BEZ_Prefixoid	0.0416666666667	NE_Prefixoid	0.0416666666667	ParticipleShortForm	0.5	ParticipleFullForm	0.5	Singular	1.0	Four	0.2	SevenEight	0.2	Two	0.2	Three	0.2	FiveAndMore	0.2	AdjectiveFullForm	0.333333333333	AdjectiveShortFlectional	0.333333333333	AdjectiveShortForm	0.333333333333	NounProperNameDimin	0.111111111111	NounProperName	0.111111111111	NounProperGeneral	0.111111111111	NounProperTown	0.111111111111	NounProperSurNameFlective	0.111111111111	NounProperPatronymic	0.111111111111	AdjectiveProper	0.111111111111	AbbrProperGeneral	0.111111111111	NounProperSurNameForeign	0.111111111111	NormalNumberParadigm	1.0	FullRealization	1.0
69	111	набрав	набрав	488124	488115	Animate	0.5	Inanimate	0.5	FullReflexivity	1.0	NormalMorphForm	1.0	DefectOne	0.2	DefectFour	0.2	Byt	0.2	DefectThree	0.2	DefectTwo	0.2	GTAdverb	1.0	NotEllipted	1.0	VocalForm	0.5	NForm	0.5	NotControlled	1.0	ZeroTypeOfCoordination	1.0	Composite_ComplexNumeral	0.0714285714286	Composite_cko	0.0714285714286	NoCompositeness	0.0714285714286	Composite_cki	0.0714285714286	Composite_o	0.0714285714286	Composite_NumeralFull	0.0714285714286	Composite_NumeralShort	0.0714285714286	Composite_null	0.0714285714286	Composite_iko	0.0714285714286	Composite_sko	0.0714285714286	Composite_e	0.0714285714286	Composite_Numeral	0.0714285714286	Composite_usek	0.0714285714286	Composite_ski	0.0714285714286	DegreeComparative	0.333333333333	DegreeSuperlative	0.333333333333	DegreePositive	0.333333333333	Adverb_With_Hyphen	0.5	Adverb_Un_Hyphen	0.5	DeclensionMixed	0.25	DeclensionAdjectival	0.25	DeclensionNominal	0.25	Indeclinable	0.25	Comp_PunctuatorPref	0.0625	Comp_Suffixoid_Num_IJ	0.0625	Comp_PunctuatorPostSeparable	0.0625	Un_Comp_Suf	0.0625	Comp_SuffixoidAbbr	0.0625	Comp_Noun	0.0625	Comp_Suffixoid_Num_J	0.0625	Comp_PunctuatorPost	0.0625	Comp_PunctuatorPrefSeparable	0.0625	Comp_Suffixoid_Num_OJ	0.0625	Comp_Prefixoid	0.0625	Comp_Suffixoid	0.0625	Comp_Suffixoid_Chem	0.0625	Comp_Suffixoid_Num_PercentYJ	0.0625	Comp_Suffixoid_Num_YJ	0.0625	Comp_Adj	0.0625	Paired	1.0	NoSynthComparative	0.25	FullSynthComparison	0.25	OnlySuperlative	0.25	NoSynthSuperlative	0.25	MTwo	0.333333333333	MOne	0.333333333333	MThree	0.333333333333	NormalClassifyingCapitalization	1.0	Past	1.0	Verb	1.0	ZeroDoubleConjunct	1.0	NotCommonChild	1.0	Accusative	0.0909090909091	Prepositional	0.0909090909091	Instrumental	0.0909090909091	Dative	0.0909090909091	ZeroCase	0.0909090909091	Locative	0.0909090909091	Genitive	0.0909090909091	Partitive	0.0909090909091	Nominative	0.0909090909091	DativeSpecial	0.0909090909091	Vocative	0.0909090909091	RCDemonstrative	0.111111111111	RCNegative	0.111111111111	RCNoun	0.111111111111	RCPossessive	0.111111111111	RCIndefinite	0.111111111111	RCPersonal	0.111111111111	RCReflexive	0.111111111111	RCInterrogative	0.111111111111	RCAttributive	0.111111111111	NoPlacement	1.0	Perfective	1.0	NotDefaultFiller	1.0	Feminine	0.25	Common	0.25	Masculine	0.25	Neuter	0.25	NoLeftmostPlacement	1.0	UnIterat	1.0	NoRightmostPlacement	1.0	NotLeftConjunct	1.0	PersonFirst	0.25	PersonThird	0.25	PersonSecond	0.25	PersonZero	0.25	Active	1.0	VerbTransitive	1.0	NotRightConjunct	1.0	Plural_consonant	0.111111111111	Genitive_Locative_u	0.111111111111	Locative_u	0.111111111111	NoSpecialCaseForm	0.111111111111	SpecialVocative	0.111111111111	GenitivePlural_Zero	0.111111111111	SpecialPlual	0.111111111111	NominativePlural_a	0.111111111111	Genitive_u	0.111111111111	NoContrast	1.0	NormalCapitalization	1.0	V_Prefixoid	0.0416666666667	POL_Prefixoid	0.0416666666667	PO_Prefixoid	0.0416666666667	Letter_Prefixoid	0.0416666666667	InternMod_Prefixoid	0.0416666666667	Chem_Prefixoid	0.0416666666667	BES_Prefixoid	0.0416666666667	Chemical_Possible	0.0416666666667	VPOL_Prefixoid	0.0416666666667	Eval_Prefixoid	0.0416666666667	InternModEr_Prefixoid	0.0416666666667	Rus_Prefixoid	0.0416666666667	Intern_ReducedPrefixoid	0.0416666666667	NI_Prefixoid	0.0416666666667	Reduced_Prefixoid	0.0416666666667	NAI_Prefixoid	0.0416666666667	Intern_Prefixoid	0.0416666666667	BEZer_Prefixoid	0.0416666666667	InternHy_Prefixoid	0.0416666666667	KOE_Prefixoid	0.0416666666667	ProperNamePrefixoid	0.0416666666667	RusHy_Prefixoid	0.0416666666667	BEZ_Prefixoid	0.0416666666667	NE_Prefixoid	0.0416666666667	ParticipleShortForm	0.5	ParticipleFullForm	0.5	Plural	0.5	Singular	0.5	Four	0.2	SevenEight	0.2	Two	0.2	Three	0.2	FiveAndMore	0.2	AdjectiveFullForm	0.333333333333	AdjectiveShortFlectional	0.333333333333	AdjectiveShortForm	0.333333333333	NounProperNameDimin	0.111111111111	NounProperName	0.111111111111	NounProperGeneral	0.111111111111	NounProperTown	0.111111111111	NounProperSurNameFlective	0.111111111111	NounProperPatronymic	0.111111111111	AdjectiveProper	0.111111111111	AbbrProperGeneral	0.111111111111	NounProperSurNameForeign	0.111111111111	NormalNumberParadigm	1.0	FullRealization	1.0
69	118	более	более	488126	488125	Animate	0.166666666667	Inanimate	0.166666666667	NonReflexive	0.0833333333333	ImperfectiveReflexivity	0.0833333333333	Reflexive	0.0833333333333	FullReflexivity	0.0833333333333	NormalMorphForm	1.0	DefectOne	0.0666666666667	DefectFour	0.0666666666667	Byt	0.0666666666667	DefectThree	0.0666666666667	DefectTwo	0.0666666666667	GTAdverb	0.333333333333	NotEllipted	1.0	VocalForm	0.166666666667	NForm	0.166666666667	NotControlled	1.0	ZeroTypeOfCoordination	1.0	Composite_ComplexNumeral	0.0238095238095	Composite_cko	0.0238095238095	NoCompositeness	0.0238095238095	Composite_cki	0.0238095238095	Composite_o	0.0238095238095	Composite_NumeralFull	0.0238095238095	Composite_NumeralShort	0.0238095238095	Composite_null	0.0238095238095	Composite_iko	0.0238095238095	Composite_sko	0.0238095238095	Composite_e	0.0238095238095	Composite_Numeral	0.0238095238095	Composite_usek	0.0238095238095	Composite_ski	0.0238095238095	DegreeComparative	0.333333333333	Adverb_Un_Hyphen	0.333333333333	DeclensionMixed	0.0833333333333	DeclensionAdjectival	0.0833333333333	DeclensionNominal	0.0833333333333	Indeclinable	0.0833333333333	Comp_PunctuatorPref	0.0208333333333	Comp_Suffixoid_Num_IJ	0.0208333333333	Comp_PunctuatorPostSeparable	0.0208333333333	Un_Comp_Suf	0.0208333333333	Comp_SuffixoidAbbr	0.0208333333333	Comp_Noun	0.0208333333333	Comp_Suffixoid_Num_J	0.0208333333333	Comp_PunctuatorPost	0.0208333333333	Comp_PunctuatorPrefSeparable	0.0208333333333	Comp_Suffixoid_Num_OJ	0.0208333333333	Comp_Prefixoid	0.0208333333333	Comp_Suffixoid	0.0208333333333	Comp_Suffixoid_Chem	0.0208333333333	Comp_Suffixoid_Num_PercentYJ	0.0208333333333	Comp_Suffixoid_Num_YJ	0.0208333333333	Comp_Adj	0.0208333333333	BiAspectual	0.111111111111	MonoAspectual	0.111111111111	Paired	0.111111111111	NoSynthSuperlative	0.333333333333	MTwo	0.333333333333	NormalClassifyingCapitalization	1.0	Past	0.111111111111	Future	0.111111111111	Present	0.111111111111	Adverb	0.333333333333	ZeroDoubleConjunct	1.0	NotCommonChild	1.0	Accusative	0.030303030303	Prepositional	0.030303030303	Instrumental	0.030303030303	Dative	0.030303030303	ZeroCase	0.030303030303	Locative	0.030303030303	Genitive	0.030303030303	Partitive	0.030303030303	Nominative	0.030303030303	DativeSpecial	0.030303030303	Vocative	0.030303030303	RCDemonstrative	0.037037037037	RCNegative	0.037037037037	RCNoun	0.037037037037	RCPossessive	0.037037037037	RCIndefinite	0.037037037037	RCPersonal	0.037037037037	RCReflexive	0.037037037037	RCInterrogative	0.037037037037	RCAttributive	0.037037037037	NoPlacement	1.0	Perfective	0.166666666667	Imperfective	0.166666666667	NotDefaultFiller	1.0	Feminine	0.0833333333333	Common	0.0833333333333	Masculine	0.0833333333333	Neuter	0.0833333333333	NoLeftmostPlacement	1.0	UnIterat	0.166666666667	Iterat	0.166666666667	NoRightmostPlacement	1.0	NotLeftConjunct	1.0	PersonFirst	0.0833333333333	PersonThird	0.0833333333333	PersonSecond	0.0833333333333	PersonZero	0.0833333333333	Active	0.111111111111	Passive	0.111111111111	VoiceSya	0.111111111111	VerbTransitive	0.0833333333333	VerbIntransitive	0.0833333333333	VerbIntransitiveSpecial	0.0833333333333	VerbTransitiveSpecial	0.0833333333333	NotRightConjunct	1.0	Plural_consonant	0.037037037037	Genitive_Locative_u	0.037037037037	Locative_u	0.037037037037	NoSpecialCaseForm	0.037037037037	SpecialVocative	0.037037037037	GenitivePlural_Zero	0.037037037037	SpecialPlual	0.037037037037	NominativePlural_a	0.037037037037	Genitive_u	0.037037037037	NoContrast	1.0	NormalCapitalization	1.0	V_Prefixoid	0.0138888888889	POL_Prefixoid	0.0138888888889	PO_Prefixoid	0.0138888888889	Letter_Prefixoid	0.0138888888889	InternMod_Prefixoid	0.0138888888889	Chem_Prefixoid	0.0138888888889	BES_Prefixoid	0.0138888888889	Chemical_Possible	0.0138888888889	VPOL_Prefixoid	0.0138888888889	Eval_Prefixoid	0.0138888888889	InternModEr_Prefixoid	0.0138888888889	Rus_Prefixoid	0.0138888888889	Intern_ReducedPrefixoid	0.0138888888889	NI_Prefixoid	0.0138888888889	Reduced_Prefixoid	0.0138888888889	NAI_Prefixoid	0.0138888888889	Intern_Prefixoid	0.0138888888889	BEZer_Prefixoid	0.0138888888889	InternHy_Prefixoid	0.0138888888889	KOE_Prefixoid	0.0138888888889	ProperNamePrefixoid	0.0138888888889	RusHy_Prefixoid	0.0138888888889	BEZ_Prefixoid	0.0138888888889	NE_Prefixoid	0.0138888888889	ParticipleShortForm	0.166666666667	ParticipleFullForm	0.166666666667	Plural	0.166666666667	Singular	0.166666666667	Four	0.0666666666667	SevenEight	0.0666666666667	Two	0.0666666666667	Three	0.0666666666667	FiveAndMore	0.0666666666667	AdjectiveFullForm	0.111111111111	AdjectiveShortFlectional	0.111111111111	AdjectiveShortForm	0.111111111111	NounProperNameDimin	0.037037037037	NounProperName	0.037037037037	NounProperGeneral	0.037037037037	NounProperTown	0.037037037037	NounProperSurNameFlective	0.037037037037	NounProperPatronymic	0.037037037037	AdjectiveProper	0.037037037037	AbbrProperGeneral	0.037037037037	NounProperSurNameForeign	0.037037037037	NormalNumberParadigm	1.0	FullRealization	1.0
69	124	38	38	488127	488125	ZeroTypeOfCoordination	1.0	NoPlacement	1.0	NormalCapitalization	1.0	NotDefaultFiller	1.0	NoContrast	1.0	NoLeftmostPlacement	1.0	FullRealization	1.0	NoRightmostPlacement	1.0	NormalNumberParadigm	1.0	NotLeftConjunct	1.0	NormalClassifyingCapitalization	1.0	ZeroDoubleConjunct	1.0	NotCommonChild	1.0	NotEllipted	1.0	NormalMorphForm	1.0	NotControlled	1.0	NotRightConjunct	1.0
69	127	процентов	процентов	488125	488124	Inanimate	1.0	NonReflexive	0.25	ImperfectiveReflexivity	0.25	Reflexive	0.25	FullReflexivity	0.25	NormalMorphForm	1.0	DefectOne	0.2	DefectFour	0.2	Byt	0.2	DefectThree	0.2	DefectTwo	0.2	GTNoun	1.0	NotEllipted	1.0	VocalForm	0.5	NForm	0.5	NotControlled	1.0	ZeroTypeOfCoordination	1.0	NoCompositeness	1.0	DegreeComparative	0.333333333333	DegreeSuperlative	0.333333333333	DegreePositive	0.333333333333	Adverb_With_Hyphen	0.5	Adverb_Un_Hyphen	0.5	DeclensionNominal	1.0	Un_Comp_Suf	1.0	BiAspectual	0.333333333333	MonoAspectual	0.333333333333	Paired	0.333333333333	NoSynthComparative	0.25	FullSynthComparison	0.25	OnlySuperlative	0.25	NoSynthSuperlative	0.25	MTwo	0.333333333333	MOne	0.333333333333	MThree	0.333333333333	NormalClassifyingCapitalization	1.0	Past	0.333333333333	Future	0.333333333333	Present	0.333333333333	Noun	1.0	ZeroDoubleConjunct	1.0	NotCommonChild	1.0	Genitive	0.5	Partitive	0.5	RCDemonstrative	0.111111111111	RCNegative	0.111111111111	RCNoun	0.111111111111	RCPossessive	0.111111111111	RCIndefinite	0.111111111111	RCPersonal	0.111111111111	RCReflexive	0.111111111111	RCInterrogative	0.111111111111	RCAttributive	0.111111111111	NoPlacement	1.0	Perfective	0.5	Imperfective	0.5	NotDefaultFiller	1.0	Masculine	1.0	NoLeftmostPlacement	1.0	UnIterat	0.5	Iterat	0.5	NoRightmostPlacement	1.0	NotLeftConjunct	1.0	PersonFirst	0.25	PersonThird	0.25	PersonSecond	0.25	PersonZero	0.25	Active	0.333333333333	Passive	0.333333333333	VoiceSya	0.333333333333	VerbTransitive	0.25	VerbIntransitive	0.25	VerbIntransitiveSpecial	0.25	VerbTransitiveSpecial	0.25	NotRightConjunct	1.0	NoSpecialCaseForm	1.0	NoContrast	1.0	NormalCapitalization	1.0	V_Prefixoid	0.0416666666667	POL_Prefixoid	0.0416666666667	PO_Prefixoid	0.0416666666667	Letter_Prefixoid	0.0416666666667	InternMod_Prefixoid	0.0416666666667	Chem_Prefixoid	0.0416666666667	BES_Prefixoid	0.0416666666667	Chemical_Possible	0.0416666666667	VPOL_Prefixoid	0.0416666666667	Eval_Prefixoid	0.0416666666667	InternModEr_Prefixoid	0.0416666666667	Rus_Prefixoid	0.0416666666667	Intern_ReducedPrefixoid	0.0416666666667	NI_Prefixoid	0.0416666666667	Reduced_Prefixoid	0.0416666666667	NAI_Prefixoid	0.0416666666667	Intern_Prefixoid	0.0416666666667	BEZer_Prefixoid	0.0416666666667	InternHy_Prefixoid	0.0416666666667	KOE_Prefixoid	0.0416666666667	ProperNamePrefixoid	0.0416666666667	RusHy_Prefixoid	0.0416666666667	BEZ_Prefixoid	0.0416666666667	NE_Prefixoid	0.0416666666667	ParticipleShortForm	0.5	ParticipleFullForm	0.5	Plural	1.0	Four	0.2	SevenEight	0.2	Two	0.2	Three	0.2	FiveAndMore	0.2	AdjectiveFullForm	0.333333333333	AdjectiveShortFlectional	0.333333333333	AdjectiveShortForm	0.333333333333	NounProperNameDimin	0.111111111111	NounProperName	0.111111111111	NounProperGeneral	0.111111111111	NounProperTown	0.111111111111	NounProperSurNameFlective	0.111111111111	NounProperPatronymic	0.111111111111	AdjectiveProper	0.111111111111	AbbrProperGeneral	0.111111111111	NounProperSurNameForeign	0.111111111111	NormalNumberParadigm	1.0	FullRealization	1.0
69	137	голосов	голосов	488128	488125	Inanimate	1.0	NonReflexive	0.25	ImperfectiveReflexivity	0.25	Reflexive	0.25	FullReflexivity	0.25	NormalMorphForm	1.0	DefectOne	0.2	DefectFour	0.2	Byt	0.2	DefectThree	0.2	DefectTwo	0.2	GTNoun	1.0	NotEllipted	1.0	VocalForm	0.5	NForm	0.5	NotControlled	1.0	ZeroTypeOfCoordination	1.0	NoCompositeness	1.0	DegreeComparative	0.333333333333	DegreeSuperlative	0.333333333333	DegreePositive	0.333333333333	Adverb_With_Hyphen	0.5	Adverb_Un_Hyphen	0.5	DeclensionNominal	1.0	Un_Comp_Suf	1.0	BiAspectual	0.333333333333	MonoAspectual	0.333333333333	Paired	0.333333333333	NoSynthComparative	0.25	FullSynthComparison	0.25	OnlySuperlative	0.25	NoSynthSuperlative	0.25	MTwo	0.333333333333	MOne	0.333333333333	MThree	0.333333333333	NormalClassifyingCapitalization	1.0	Past	0.333333333333	Future	0.333333333333	Present	0.333333333333	Noun	1.0	ZeroDoubleConjunct	1.0	NotCommonChild	1.0	Genitive	0.5	Partitive	0.5	RCDemonstrative	0.111111111111	RCNegative	0.111111111111	RCNoun	0.111111111111	RCPossessive	0.111111111111	RCIndefinite	0.111111111111	RCPersonal	0.111111111111	RCReflexive	0.111111111111	RCInterrogative	0.111111111111	RCAttributive	0.111111111111	NoPlacement	1.0	Perfective	0.5	Imperfective	0.5	NotDefaultFiller	1.0	Masculine	1.0	NoLeftmostPlacement	1.0	UnIterat	0.5	Iterat	0.5	NoRightmostPlacement	1.0	NotLeftConjunct	1.0	PersonFirst	0.25	PersonThird	0.25	PersonSecond	0.25	PersonZero	0.25	Active	0.333333333333	Passive	0.333333333333	VoiceSya	0.333333333333	VerbTransitive	0.25	VerbIntransitive	0.25	VerbIntransitiveSpecial	0.25	VerbTransitiveSpecial	0.25	NotRightConjunct	1.0	NoSpecialCaseForm	1.0	NoContrast	1.0	NormalCapitalization	1.0	V_Prefixoid	0.0416666666667	POL_Prefixoid	0.0416666666667	PO_Prefixoid	0.0416666666667	Letter_Prefixoid	0.0416666666667	InternMod_Prefixoid	0.0416666666667	Chem_Prefixoid	0.0416666666667	BES_Prefixoid	0.0416666666667	Chemical_Possible	0.0416666666667	VPOL_Prefixoid	0.0416666666667	Eval_Prefixoid	0.0416666666667	InternModEr_Prefixoid	0.0416666666667	Rus_Prefixoid	0.0416666666667	Intern_ReducedPrefixoid	0.0416666666667	NI_Prefixoid	0.0416666666667	Reduced_Prefixoid	0.0416666666667	NAI_Prefixoid	0.0416666666667	Intern_Prefixoid	0.0416666666667	BEZer_Prefixoid	0.0416666666667	InternHy_Prefixoid	0.0416666666667	KOE_Prefixoid	0.0416666666667	ProperNamePrefixoid	0.0416666666667	RusHy_Prefixoid	0.0416666666667	BEZ_Prefixoid	0.0416666666667	NE_Prefixoid	0.0416666666667	ParticipleShortForm	0.5	ParticipleFullForm	0.5	Plural	1.0	Four	0.2	SevenEight	0.2	Two	0.2	Three	0.2	FiveAndMore	0.2	AdjectiveFullForm	0.333333333333	AdjectiveShortFlectional	0.333333333333	AdjectiveShortForm	0.333333333333	NounProperNameDimin	0.111111111111	NounProperName	0.111111111111	NounProperGeneral	0.111111111111	NounProperTown	0.111111111111	NounProperSurNameFlective	0.111111111111	NounProperPatronymic	0.111111111111	AdjectiveProper	0.111111111111	AbbrProperGeneral	0.111111111111	NounProperSurNameForeign	0.111111111111	NormalNumberParadigm	1.0	FullRealization	1.0
69	146	и	и	488131	488130	Animate	0.5	Inanimate	0.5	NonReflexive	0.25	ImperfectiveReflexivity	0.25	Reflexive	0.25	FullReflexivity	0.25	NormalMorphForm	1.0	DefectOne	0.2	DefectFour	0.2	Byt	0.2	DefectThree	0.2	DefectTwo	0.2	GTInvariable	1.0	NotEllipted	1.0	VocalForm	0.5	NForm	0.5	NotControlled	1.0	ZeroTypeOfCoordination	1.0	Composite_ComplexNumeral	0.0714285714286	Composite_cko	0.0714285714286	NoCompositeness	0.0714285714286	Composite_cki	0.0714285714286	Composite_o	0.0714285714286	Composite_NumeralFull	0.0714285714286	Composite_NumeralShort	0.0714285714286	Composite_null	0.0714285714286	Composite_iko	0.0714285714286	Composite_sko	0.0714285714286	Composite_e	0.0714285714286	Composite_Numeral	0.0714285714286	Composite_usek	0.0714285714286	Composite_ski	0.0714285714286	DegreeComparative	0.333333333333	DegreeSuperlative	0.333333333333	DegreePositive	0.333333333333	Adverb_With_Hyphen	0.5	Adverb_Un_Hyphen	0.5	DeclensionMixed	0.25	DeclensionAdjectival	0.25	DeclensionNominal	0.25	Indeclinable	0.25	Comp_PunctuatorPref	0.0625	Comp_Suffixoid_Num_IJ	0.0625	Comp_PunctuatorPostSeparable	0.0625	Un_Comp_Suf	0.0625	Comp_SuffixoidAbbr	0.0625	Comp_Noun	0.0625	Comp_Suffixoid_Num_J	0.0625	Comp_PunctuatorPost	0.0625	Comp_PunctuatorPrefSeparable	0.0625	Comp_Suffixoid_Num_OJ	0.0625	Comp_Prefixoid	0.0625	Comp_Suffixoid	0.0625	Comp_Suffixoid_Chem	0.0625	Comp_Suffixoid_Num_PercentYJ	0.0625	Comp_Suffixoid_Num_YJ	0.0625	Comp_Adj	0.0625	BiAspectual	0.333333333333	MonoAspectual	0.333333333333	Paired	0.333333333333	NoSynthComparative	0.25	FullSynthComparison	0.25	OnlySuperlative	0.25	NoSynthSuperlative	0.25	MTwo	0.333333333333	MOne	0.333333333333	MThree	0.333333333333	NormalClassifyingCapitalization	1.0	Past	0.333333333333	Future	0.333333333333	Present	0.333333333333	Conjunction	0.5	Particle	0.5	ZeroDoubleConjunct	1.0	NotCommonChild	1.0	Accusative	0.0909090909091	Prepositional	0.0909090909091	Instrumental	0.0909090909091	Dative	0.0909090909091	ZeroCase	0.0909090909091	Locative	0.0909090909091	Genitive	0.0909090909091	Partitive	0.0909090909091	Nominative	0.0909090909091	DativeSpecial	0.0909090909091	Vocative	0.0909090909091	RCDemonstrative	0.111111111111	RCNegative	0.111111111111	RCNoun	0.111111111111	RCPossessive	0.111111111111	RCIndefinite	0.111111111111	RCPersonal	0.111111111111	RCReflexive	0.111111111111	RCInterrogative	0.111111111111	RCAttributive	0.111111111111	NoPlacement	1.0	Perfective	0.5	Imperfective	0.5	NotDefaultFiller	1.0	Feminine	0.25	Common	0.25	Masculine	0.25	Neuter	0.25	NoLeftmostPlacement	1.0	UnIterat	0.5	Iterat	0.5	NoRightmostPlacement	1.0	NotLeftConjunct	1.0	PersonFirst	0.25	PersonThird	0.25	PersonSecond	0.25	PersonZero	0.25	Active	0.333333333333	Passive	0.333333333333	VoiceSya	0.333333333333	VerbTransitive	0.25	VerbIntransitive	0.25	VerbIntransitiveSpecial	0.25	VerbTransitiveSpecial	0.25	NotRightConjunct	1.0	Plural_consonant	0.111111111111	Genitive_Locative_u	0.111111111111	Locative_u	0.111111111111	NoSpecialCaseForm	0.111111111111	SpecialVocative	0.111111111111	GenitivePlural_Zero	0.111111111111	SpecialPlual	0.111111111111	NominativePlural_a	0.111111111111	Genitive_u	0.111111111111	NoContrast	1.0	NormalCapitalization	1.0	V_Prefixoid	0.0416666666667	POL_Prefixoid	0.0416666666667	PO_Prefixoid	0.0416666666667	Letter_Prefixoid	0.0416666666667	InternMod_Prefixoid	0.0416666666667	Chem_Prefixoid	0.0416666666667	BES_Prefixoid	0.0416666666667	Chemical_Possible	0.0416666666667	VPOL_Prefixoid	0.0416666666667	Eval_Prefixoid	0.0416666666667	InternModEr_Prefixoid	0.0416666666667	Rus_Prefixoid	0.0416666666667	Intern_ReducedPrefixoid	0.0416666666667	NI_Prefixoid	0.0416666666667	Reduced_Prefixoid	0.0416666666667	NAI_Prefixoid	0.0416666666667	Intern_Prefixoid	0.0416666666667	BEZer_Prefixoid	0.0416666666667	InternHy_Prefixoid	0.0416666666667	KOE_Prefixoid	0.0416666666667	ProperNamePrefixoid	0.0416666666667	RusHy_Prefixoid	0.0416666666667	BEZ_Prefixoid	0.0416666666667	NE_Prefixoid	0.0416666666667	ParticipleShortForm	0.5	ParticipleFullForm	0.5	Plural	0.5	Singular	0.5	Four	0.2	SevenEight	0.2	Two	0.2	Three	0.2	FiveAndMore	0.2	AdjectiveFullForm	0.333333333333	AdjectiveShortFlectional	0.333333333333	AdjectiveShortForm	0.333333333333	NounProperNameDimin	0.111111111111	NounProperName	0.111111111111	NounProperGeneral	0.111111111111	NounProperTown	0.111111111111	NounProperSurNameFlective	0.111111111111	NounProperPatronymic	0.111111111111	AdjectiveProper	0.111111111111	AbbrProperGeneral	0.111111111111	NounProperSurNameForeign	0.111111111111	NormalNumberParadigm	1.0	FullRealization	1.0
69	148	прошел	прошел	488130	-1	Animate	0.5	Inanimate	0.5	ImperfectiveReflexivity	1.0	NormalMorphForm	1.0	DefectOne	0.2	DefectFour	0.2	Byt	0.2	DefectThree	0.2	DefectTwo	0.2	GTVerb	1.0	NotEllipted	1.0	VocalForm	0.5	NForm	0.5	NotControlled	1.0	ZeroTypeOfCoordination	1.0	Composite_ComplexNumeral	0.0714285714286	Composite_cko	0.0714285714286	NoCompositeness	0.0714285714286	Composite_cki	0.0714285714286	Composite_o	0.0714285714286	Composite_NumeralFull	0.0714285714286	Composite_NumeralShort	0.0714285714286	Composite_null	0.0714285714286	Composite_iko	0.0714285714286	Composite_sko	0.0714285714286	Composite_e	0.0714285714286	Composite_Numeral	0.0714285714286	Composite_usek	0.0714285714286	Composite_ski	0.0714285714286	DegreeComparative	0.333333333333	DegreeSuperlative	0.333333333333	DegreePositive	0.333333333333	Adverb_With_Hyphen	0.5	Adverb_Un_Hyphen	0.5	DeclensionMixed	0.25	DeclensionAdjectival	0.25	DeclensionNominal	0.25	Indeclinable	0.25	Comp_PunctuatorPref	0.0625	Comp_Suffixoid_Num_IJ	0.0625	Comp_PunctuatorPostSeparable	0.0625	Un_Comp_Suf	0.0625	Comp_SuffixoidAbbr	0.0625	Comp_Noun	0.0625	Comp_Suffixoid_Num_J	0.0625	Comp_PunctuatorPost	0.0625	Comp_PunctuatorPrefSeparable	0.0625	Comp_Suffixoid_Num_OJ	0.0625	Comp_Prefixoid	0.0625	Comp_Suffixoid	0.0625	Comp_Suffixoid_Chem	0.0625	Comp_Suffixoid_Num_PercentYJ	0.0625	Comp_Suffixoid_Num_YJ	0.0625	Comp_Adj	0.0625	Paired	1.0	NoSynthComparative	0.25	FullSynthComparison	0.25	OnlySuperlative	0.25	NoSynthSuperlative	0.25	MTwo	0.333333333333	MOne	0.333333333333	MThree	0.333333333333	NormalClassifyingCapitalization	1.0	Past	1.0	Verb	1.0	ZeroDoubleConjunct	1.0	NotCommonChild	1.0	Accusative	0.0909090909091	Prepositional	0.0909090909091	Instrumental	0.0909090909091	Dative	0.0909090909091	ZeroCase	0.0909090909091	Locative	0.0909090909091	Genitive	0.0909090909091	Partitive	0.0909090909091	Nominative	0.0909090909091	DativeSpecial	0.0909090909091	Vocative	0.0909090909091	RCDemonstrative	0.111111111111	RCNegative	0.111111111111	RCNoun	0.111111111111	RCPossessive	0.111111111111	RCIndefinite	0.111111111111	RCPersonal	0.111111111111	RCReflexive	0.111111111111	RCInterrogative	0.111111111111	RCAttributive	0.111111111111	NoPlacement	1.0	Perfective	1.0	NotDefaultFiller	1.0	Masculine	1.0	NoLeftmostPlacement	1.0	UnIterat	1.0	NoRightmostPlacement	1.0	NotLeftConjunct	1.0	PersonFirst	0.25	PersonThird	0.25	PersonSecond	0.25	PersonZero	0.25	Active	1.0	VerbTransitive	1.0	NotRightConjunct	1.0	Plural_consonant	0.111111111111	Genitive_Locative_u	0.111111111111	Locative_u	0.111111111111	NoSpecialCaseForm	0.111111111111	SpecialVocative	0.111111111111	GenitivePlural_Zero	0.111111111111	SpecialPlual	0.111111111111	NominativePlural_a	0.111111111111	Genitive_u	0.111111111111	NoContrast	1.0	NormalCapitalization	1.0	V_Prefixoid	0.0416666666667	POL_Prefixoid	0.0416666666667	PO_Prefixoid	0.0416666666667	Letter_Prefixoid	0.0416666666667	InternMod_Prefixoid	0.0416666666667	Chem_Prefixoid	0.0416666666667	BES_Prefixoid	0.0416666666667	Chemical_Possible	0.0416666666667	VPOL_Prefixoid	0.0416666666667	Eval_Prefixoid	0.0416666666667	InternModEr_Prefixoid	0.0416666666667	Rus_Prefixoid	0.0416666666667	Intern_ReducedPrefixoid	0.0416666666667	NI_Prefixoid	0.0416666666667	Reduced_Prefixoid	0.0416666666667	NAI_Prefixoid	0.0416666666667	Intern_Prefixoid	0.0416666666667	BEZer_Prefixoid	0.0416666666667	InternHy_Prefixoid	0.0416666666667	KOE_Prefixoid	0.0416666666667	ProperNamePrefixoid	0.0416666666667	RusHy_Prefixoid	0.0416666666667	BEZ_Prefixoid	0.0416666666667	NE_Prefixoid	0.0416666666667	ParticipleShortForm	0.5	ParticipleFullForm	0.5	Singular	1.0	Four	0.2	SevenEight	0.2	Two	0.2	Three	0.2	FiveAndMore	0.2	AdjectiveFullForm	0.333333333333	AdjectiveShortFlectional	0.333333333333	AdjectiveShortForm	0.333333333333	NounProperNameDimin	0.111111111111	NounProperName	0.111111111111	NounProperGeneral	0.111111111111	NounProperTown	0.111111111111	NounProperSurNameFlective	0.111111111111	NounProperPatronymic	0.111111111111	AdjectiveProper	0.111111111111	AbbrProperGeneral	0.111111111111	NounProperSurNameForeign	0.111111111111	NormalNumberParadigm	1.0	FullRealization	1.0
69	155	во	во	488133	488132	Animate	0.5	Inanimate	0.5	NonReflexive	0.25	ImperfectiveReflexivity	0.25	Reflexive	0.25	FullReflexivity	0.25	NormalMorphForm	1.0	DefectOne	0.2	DefectFour	0.2	Byt	0.2	DefectThree	0.2	DefectTwo	0.2	GTInvariable	1.0	NotEllipted	1.0	VocalForm	0.5	NForm	0.5	NotControlled	1.0	ZeroTypeOfCoordination	1.0	Composite_ComplexNumeral	0.0714285714286	Composite_cko	0.0714285714286	NoCompositeness	0.0714285714286	Composite_cki	0.0714285714286	Composite_o	0.0714285714286	Composite_NumeralFull	0.0714285714286	Composite_NumeralShort	0.0714285714286	Composite_null	0.0714285714286	Composite_iko	0.0714285714286	Composite_sko	0.0714285714286	Composite_e	0.0714285714286	Composite_Numeral	0.0714285714286	Composite_usek	0.0714285714286	Composite_ski	0.0714285714286	DegreeComparative	0.333333333333	DegreeSuperlative	0.333333333333	DegreePositive	0.333333333333	Adverb_With_Hyphen	0.5	Adverb_Un_Hyphen	0.5	DeclensionMixed	0.25	DeclensionAdjectival	0.25	DeclensionNominal	0.25	Indeclinable	0.25	Comp_PunctuatorPref	0.0625	Comp_Suffixoid_Num_IJ	0.0625	Comp_PunctuatorPostSeparable	0.0625	Un_Comp_Suf	0.0625	Comp_SuffixoidAbbr	0.0625	Comp_Noun	0.0625	Comp_Suffixoid_Num_J	0.0625	Comp_PunctuatorPost	0.0625	Comp_PunctuatorPrefSeparable	0.0625	Comp_Suffixoid_Num_OJ	0.0625	Comp_Prefixoid	0.0625	Comp_Suffixoid	0.0625	Comp_Suffixoid_Chem	0.0625	Comp_Suffixoid_Num_PercentYJ	0.0625	Comp_Suffixoid_Num_YJ	0.0625	Comp_Adj	0.0625	BiAspectual	0.333333333333	MonoAspectual	0.333333333333	Paired	0.333333333333	NoSynthComparative	0.25	FullSynthComparison	0.25	OnlySuperlative	0.25	NoSynthSuperlative	0.25	MTwo	0.333333333333	MOne	0.333333333333	MThree	0.333333333333	NormalClassifyingCapitalization	1.0	Past	0.333333333333	Future	0.333333333333	Present	0.333333333333	Preposition	1.0	ZeroDoubleConjunct	1.0	NotCommonChild	1.0	Accusative	0.0909090909091	Prepositional	0.0909090909091	Instrumental	0.0909090909091	Dative	0.0909090909091	ZeroCase	0.0909090909091	Locative	0.0909090909091	Genitive	0.0909090909091	Partitive	0.0909090909091	Nominative	0.0909090909091	DativeSpecial	0.0909090909091	Vocative	0.0909090909091	RCDemonstrative	0.111111111111	RCNegative	0.111111111111	RCNoun	0.111111111111	RCPossessive	0.111111111111	RCIndefinite	0.111111111111	RCPersonal	0.111111111111	RCReflexive	0.111111111111	RCInterrogative	0.111111111111	RCAttributive	0.111111111111	NoPlacement	1.0	Perfective	0.5	Imperfective	0.5	NotDefaultFiller	1.0	Feminine	0.25	Common	0.25	Masculine	0.25	Neuter	0.25	NoLeftmostPlacement	1.0	UnIterat	0.5	Iterat	0.5	NoRightmostPlacement	1.0	NotLeftConjunct	1.0	PersonFirst	0.25	PersonThird	0.25	PersonSecond	0.25	PersonZero	0.25	Active	0.333333333333	Passive	0.333333333333	VoiceSya	0.333333333333	VerbTransitive	0.25	VerbIntransitive	0.25	VerbIntransitiveSpecial	0.25	VerbTransitiveSpecial	0.25	NotRightConjunct	1.0	Plural_consonant	0.111111111111	Genitive_Locative_u	0.111111111111	Locative_u	0.111111111111	NoSpecialCaseForm	0.111111111111	SpecialVocative	0.111111111111	GenitivePlural_Zero	0.111111111111	SpecialPlual	0.111111111111	NominativePlural_a	0.111111111111	Genitive_u	0.111111111111	NoContrast	1.0	NormalCapitalization	1.0	V_Prefixoid	0.0416666666667	POL_Prefixoid	0.0416666666667	PO_Prefixoid	0.0416666666667	Letter_Prefixoid	0.0416666666667	InternMod_Prefixoid	0.0416666666667	Chem_Prefixoid	0.0416666666667	BES_Prefixoid	0.0416666666667	Chemical_Possible	0.0416666666667	VPOL_Prefixoid	0.0416666666667	Eval_Prefixoid	0.0416666666667	InternModEr_Prefixoid	0.0416666666667	Rus_Prefixoid	0.0416666666667	Intern_ReducedPrefixoid	0.0416666666667	NI_Prefixoid	0.0416666666667	Reduced_Prefixoid	0.0416666666667	NAI_Prefixoid	0.0416666666667	Intern_Prefixoid	0.0416666666667	BEZer_Prefixoid	0.0416666666667	InternHy_Prefixoid	0.0416666666667	KOE_Prefixoid	0.0416666666667	ProperNamePrefixoid	0.0416666666667	RusHy_Prefixoid	0.0416666666667	BEZ_Prefixoid	0.0416666666667	NE_Prefixoid	0.0416666666667	ParticipleShortForm	0.5	ParticipleFullForm	0.5	Plural	0.5	Singular	0.5	Four	0.2	SevenEight	0.2	Two	0.2	Three	0.2	FiveAndMore	0.2	AdjectiveFullForm	0.333333333333	AdjectiveShortFlectional	0.333333333333	AdjectiveShortForm	0.333333333333	NounProperNameDimin	0.111111111111	NounProperName	0.111111111111	NounProperGeneral	0.111111111111	NounProperTown	0.111111111111	NounProperSurNameFlective	0.111111111111	NounProperPatronymic	0.111111111111	AdjectiveProper	0.111111111111	AbbrProperGeneral	0.111111111111	NounProperSurNameForeign	0.111111111111	NormalNumberParadigm	1.0	FullRealization	1.0
69	158	второй	второй	488134	488132	Animate	0.25	Inanimate	0.75	NonReflexive	0.25	ImperfectiveReflexivity	0.25	Reflexive	0.25	FullReflexivity	0.25	NormalMorphForm	1.0	DefectOne	0.2	DefectFour	0.2	Byt	0.2	DefectThree	0.2	DefectTwo	0.2	GTNoun	0.5	GTAdjectiveAttributive	0.5	NotEllipted	1.0	VocalForm	0.5	NForm	0.5	NotControlled	1.0	ZeroTypeOfCoordination	1.0	Composite_ComplexNumeral	0.0357142857143	Composite_cko	0.0357142857143	NoCompositeness	0.535714285714	Composite_cki	0.0357142857143	Composite_o	0.0357142857143	Composite_NumeralFull	0.0357142857143	Composite_NumeralShort	0.0357142857143	Composite_null	0.0357142857143	Composite_iko	0.0357142857143	Composite_sko	0.0357142857143	Composite_e	0.0357142857143	Composite_Numeral	0.0357142857143	Composite_usek	0.0357142857143	Composite_ski	0.0357142857143	DegreeComparative	0.333333333333	DegreeSuperlative	0.333333333333	DegreePositive	0.333333333333	Adverb_With_Hyphen	0.5	Adverb_Un_Hyphen	0.5	DeclensionMixed	0.125	DeclensionAdjectival	0.625	DeclensionNominal	0.125	Indeclinable	0.125	Comp_PunctuatorPref	0.03125	Comp_Suffixoid_Num_IJ	0.03125	Comp_PunctuatorPostSeparable	0.03125	Un_Comp_Suf	0.53125	Comp_SuffixoidAbbr	0.03125	Comp_Noun	0.03125	Comp_Suffixoid_Num_J	0.03125	Comp_PunctuatorPost	0.03125	Comp_PunctuatorPrefSeparable	0.03125	Comp_Suffixoid_Num_OJ	0.03125	Comp_Prefixoid	0.03125	Comp_Suffixoid	0.03125	Comp_Suffixoid_Chem	0.03125	Comp_Suffixoid_Num_PercentYJ	0.03125	Comp_Suffixoid_Num_YJ	0.03125	Comp_Adj	0.03125	BiAspectual	0.333333333333	MonoAspectual	0.333333333333	Paired	0.333333333333	NoSynthComparative	0.25	FullSynthComparison	0.25	OnlySuperlative	0.25	NoSynthSuperlative	0.25	MTwo	0.333333333333	MOne	0.333333333333	MThree	0.333333333333	NormalClassifyingCapitalization	1.0	Past	0.333333333333	Future	0.333333333333	Present	0.333333333333	Numeral	0.5	Noun	0.5	ZeroDoubleConjunct	1.0	NotCommonChild	1.0	Accusative	0.0625	Prepositional	0.145833333333	Instrumental	0.145833333333	Dative	0.145833333333	Locative	0.145833333333	Genitive	0.145833333333	Partitive	0.145833333333	Nominative	0.0625	RCDemonstrative	0.111111111111	RCNegative	0.111111111111	RCNoun	0.111111111111	RCPossessive	0.111111111111	RCIndefinite	0.111111111111	RCPersonal	0.111111111111	RCReflexive	0.111111111111	RCInterrogative	0.111111111111	RCAttributive	0.111111111111	NoPlacement	1.0	Perfective	0.5	Imperfective	0.5	NotDefaultFiller	1.0	Feminine	0.75	Masculine	0.25	NoLeftmostPlacement	1.0	UnIterat	0.5	Iterat	0.5	NoRightmostPlacement	1.0	NotLeftConjunct	1.0	PersonFirst	0.25	PersonThird	0.25	PersonSecond	0.25	PersonZero	0.25	Active	0.333333333333	Passive	0.333333333333	VoiceSya	0.333333333333	VerbTransitive	0.25	VerbIntransitive	0.25	VerbIntransitiveSpecial	0.25	VerbTransitiveSpecial	0.25	NotRightConjunct	1.0	Plural_consonant	0.0555555555556	Genitive_Locative_u	0.0555555555556	Locative_u	0.0555555555556	NoSpecialCaseForm	0.555555555556	SpecialVocative	0.0555555555556	GenitivePlural_Zero	0.0555555555556	SpecialPlual	0.0555555555556	NominativePlural_a	0.0555555555556	Genitive_u	0.0555555555556	NoContrast	1.0	NormalCapitalization	1.0	V_Prefixoid	0.0416666666667	POL_Prefixoid	0.0416666666667	PO_Prefixoid	0.0416666666667	Letter_Prefixoid	0.0416666666667	InternMod_Prefixoid	0.0416666666667	Chem_Prefixoid	0.0416666666667	BES_Prefixoid	0.0416666666667	Chemical_Possible	0.0416666666667	VPOL_Prefixoid	0.0416666666667	Eval_Prefixoid	0.0416666666667	InternModEr_Prefixoid	0.0416666666667	Rus_Prefixoid	0.0416666666667	Intern_ReducedPrefixoid	0.0416666666667	NI_Prefixoid	0.0416666666667	Reduced_Prefixoid	0.0416666666667	NAI_Prefixoid	0.0416666666667	Intern_Prefixoid	0.0416666666667	BEZer_Prefixoid	0.0416666666667	InternHy_Prefixoid	0.0416666666667	KOE_Prefixoid	0.0416666666667	ProperNamePrefixoid	0.0416666666667	RusHy_Prefixoid	0.0416666666667	BEZ_Prefixoid	0.0416666666667	NE_Prefixoid	0.0416666666667	ParticipleShortForm	0.5	ParticipleFullForm	0.5	Singular	1.0	Four	0.2	SevenEight	0.2	Two	0.2	Three	0.2	FiveAndMore	0.2	AdjectiveFullForm	0.333333333333	AdjectiveShortFlectional	0.333333333333	AdjectiveShortForm	0.333333333333	NounProperNameDimin	0.111111111111	NounProperName	0.111111111111	NounProperGeneral	0.111111111111	NounProperTown	0.111111111111	NounProperSurNameFlective	0.111111111111	NounProperPatronymic	0.111111111111	AdjectiveProper	0.111111111111	AbbrProperGeneral	0.111111111111	NounProperSurNameForeign	0.111111111111	NormalNumberParadigm	1.0	FullRealization	1.0
69	165	тур	тур	488132	488130	Animate	0.5	Inanimate	0.5	NonReflexive	0.25	ImperfectiveReflexivity	0.25	Reflexive	0.25	FullReflexivity	0.25	NormalMorphForm	1.0	DefectOne	0.2	DefectFour	0.2	Byt	0.2	DefectThree	0.2	DefectTwo	0.2	GTNoun	1.0	NotEllipted	1.0	VocalForm	0.5	NForm	0.5	NotControlled	1.0	ZeroTypeOfCoordination	1.0	NoCompositeness	1.0	DegreeComparative	0.333333333333	DegreeSuperlative	0.333333333333	DegreePositive	0.333333333333	Adverb_With_Hyphen	0.5	Adverb_Un_Hyphen	0.5	DeclensionNominal	1.0	Un_Comp_Suf	1.0	BiAspectual	0.333333333333	MonoAspectual	0.333333333333	Paired	0.333333333333	NoSynthComparative	0.25	FullSynthComparison	0.25	OnlySuperlative	0.25	NoSynthSuperlative	0.25	MTwo	0.333333333333	MOne	0.333333333333	MThree	0.333333333333	NormalClassifyingCapitalization	1.0	Past	0.333333333333	Future	0.333333333333	Present	0.333333333333	Noun	1.0	ZeroDoubleConjunct	1.0	NotCommonChild	1.0	Accusative	0.5	Nominative	0.5	RCDemonstrative	0.111111111111	RCNegative	0.111111111111	RCNoun	0.111111111111	RCPossessive	0.111111111111	RCIndefinite	0.111111111111	RCPersonal	0.111111111111	RCReflexive	0.111111111111	RCInterrogative	0.111111111111	RCAttributive	0.111111111111	NoPlacement	1.0	Perfective	0.5	Imperfective	0.5	NotDefaultFiller	1.0	Masculine	1.0	NoLeftmostPlacement	1.0	UnIterat	0.5	Iterat	0.5	NoRightmostPlacement	1.0	NotLeftConjunct	1.0	PersonFirst	0.25	PersonThird	0.25	PersonSecond	0.25	PersonZero	0.25	Active	0.333333333333	Passive	0.333333333333	VoiceSya	0.333333333333	VerbTransitive	0.25	VerbIntransitive	0.25	VerbIntransitiveSpecial	0.25	VerbTransitiveSpecial	0.25	NotRightConjunct	1.0	NoSpecialCaseForm	1.0	NoContrast	1.0	NormalCapitalization	1.0	V_Prefixoid	0.0416666666667	POL_Prefixoid	0.0416666666667	PO_Prefixoid	0.0416666666667	Letter_Prefixoid	0.0416666666667	InternMod_Prefixoid	0.0416666666667	Chem_Prefixoid	0.0416666666667	BES_Prefixoid	0.0416666666667	Chemical_Possible	0.0416666666667	VPOL_Prefixoid	0.0416666666667	Eval_Prefixoid	0.0416666666667	InternModEr_Prefixoid	0.0416666666667	Rus_Prefixoid	0.0416666666667	Intern_ReducedPrefixoid	0.0416666666667	NI_Prefixoid	0.0416666666667	Reduced_Prefixoid	0.0416666666667	NAI_Prefixoid	0.0416666666667	Intern_Prefixoid	0.0416666666667	BEZer_Prefixoid	0.0416666666667	InternHy_Prefixoid	0.0416666666667	KOE_Prefixoid	0.0416666666667	ProperNamePrefixoid	0.0416666666667	RusHy_Prefixoid	0.0416666666667	BEZ_Prefixoid	0.0416666666667	NE_Prefixoid	0.0416666666667	ParticipleShortForm	0.5	ParticipleFullForm	0.5	Singular	1.0	Four	0.2	SevenEight	0.2	Two	0.2	Three	0.2	FiveAndMore	0.2	AdjectiveFullForm	0.333333333333	AdjectiveShortFlectional	0.333333333333	AdjectiveShortForm	0.333333333333	NounProperNameDimin	0.111111111111	NounProperName	0.111111111111	NounProperGeneral	0.111111111111	NounProperTown	0.111111111111	NounProperSurNameFlective	0.111111111111	NounProperPatronymic	0.111111111111	AdjectiveProper	0.111111111111	AbbrProperGeneral	0.111111111111	NounProperSurNameForeign	0.111111111111	NormalNumberParadigm	1.0	FullRealization	1.0
69	170	состоявшийся	состоявшийся	488135	488132	Animate	0.5	Inanimate	0.5	Reflexive	1.0	NormalMorphForm	1.0	DefectOne	0.2	DefectFour	0.2	Byt	0.2	DefectThree	0.2	DefectTwo	0.2	GTParticipleAttributive	1.0	NotEllipted	1.0	VocalForm	0.5	NForm	0.5	NotControlled	1.0	ZeroTypeOfCoordination	1.0	Composite_ComplexNumeral	0.0714285714286	Composite_cko	0.0714285714286	NoCompositeness	0.0714285714286	Composite_cki	0.0714285714286	Composite_o	0.0714285714286	Composite_NumeralFull	0.0714285714286	Composite_NumeralShort	0.0714285714286	Composite_null	0.0714285714286	Composite_iko	0.0714285714286	Composite_sko	0.0714285714286	Composite_e	0.0714285714286	Composite_Numeral	0.0714285714286	Composite_usek	0.0714285714286	Composite_ski	0.0714285714286	DegreeComparative	0.333333333333	DegreeSuperlative	0.333333333333	DegreePositive	0.333333333333	Adverb_With_Hyphen	0.5	Adverb_Un_Hyphen	0.5	DeclensionMixed	0.25	DeclensionAdjectival	0.25	DeclensionNominal	0.25	Indeclinable	0.25	Comp_PunctuatorPref	0.0625	Comp_Suffixoid_Num_IJ	0.0625	Comp_PunctuatorPostSeparable	0.0625	Un_Comp_Suf	0.0625	Comp_SuffixoidAbbr	0.0625	Comp_Noun	0.0625	Comp_Suffixoid_Num_J	0.0625	Comp_PunctuatorPost	0.0625	Comp_PunctuatorPrefSeparable	0.0625	Comp_Suffixoid_Num_OJ	0.0625	Comp_Prefixoid	0.0625	Comp_Suffixoid	0.0625	Comp_Suffixoid_Chem	0.0625	Comp_Suffixoid_Num_PercentYJ	0.0625	Comp_Suffixoid_Num_YJ	0.0625	Comp_Adj	0.0625	MonoAspectual	1.0	NoSynthComparative	0.25	FullSynthComparison	0.25	OnlySuperlative	0.25	NoSynthSuperlative	0.25	MTwo	0.333333333333	MOne	0.333333333333	MThree	0.333333333333	NormalClassifyingCapitalization	1.0	Past	1.0	Verb	1.0	ZeroDoubleConjunct	1.0	NotCommonChild	1.0	Accusative	0.5	Nominative	0.5	RCDemonstrative	0.111111111111	RCNegative	0.111111111111	RCNoun	0.111111111111	RCPossessive	0.111111111111	RCIndefinite	0.111111111111	RCPersonal	0.111111111111	RCReflexive	0.111111111111	RCInterrogative	0.111111111111	RCAttributive	0.111111111111	NoPlacement	1.0	Perfective	1.0	NotDefaultFiller	1.0	Masculine	1.0	NoLeftmostPlacement	1.0	UnIterat	1.0	NoRightmostPlacement	1.0	NotLeftConjunct	1.0	PersonFirst	0.25	PersonThird	0.25	PersonSecond	0.25	PersonZero	0.25	VoiceSya	1.0	VerbIntransitive	1.0	NotRightConjunct	1.0	Plural_consonant	0.111111111111	Genitive_Locative_u	0.111111111111	Locative_u	0.111111111111	NoSpecialCaseForm	0.111111111111	SpecialVocative	0.111111111111	GenitivePlural_Zero	0.111111111111	SpecialPlual	0.111111111111	NominativePlural_a	0.111111111111	Genitive_u	0.111111111111	NoContrast	1.0	NormalCapitalization	1.0	V_Prefixoid	0.0416666666667	POL_Prefixoid	0.0416666666667	PO_Prefixoid	0.0416666666667	Letter_Prefixoid	0.0416666666667	InternMod_Prefixoid	0.0416666666667	Chem_Prefixoid	0.0416666666667	BES_Prefixoid	0.0416666666667	Chemical_Possible	0.0416666666667	VPOL_Prefixoid	0.0416666666667	Eval_Prefixoid	0.0416666666667	InternModEr_Prefixoid	0.0416666666667	Rus_Prefixoid	0.0416666666667	Intern_ReducedPrefixoid	0.0416666666667	NI_Prefixoid	0.0416666666667	Reduced_Prefixoid	0.0416666666667	NAI_Prefixoid	0.0416666666667	Intern_Prefixoid	0.0416666666667	BEZer_Prefixoid	0.0416666666667	InternHy_Prefixoid	0.0416666666667	KOE_Prefixoid	0.0416666666667	ProperNamePrefixoid	0.0416666666667	RusHy_Prefixoid	0.0416666666667	BEZ_Prefixoid	0.0416666666667	NE_Prefixoid	0.0416666666667	ParticipleShortForm	0.5	ParticipleFullForm	0.5	Singular	1.0	Four	0.2	SevenEight	0.2	Two	0.2	Three	0.2	FiveAndMore	0.2	AdjectiveFullForm	0.333333333333	AdjectiveShortFlectional	0.333333333333	AdjectiveShortForm	0.333333333333	NounProperNameDimin	0.111111111111	NounProperName	0.111111111111	NounProperGeneral	0.111111111111	NounProperTown	0.111111111111	NounProperSurNameFlective	0.111111111111	NounProperPatronymic	0.111111111111	AdjectiveProper	0.111111111111	AbbrProperGeneral	0.111111111111	NounProperSurNameForeign	0.111111111111	NormalNumberParadigm	1.0	FullRealization	1.0
69	183	23	23	488136	488135	ZeroTypeOfCoordination	1.0	NoPlacement	1.0	NormalCapitalization	1.0	NotDefaultFiller	1.0	NoContrast	1.0	NoLeftmostPlacement	1.0	FullRealization	1.0	NoRightmostPlacement	1.0	NormalNumberParadigm	1.0	NotLeftConjunct	1.0	NormalClassifyingCapitalization	1.0	ZeroDoubleConjunct	1.0	NotCommonChild	1.0	NotEllipted	1.0	NormalMorphForm	1.0	NotControlled	1.0	NotRightConjunct	1.0
69	186	октября	октября	488137	488136	Inanimate	1.0	NonReflexive	0.25	ImperfectiveReflexivity	0.25	Reflexive	0.25	FullReflexivity	0.25	NormalMorphForm	1.0	DefectOne	0.2	DefectFour	0.2	Byt	0.2	DefectThree	0.2	DefectTwo	0.2	GTNoun	1.0	NotEllipted	1.0	VocalForm	0.5	NForm	0.5	NotControlled	1.0	ZeroTypeOfCoordination	1.0	NoCompositeness	1.0	DegreeComparative	0.333333333333	DegreeSuperlative	0.333333333333	DegreePositive	0.333333333333	Adverb_With_Hyphen	0.5	Adverb_Un_Hyphen	0.5	DeclensionNominal	1.0	Un_Comp_Suf	1.0	BiAspectual	0.333333333333	MonoAspectual	0.333333333333	Paired	0.333333333333	NoSynthComparative	0.25	FullSynthComparison	0.25	OnlySuperlative	0.25	NoSynthSuperlative	0.25	MTwo	0.333333333333	MOne	0.333333333333	MThree	0.333333333333	NormalClassifyingCapitalization	1.0	Past	0.333333333333	Future	0.333333333333	Present	0.333333333333	Noun	1.0	ZeroDoubleConjunct	1.0	NotCommonChild	1.0	Genitive	0.5	Partitive	0.5	RCDemonstrative	0.111111111111	RCNegative	0.111111111111	RCNoun	0.111111111111	RCPossessive	0.111111111111	RCIndefinite	0.111111111111	RCPersonal	0.111111111111	RCReflexive	0.111111111111	RCInterrogative	0.111111111111	RCAttributive	0.111111111111	NoPlacement	1.0	Perfective	0.5	Imperfective	0.5	NotDefaultFiller	1.0	Masculine	1.0	NoLeftmostPlacement	1.0	UnIterat	0.5	Iterat	0.5	NoRightmostPlacement	1.0	NotLeftConjunct	1.0	PersonFirst	0.25	PersonThird	0.25	PersonSecond	0.25	PersonZero	0.25	Active	0.333333333333	Passive	0.333333333333	VoiceSya	0.333333333333	VerbTransitive	0.25	VerbIntransitive	0.25	VerbIntransitiveSpecial	0.25	VerbTransitiveSpecial	0.25	NotRightConjunct	1.0	NoSpecialCaseForm	1.0	NoContrast	1.0	NormalCapitalization	1.0	V_Prefixoid	0.0416666666667	POL_Prefixoid	0.0416666666667	PO_Prefixoid	0.0416666666667	Letter_Prefixoid	0.0416666666667	InternMod_Prefixoid	0.0416666666667	Chem_Prefixoid	0.0416666666667	BES_Prefixoid	0.0416666666667	Chemical_Possible	0.0416666666667	VPOL_Prefixoid	0.0416666666667	Eval_Prefixoid	0.0416666666667	InternModEr_Prefixoid	0.0416666666667	Rus_Prefixoid	0.0416666666667	Intern_ReducedPrefixoid	0.0416666666667	NI_Prefixoid	0.0416666666667	Reduced_Prefixoid	0.0416666666667	NAI_Prefixoid	0.0416666666667	Intern_Prefixoid	0.0416666666667	BEZer_Prefixoid	0.0416666666667	InternHy_Prefixoid	0.0416666666667	KOE_Prefixoid	0.0416666666667	ProperNamePrefixoid	0.0416666666667	RusHy_Prefixoid	0.0416666666667	BEZ_Prefixoid	0.0416666666667	NE_Prefixoid	0.0416666666667	ParticipleShortForm	0.5	ParticipleFullForm	0.5	Singular	1.0	Four	0.2	SevenEight	0.2	Two	0.2	Three	0.2	FiveAndMore	0.2	AdjectiveFullForm	0.333333333333	AdjectiveShortFlectional	0.333333333333	AdjectiveShortForm	0.333333333333	NounProperNameDimin	0.111111111111	NounProperName	0.111111111111	NounProperGeneral	0.111111111111	NounProperTown	0.111111111111	NounProperSurNameFlective	0.111111111111	NounProperPatronymic	0.111111111111	AdjectiveProper	0.111111111111	AbbrProperGeneral	0.111111111111	NounProperSurNameForeign	0.111111111111	NormalNumberParadigm	1.0	FullRealization	1.0
69	195	по	по	488141	488140	Animate	0.5	Inanimate	0.5	NonReflexive	0.25	ImperfectiveReflexivity	0.25	Reflexive	0.25	FullReflexivity	0.25	NormalMorphForm	1.0	DefectOne	0.2	DefectFour	0.2	Byt	0.2	DefectThree	0.2	DefectTwo	0.2	GTInvariable	1.0	NotEllipted	1.0	VocalForm	0.5	NForm	0.5	NotControlled	1.0	ZeroTypeOfCoordination	1.0	Composite_ComplexNumeral	0.0714285714286	Composite_cko	0.0714285714286	NoCompositeness	0.0714285714286	Composite_cki	0.0714285714286	Composite_o	0.0714285714286	Composite_NumeralFull	0.0714285714286	Composite_NumeralShort	0.0714285714286	Composite_null	0.0714285714286	Composite_iko	0.0714285714286	Composite_sko	0.0714285714286	Composite_e	0.0714285714286	Composite_Numeral	0.0714285714286	Composite_usek	0.0714285714286	Composite_ski	0.0714285714286	DegreeComparative	0.333333333333	DegreeSuperlative	0.333333333333	DegreePositive	0.333333333333	Adverb_With_Hyphen	0.5	Adverb_Un_Hyphen	0.5	DeclensionMixed	0.25	DeclensionAdjectival	0.25	DeclensionNominal	0.25	Indeclinable	0.25	Comp_PunctuatorPref	0.0625	Comp_Suffixoid_Num_IJ	0.0625	Comp_PunctuatorPostSeparable	0.0625	Un_Comp_Suf	0.0625	Comp_SuffixoidAbbr	0.0625	Comp_Noun	0.0625	Comp_Suffixoid_Num_J	0.0625	Comp_PunctuatorPost	0.0625	Comp_PunctuatorPrefSeparable	0.0625	Comp_Suffixoid_Num_OJ	0.0625	Comp_Prefixoid	0.0625	Comp_Suffixoid	0.0625	Comp_Suffixoid_Chem	0.0625	Comp_Suffixoid_Num_PercentYJ	0.0625	Comp_Suffixoid_Num_YJ	0.0625	Comp_Adj	0.0625	BiAspectual	0.333333333333	MonoAspectual	0.333333333333	Paired	0.333333333333	NoSynthComparative	0.25	FullSynthComparison	0.25	OnlySuperlative	0.25	NoSynthSuperlative	0.25	MTwo	0.333333333333	MOne	0.333333333333	MThree	0.333333333333	NormalClassifyingCapitalization	1.0	Past	0.333333333333	Future	0.333333333333	Present	0.333333333333	Preposition	1.0	ZeroDoubleConjunct	1.0	NotCommonChild	1.0	Accusative	0.0909090909091	Prepositional	0.0909090909091	Instrumental	0.0909090909091	Dative	0.0909090909091	ZeroCase	0.0909090909091	Locative	0.0909090909091	Genitive	0.0909090909091	Partitive	0.0909090909091	Nominative	0.0909090909091	DativeSpecial	0.0909090909091	Vocative	0.0909090909091	RCDemonstrative	0.111111111111	RCNegative	0.111111111111	RCNoun	0.111111111111	RCPossessive	0.111111111111	RCIndefinite	0.111111111111	RCPersonal	0.111111111111	RCReflexive	0.111111111111	RCInterrogative	0.111111111111	RCAttributive	0.111111111111	NoPlacement	1.0	Perfective	0.5	Imperfective	0.5	NotDefaultFiller	1.0	Feminine	0.25	Common	0.25	Masculine	0.25	Neuter	0.25	NoLeftmostPlacement	1.0	UnIterat	0.5	Iterat	0.5	NoRightmostPlacement	1.0	NotLeftConjunct	1.0	PersonFirst	0.25	PersonThird	0.25	PersonSecond	0.25	PersonZero	0.25	Active	0.333333333333	Passive	0.333333333333	VoiceSya	0.333333333333	VerbTransitive	0.25	VerbIntransitive	0.25	VerbIntransitiveSpecial	0.25	VerbTransitiveSpecial	0.25	NotRightConjunct	1.0	Plural_consonant	0.111111111111	Genitive_Locative_u	0.111111111111	Locative_u	0.111111111111	NoSpecialCaseForm	0.111111111111	SpecialVocative	0.111111111111	GenitivePlural_Zero	0.111111111111	SpecialPlual	0.111111111111	NominativePlural_a	0.111111111111	Genitive_u	0.111111111111	NoContrast	1.0	NormalCapitalization	1.0	V_Prefixoid	0.0416666666667	POL_Prefixoid	0.0416666666667	PO_Prefixoid	0.0416666666667	Letter_Prefixoid	0.0416666666667	InternMod_Prefixoid	0.0416666666667	Chem_Prefixoid	0.0416666666667	BES_Prefixoid	0.0416666666667	Chemical_Possible	0.0416666666667	VPOL_Prefixoid	0.0416666666667	Eval_Prefixoid	0.0416666666667	InternModEr_Prefixoid	0.0416666666667	Rus_Prefixoid	0.0416666666667	Intern_ReducedPrefixoid	0.0416666666667	NI_Prefixoid	0.0416666666667	Reduced_Prefixoid	0.0416666666667	NAI_Prefixoid	0.0416666666667	Intern_Prefixoid	0.0416666666667	BEZer_Prefixoid	0.0416666666667	InternHy_Prefixoid	0.0416666666667	KOE_Prefixoid	0.0416666666667	ProperNamePrefixoid	0.0416666666667	RusHy_Prefixoid	0.0416666666667	BEZ_Prefixoid	0.0416666666667	NE_Prefixoid	0.0416666666667	ParticipleShortForm	0.5	ParticipleFullForm	0.5	Plural	0.5	Singular	0.5	Four	0.2	SevenEight	0.2	Two	0.2	Three	0.2	FiveAndMore	0.2	AdjectiveFullForm	0.333333333333	AdjectiveShortFlectional	0.333333333333	AdjectiveShortForm	0.333333333333	NounProperNameDimin	0.111111111111	NounProperName	0.111111111111	NounProperGeneral	0.111111111111	NounProperTown	0.111111111111	NounProperSurNameFlective	0.111111111111	NounProperPatronymic	0.111111111111	AdjectiveProper	0.111111111111	AbbrProperGeneral	0.111111111111	NounProperSurNameForeign	0.111111111111	NormalNumberParadigm	1.0	FullRealization	1.0
69	198	итогам	итогам	488140	488139	Inanimate	1.0	NonReflexive	0.25	ImperfectiveReflexivity	0.25	Reflexive	0.25	FullReflexivity	0.25	NormalMorphForm	1.0	DefectOne	0.2	DefectFour	0.2	Byt	0.2	DefectThree	0.2	DefectTwo	0.2	GTNoun	1.0	NotEllipted	1.0	VocalForm	0.5	NForm	0.5	NotControlled	1.0	ZeroTypeOfCoordination	1.0	NoCompositeness	1.0	DegreeComparative	0.333333333333	DegreeSuperlative	0.333333333333	DegreePositive	0.333333333333	Adverb_With_Hyphen	0.5	Adverb_Un_Hyphen	0.5	DeclensionNominal	1.0	Un_Comp_Suf	1.0	BiAspectual	0.333333333333	MonoAspectual	0.333333333333	Paired	0.333333333333	NoSynthComparative	0.25	FullSynthComparison	0.25	OnlySuperlative	0.25	NoSynthSuperlative	0.25	MTwo	0.333333333333	MOne	0.333333333333	MThree	0.333333333333	NormalClassifyingCapitalization	1.0	Past	0.333333333333	Future	0.333333333333	Present	0.333333333333	Noun	1.0	ZeroDoubleConjunct	1.0	NotCommonChild	1.0	Dative	1.0	RCDemonstrative	0.111111111111	RCNegative	0.111111111111	RCNoun	0.111111111111	RCPossessive	0.111111111111	RCIndefinite	0.111111111111	RCPersonal	0.111111111111	RCReflexive	0.111111111111	RCInterrogative	0.111111111111	RCAttributive	0.111111111111	NoPlacement	1.0	Perfective	0.5	Imperfective	0.5	NotDefaultFiller	1.0	Masculine	1.0	NoLeftmostPlacement	1.0	UnIterat	0.5	Iterat	0.5	NoRightmostPlacement	1.0	NotLeftConjunct	1.0	PersonFirst	0.25	PersonThird	0.25	PersonSecond	0.25	PersonZero	0.25	Active	0.333333333333	Passive	0.333333333333	VoiceSya	0.333333333333	VerbTransitive	0.25	VerbIntransitive	0.25	VerbIntransitiveSpecial	0.25	VerbTransitiveSpecial	0.25	NotRightConjunct	1.0	NoSpecialCaseForm	1.0	NoContrast	1.0	NormalCapitalization	1.0	V_Prefixoid	0.0416666666667	POL_Prefixoid	0.0416666666667	PO_Prefixoid	0.0416666666667	Letter_Prefixoid	0.0416666666667	InternMod_Prefixoid	0.0416666666667	Chem_Prefixoid	0.0416666666667	BES_Prefixoid	0.0416666666667	Chemical_Possible	0.0416666666667	VPOL_Prefixoid	0.0416666666667	Eval_Prefixoid	0.0416666666667	InternModEr_Prefixoid	0.0416666666667	Rus_Prefixoid	0.0416666666667	Intern_ReducedPrefixoid	0.0416666666667	NI_Prefixoid	0.0416666666667	Reduced_Prefixoid	0.0416666666667	NAI_Prefixoid	0.0416666666667	Intern_Prefixoid	0.0416666666667	BEZer_Prefixoid	0.0416666666667	InternHy_Prefixoid	0.0416666666667	KOE_Prefixoid	0.0416666666667	ProperNamePrefixoid	0.0416666666667	RusHy_Prefixoid	0.0416666666667	BEZ_Prefixoid	0.0416666666667	NE_Prefixoid	0.0416666666667	ParticipleShortForm	0.5	ParticipleFullForm	0.5	Plural	1.0	Four	0.2	SevenEight	0.2	Two	0.2	Three	0.2	FiveAndMore	0.2	AdjectiveFullForm	0.333333333333	AdjectiveShortFlectional	0.333333333333	AdjectiveShortForm	0.333333333333	NounProperNameDimin	0.111111111111	NounProperName	0.111111111111	NounProperGeneral	0.111111111111	NounProperTown	0.111111111111	NounProperSurNameFlective	0.111111111111	NounProperPatronymic	0.111111111111	AdjectiveProper	0.111111111111	AbbrProperGeneral	0.111111111111	NounProperSurNameForeign	0.111111111111	NormalNumberParadigm	1.0	FullRealization	1.0
69	205	которого	которого	488142	488140	Animate	0.5	Inanimate	0.5	NonReflexive	0.25	ImperfectiveReflexivity	0.25	Reflexive	0.25	FullReflexivity	0.25	NormalMorphForm	1.0	DefectOne	0.2	DefectFour	0.2	Byt	0.2	DefectThree	0.2	DefectTwo	0.2	GTAdjectiveAttributive	1.0	NotEllipted	1.0	VocalForm	0.5	NForm	0.5	NotControlled	1.0	ZeroTypeOfCoordination	1.0	Composite_ComplexNumeral	0.0714285714286	Composite_cko	0.0714285714286	NoCompositeness	0.0714285714286	Composite_cki	0.0714285714286	Composite_o	0.0714285714286	Composite_NumeralFull	0.0714285714286	Composite_NumeralShort	0.0714285714286	Composite_null	0.0714285714286	Composite_iko	0.0714285714286	Composite_sko	0.0714285714286	Composite_e	0.0714285714286	Composite_Numeral	0.0714285714286	Composite_usek	0.0714285714286	Composite_ski	0.0714285714286	DegreeComparative	0.333333333333	DegreeSuperlative	0.333333333333	DegreePositive	0.333333333333	Adverb_With_Hyphen	0.5	Adverb_Un_Hyphen	0.5	DeclensionMixed	0.25	DeclensionAdjectival	0.25	DeclensionNominal	0.25	Indeclinable	0.25	Comp_PunctuatorPref	0.0625	Comp_Suffixoid_Num_IJ	0.0625	Comp_PunctuatorPostSeparable	0.0625	Un_Comp_Suf	0.0625	Comp_SuffixoidAbbr	0.0625	Comp_Noun	0.0625	Comp_Suffixoid_Num_J	0.0625	Comp_PunctuatorPost	0.0625	Comp_PunctuatorPrefSeparable	0.0625	Comp_Suffixoid_Num_OJ	0.0625	Comp_Prefixoid	0.0625	Comp_Suffixoid	0.0625	Comp_Suffixoid_Chem	0.0625	Comp_Suffixoid_Num_PercentYJ	0.0625	Comp_Suffixoid_Num_YJ	0.0625	Comp_Adj	0.0625	BiAspectual	0.333333333333	MonoAspectual	0.333333333333	Paired	0.333333333333	NoSynthComparative	0.25	FullSynthComparison	0.25	OnlySuperlative	0.25	NoSynthSuperlative	0.25	MTwo	0.333333333333	MOne	0.333333333333	MThree	0.333333333333	NormalClassifyingCapitalization	1.0	Past	0.333333333333	Future	0.333333333333	Present	0.333333333333	Pronoun	1.0	ZeroDoubleConjunct	1.0	NotCommonChild	1.0	Accusative	0.333333333333	Genitive	0.333333333333	Partitive	0.333333333333	RCInterrogative	1.0	NoPlacement	1.0	Perfective	0.5	Imperfective	0.5	NotDefaultFiller	1.0	Masculine	0.5	Neuter	0.5	NoLeftmostPlacement	1.0	UnIterat	0.5	Iterat	0.5	NoRightmostPlacement	1.0	NotLeftConjunct	1.0	PersonFirst	0.25	PersonThird	0.25	PersonSecond	0.25	PersonZero	0.25	Active	0.333333333333	Passive	0.333333333333	VoiceSya	0.333333333333	VerbTransitive	0.25	VerbIntransitive	0.25	VerbIntransitiveSpecial	0.25	VerbTransitiveSpecial	0.25	NotRightConjunct	1.0	Plural_consonant	0.111111111111	Genitive_Locative_u	0.111111111111	Locative_u	0.111111111111	NoSpecialCaseForm	0.111111111111	SpecialVocative	0.111111111111	GenitivePlural_Zero	0.111111111111	SpecialPlual	0.111111111111	NominativePlural_a	0.111111111111	Genitive_u	0.111111111111	NoContrast	1.0	NormalCapitalization	1.0	V_Prefixoid	0.0416666666667	POL_Prefixoid	0.0416666666667	PO_Prefixoid	0.0416666666667	Letter_Prefixoid	0.0416666666667	InternMod_Prefixoid	0.0416666666667	Chem_Prefixoid	0.0416666666667	BES_Prefixoid	0.0416666666667	Chemical_Possible	0.0416666666667	VPOL_Prefixoid	0.0416666666667	Eval_Prefixoid	0.0416666666667	InternModEr_Prefixoid	0.0416666666667	Rus_Prefixoid	0.0416666666667	Intern_ReducedPrefixoid	0.0416666666667	NI_Prefixoid	0.0416666666667	Reduced_Prefixoid	0.0416666666667	NAI_Prefixoid	0.0416666666667	Intern_Prefixoid	0.0416666666667	BEZer_Prefixoid	0.0416666666667	InternHy_Prefixoid	0.0416666666667	KOE_Prefixoid	0.0416666666667	ProperNamePrefixoid	0.0416666666667	RusHy_Prefixoid	0.0416666666667	BEZ_Prefixoid	0.0416666666667	NE_Prefixoid	0.0416666666667	ParticipleShortForm	0.5	ParticipleFullForm	0.5	Singular	1.0	Four	0.2	SevenEight	0.2	Two	0.2	Three	0.2	FiveAndMore	0.2	AdjectiveFullForm	1.0	NounProperNameDimin	0.111111111111	NounProperName	0.111111111111	NounProperGeneral	0.111111111111	NounProperTown	0.111111111111	NounProperSurNameFlective	0.111111111111	NounProperPatronymic	0.111111111111	AdjectiveProper	0.111111111111	AbbrProperGeneral	0.111111111111	NounProperSurNameForeign	0.111111111111	NormalNumberParadigm	1.0	FullRealization	1.0
69	214	уступил	уступил	488139	488132	Animate	0.5	Inanimate	0.5	ImperfectiveReflexivity	1.0	NormalMorphForm	1.0	DefectOne	0.2	DefectFour	0.2	Byt	0.2	DefectThree	0.2	DefectTwo	0.2	GTVerb	1.0	NotEllipted	1.0	VocalForm	0.5	NForm	0.5	NotControlled	1.0	ZeroTypeOfCoordination	1.0	Composite_ComplexNumeral	0.0714285714286	Composite_cko	0.0714285714286	NoCompositeness	0.0714285714286	Composite_cki	0.0714285714286	Composite_o	0.0714285714286	Composite_NumeralFull	0.0714285714286	Composite_NumeralShort	0.0714285714286	Composite_null	0.0714285714286	Composite_iko	0.0714285714286	Composite_sko	0.0714285714286	Composite_e	0.0714285714286	Composite_Numeral	0.0714285714286	Composite_usek	0.0714285714286	Composite_ski	0.0714285714286	DegreeComparative	0.333333333333	DegreeSuperlative	0.333333333333	DegreePositive	0.333333333333	Adverb_With_Hyphen	0.5	Adverb_Un_Hyphen	0.5	DeclensionMixed	0.25	DeclensionAdjectival	0.25	DeclensionNominal	0.25	Indeclinable	0.25	Comp_PunctuatorPref	0.0625	Comp_Suffixoid_Num_IJ	0.0625	Comp_PunctuatorPostSeparable	0.0625	Un_Comp_Suf	0.0625	Comp_SuffixoidAbbr	0.0625	Comp_Noun	0.0625	Comp_Suffixoid_Num_J	0.0625	Comp_PunctuatorPost	0.0625	Comp_PunctuatorPrefSeparable	0.0625	Comp_Suffixoid_Num_OJ	0.0625	Comp_Prefixoid	0.0625	Comp_Suffixoid	0.0625	Comp_Suffixoid_Chem	0.0625	Comp_Suffixoid_Num_PercentYJ	0.0625	Comp_Suffixoid_Num_YJ	0.0625	Comp_Adj	0.0625	Paired	1.0	NoSynthComparative	0.25	FullSynthComparison	0.25	OnlySuperlative	0.25	NoSynthSuperlative	0.25	MTwo	0.333333333333	MOne	0.333333333333	MThree	0.333333333333	NormalClassifyingCapitalization	1.0	Past	1.0	Verb	1.0	ZeroDoubleConjunct	1.0	NotCommonChild	1.0	Accusative	0.0909090909091	Prepositional	0.0909090909091	Instrumental	0.0909090909091	Dative	0.0909090909091	ZeroCase	0.0909090909091	Locative	0.0909090909091	Genitive	0.0909090909091	Partitive	0.0909090909091	Nominative	0.0909090909091	DativeSpecial	0.0909090909091	Vocative	0.0909090909091	RCDemonstrative	0.111111111111	RCNegative	0.111111111111	RCNoun	0.111111111111	RCPossessive	0.111111111111	RCIndefinite	0.111111111111	RCPersonal	0.111111111111	RCReflexive	0.111111111111	RCInterrogative	0.111111111111	RCAttributive	0.111111111111	NoPlacement	1.0	Perfective	1.0	NotDefaultFiller	1.0	Masculine	1.0	NoLeftmostPlacement	1.0	UnIterat	1.0	NoRightmostPlacement	1.0	NotLeftConjunct	1.0	PersonFirst	0.25	PersonThird	0.25	PersonSecond	0.25	PersonZero	0.25	Active	1.0	VerbTransitive	1.0	NotRightConjunct	1.0	Plural_consonant	0.111111111111	Genitive_Locative_u	0.111111111111	Locative_u	0.111111111111	NoSpecialCaseForm	0.111111111111	SpecialVocative	0.111111111111	GenitivePlural_Zero	0.111111111111	SpecialPlual	0.111111111111	NominativePlural_a	0.111111111111	Genitive_u	0.111111111111	NoContrast	1.0	NormalCapitalization	1.0	V_Prefixoid	0.0416666666667	POL_Prefixoid	0.0416666666667	PO_Prefixoid	0.0416666666667	Letter_Prefixoid	0.0416666666667	InternMod_Prefixoid	0.0416666666667	Chem_Prefixoid	0.0416666666667	BES_Prefixoid	0.0416666666667	Chemical_Possible	0.0416666666667	VPOL_Prefixoid	0.0416666666667	Eval_Prefixoid	0.0416666666667	InternModEr_Prefixoid	0.0416666666667	Rus_Prefixoid	0.0416666666667	Intern_ReducedPrefixoid	0.0416666666667	NI_Prefixoid	0.0416666666667	Reduced_Prefixoid	0.0416666666667	NAI_Prefixoid	0.0416666666667	Intern_Prefixoid	0.0416666666667	BEZer_Prefixoid	0.0416666666667	InternHy_Prefixoid	0.0416666666667	KOE_Prefixoid	0.0416666666667	ProperNamePrefixoid	0.0416666666667	RusHy_Prefixoid	0.0416666666667	BEZ_Prefixoid	0.0416666666667	NE_Prefixoid	0.0416666666667	ParticipleShortForm	0.5	ParticipleFullForm	0.5	Singular	1.0	Four	0.2	SevenEight	0.2	Two	0.2	Three	0.2	FiveAndMore	0.2	AdjectiveFullForm	0.333333333333	AdjectiveShortFlectional	0.333333333333	AdjectiveShortForm	0.333333333333	NounProperNameDimin	0.111111111111	NounProperName	0.111111111111	NounProperGeneral	0.111111111111	NounProperTown	0.111111111111	NounProperSurNameFlective	0.111111111111	NounProperPatronymic	0.111111111111	AdjectiveProper	0.111111111111	AbbrProperGeneral	0.111111111111	NounProperSurNameForeign	0.111111111111	NormalNumberParadigm	1.0	FullRealization	1.0
69	222	победу	победу	488143	488139	Inanimate	1.0	NonReflexive	0.25	ImperfectiveReflexivity	0.25	Reflexive	0.25	FullReflexivity	0.25	NormalMorphForm	1.0	DefectOne	0.2	DefectFour	0.2	Byt	0.2	DefectThree	0.2	DefectTwo	0.2	GTNoun	1.0	NotEllipted	1.0	VocalForm	0.5	NForm	0.5	NotControlled	1.0	ZeroTypeOfCoordination	1.0	NoCompositeness	1.0	DegreeComparative	0.333333333333	DegreeSuperlative	0.333333333333	DegreePositive	0.333333333333	Adverb_With_Hyphen	0.5	Adverb_Un_Hyphen	0.5	DeclensionNominal	1.0	Un_Comp_Suf	1.0	BiAspectual	0.333333333333	MonoAspectual	0.333333333333	Paired	0.333333333333	NoSynthComparative	0.25	FullSynthComparison	0.25	OnlySuperlative	0.25	NoSynthSuperlative	0.25	MTwo	0.333333333333	MOne	0.333333333333	MThree	0.333333333333	NormalClassifyingCapitalization	1.0	Past	0.333333333333	Future	0.333333333333	Present	0.333333333333	Noun	1.0	ZeroDoubleConjunct	1.0	NotCommonChild	1.0	Accusative	1.0	RCDemonstrative	0.111111111111	RCNegative	0.111111111111	RCNoun	0.111111111111	RCPossessive	0.111111111111	RCIndefinite	0.111111111111	RCPersonal	0.111111111111	RCReflexive	0.111111111111	RCInterrogative	0.111111111111	RCAttributive	0.111111111111	NoPlacement	1.0	Perfective	0.5	Imperfective	0.5	NotDefaultFiller	1.0	Feminine	1.0	NoLeftmostPlacement	1.0	UnIterat	0.5	Iterat	0.5	NoRightmostPlacement	1.0	NotLeftConjunct	1.0	PersonFirst	0.25	PersonThird	0.25	PersonSecond	0.25	PersonZero	0.25	Active	0.333333333333	Passive	0.333333333333	VoiceSya	0.333333333333	VerbTransitive	0.25	VerbIntransitive	0.25	VerbIntransitiveSpecial	0.25	VerbTransitiveSpecial	0.25	NotRightConjunct	1.0	NoSpecialCaseForm	1.0	NoContrast	1.0	NormalCapitalization	1.0	V_Prefixoid	0.0416666666667	POL_Prefixoid	0.0416666666667	PO_Prefixoid	0.0416666666667	Letter_Prefixoid	0.0416666666667	InternMod_Prefixoid	0.0416666666667	Chem_Prefixoid	0.0416666666667	BES_Prefixoid	0.0416666666667	Chemical_Possible	0.0416666666667	VPOL_Prefixoid	0.0416666666667	Eval_Prefixoid	0.0416666666667	InternModEr_Prefixoid	0.0416666666667	Rus_Prefixoid	0.0416666666667	Intern_ReducedPrefixoid	0.0416666666667	NI_Prefixoid	0.0416666666667	Reduced_Prefixoid	0.0416666666667	NAI_Prefixoid	0.0416666666667	Intern_Prefixoid	0.0416666666667	BEZer_Prefixoid	0.0416666666667	InternHy_Prefixoid	0.0416666666667	KOE_Prefixoid	0.0416666666667	ProperNamePrefixoid	0.0416666666667	RusHy_Prefixoid	0.0416666666667	BEZ_Prefixoid	0.0416666666667	NE_Prefixoid	0.0416666666667	ParticipleShortForm	0.5	ParticipleFullForm	0.5	Singular	1.0	Four	0.2	SevenEight	0.2	Two	0.2	Three	0.2	FiveAndMore	0.2	AdjectiveFullForm	0.333333333333	AdjectiveShortFlectional	0.333333333333	AdjectiveShortForm	0.333333333333	NounProperNameDimin	0.111111111111	NounProperName	0.111111111111	NounProperGeneral	0.111111111111	NounProperTown	0.111111111111	NounProperSurNameFlective	0.111111111111	NounProperPatronymic	0.111111111111	AdjectiveProper	0.111111111111	AbbrProperGeneral	0.111111111111	NounProperSurNameForeign	0.111111111111	NormalNumberParadigm	1.0	FullRealization	1.0
69	229	Леху	Леху	488144	488139	Animate	0.333333333333	Inanimate	0.333333333333	NonReflexive	0.166666666667	ImperfectiveReflexivity	0.166666666667	Reflexive	0.166666666667	FullReflexivity	0.166666666667	NormalMorphForm	1.0	DefectOne	0.133333333333	DefectFour	0.133333333333	Byt	0.133333333333	DefectThree	0.133333333333	DefectTwo	0.133333333333	GTNoun	0.666666666667	NotEllipted	1.0	VocalForm	0.333333333333	NForm	0.333333333333	NotControlled	1.0	ZeroTypeOfCoordination	1.0	NoCompositeness	0.666666666667	DegreeComparative	0.222222222222	DegreeSuperlative	0.222222222222	DegreePositive	0.222222222222	Adverb_With_Hyphen	0.333333333333	Adverb_Un_Hyphen	0.333333333333	DeclensionMixed	0.333333333333	DeclensionNominal	0.333333333333	Un_Comp_Suf	0.666666666667	BiAspectual	0.222222222222	MonoAspectual	0.222222222222	Paired	0.222222222222	NoSynthComparative	0.166666666667	FullSynthComparison	0.166666666667	OnlySuperlative	0.166666666667	NoSynthSuperlative	0.166666666667	MTwo	0.222222222222	MOne	0.222222222222	MThree	0.222222222222	NormalClassifyingCapitalization	1.0	Past	0.222222222222	Future	0.222222222222	Present	0.222222222222	Noun	0.666666666667	ZeroDoubleConjunct	1.0	NotCommonChild	1.0	Accusative	0.333333333333	Dative	0.333333333333	RCDemonstrative	0.0740740740741	RCNegative	0.0740740740741	RCNoun	0.0740740740741	RCPossessive	0.0740740740741	RCIndefinite	0.0740740740741	RCPersonal	0.0740740740741	RCReflexive	0.0740740740741	RCInterrogative	0.0740740740741	RCAttributive	0.0740740740741	NoPlacement	1.0	Perfective	0.333333333333	Imperfective	0.333333333333	NotDefaultFiller	1.0	Masculine	0.666666666667	NoLeftmostPlacement	1.0	UnIterat	0.333333333333	Iterat	0.333333333333	NoRightmostPlacement	1.0	NotLeftConjunct	1.0	PersonFirst	0.166666666667	PersonThird	0.166666666667	PersonSecond	0.166666666667	PersonZero	0.166666666667	Active	0.222222222222	Passive	0.222222222222	VoiceSya	0.222222222222	VerbTransitive	0.166666666667	VerbIntransitive	0.166666666667	VerbIntransitiveSpecial	0.166666666667	VerbTransitiveSpecial	0.166666666667	NotRightConjunct	1.0	SpecialVocative	0.333333333333	NoSpecialCaseForm	0.333333333333	NoContrast	1.0	NormalCapitalization	1.0	V_Prefixoid	0.0277777777778	POL_Prefixoid	0.0277777777778	PO_Prefixoid	0.0277777777778	Letter_Prefixoid	0.0277777777778	InternMod_Prefixoid	0.0277777777778	Chem_Prefixoid	0.0277777777778	BES_Prefixoid	0.0277777777778	Chemical_Possible	0.0277777777778	VPOL_Prefixoid	0.0277777777778	Eval_Prefixoid	0.0277777777778	InternModEr_Prefixoid	0.0277777777778	Rus_Prefixoid	0.0277777777778	Intern_ReducedPrefixoid	0.0277777777778	NI_Prefixoid	0.0277777777778	Reduced_Prefixoid	0.0277777777778	NAI_Prefixoid	0.0277777777778	Intern_Prefixoid	0.0277777777778	BEZer_Prefixoid	0.0277777777778	InternHy_Prefixoid	0.0277777777778	KOE_Prefixoid	0.0277777777778	ProperNamePrefixoid	0.0277777777778	RusHy_Prefixoid	0.0277777777778	BEZ_Prefixoid	0.0277777777778	NE_Prefixoid	0.0277777777778	ParticipleShortForm	0.333333333333	ParticipleFullForm	0.333333333333	Singular	0.666666666667	Four	0.133333333333	SevenEight	0.133333333333	Two	0.133333333333	Three	0.133333333333	FiveAndMore	0.133333333333	AdjectiveFullForm	0.222222222222	AdjectiveShortFlectional	0.222222222222	AdjectiveShortForm	0.222222222222	NounProperTown	0.333333333333	NounProperNameDimin	0.333333333333	SingulariaTantum	0.333333333333	NormalNumberParadigm	0.666666666667	FullRealization	1.0
69	234	Качиньскому	Качиньскому	488145	488144	Animate	1.0	NonReflexive	0.25	ImperfectiveReflexivity	0.25	Reflexive	0.25	FullReflexivity	0.25	NormalMorphForm	1.0	DefectOne	0.2	DefectFour	0.2	Byt	0.2	DefectThree	0.2	DefectTwo	0.2	GTNoun	1.0	NotEllipted	1.0	VocalForm	0.5	NForm	0.5	NotControlled	1.0	ZeroTypeOfCoordination	1.0	NoCompositeness	1.0	DegreeComparative	0.333333333333	DegreeSuperlative	0.333333333333	DegreePositive	0.333333333333	Adverb_With_Hyphen	0.5	Adverb_Un_Hyphen	0.5	DeclensionAdjectival	1.0	Un_Comp_Suf	1.0	BiAspectual	0.333333333333	MonoAspectual	0.333333333333	Paired	0.333333333333	NoSynthComparative	0.25	FullSynthComparison	0.25	OnlySuperlative	0.25	NoSynthSuperlative	0.25	MTwo	0.333333333333	MOne	0.333333333333	MThree	0.333333333333	NormalClassifyingCapitalization	1.0	Past	0.333333333333	Future	0.333333333333	Present	0.333333333333	Noun	1.0	ZeroDoubleConjunct	1.0	NotCommonChild	1.0	Dative	1.0	RCDemonstrative	0.111111111111	RCNegative	0.111111111111	RCNoun	0.111111111111	RCPossessive	0.111111111111	RCIndefinite	0.111111111111	RCPersonal	0.111111111111	RCReflexive	0.111111111111	RCInterrogative	0.111111111111	RCAttributive	0.111111111111	NoPlacement	1.0	Perfective	0.5	Imperfective	0.5	NotDefaultFiller	1.0	Masculine	1.0	NoLeftmostPlacement	1.0	UnIterat	0.5	Iterat	0.5	NoRightmostPlacement	1.0	NotLeftConjunct	1.0	PersonFirst	0.25	PersonThird	0.25	PersonSecond	0.25	PersonZero	0.25	Active	0.333333333333	Passive	0.333333333333	VoiceSya	0.333333333333	VerbTransitive	0.25	VerbIntransitive	0.25	VerbIntransitiveSpecial	0.25	VerbTransitiveSpecial	0.25	NotRightConjunct	1.0	NoSpecialCaseForm	1.0	NoContrast	1.0	NormalCapitalization	1.0	V_Prefixoid	0.0416666666667	POL_Prefixoid	0.0416666666667	PO_Prefixoid	0.0416666666667	Letter_Prefixoid	0.0416666666667	InternMod_Prefixoid	0.0416666666667	Chem_Prefixoid	0.0416666666667	BES_Prefixoid	0.0416666666667	Chemical_Possible	0.0416666666667	VPOL_Prefixoid	0.0416666666667	Eval_Prefixoid	0.0416666666667	InternModEr_Prefixoid	0.0416666666667	Rus_Prefixoid	0.0416666666667	Intern_ReducedPrefixoid	0.0416666666667	NI_Prefixoid	0.0416666666667	Reduced_Prefixoid	0.0416666666667	NAI_Prefixoid	0.0416666666667	Intern_Prefixoid	0.0416666666667	BEZer_Prefixoid	0.0416666666667	InternHy_Prefixoid	0.0416666666667	KOE_Prefixoid	0.0416666666667	ProperNamePrefixoid	0.0416666666667	RusHy_Prefixoid	0.0416666666667	BEZ_Prefixoid	0.0416666666667	NE_Prefixoid	0.0416666666667	ParticipleShortForm	0.5	ParticipleFullForm	0.5	Singular	1.0	Four	0.2	SevenEight	0.2	Two	0.2	Three	0.2	FiveAndMore	0.2	AdjectiveFullForm	0.333333333333	AdjectiveShortFlectional	0.333333333333	AdjectiveShortForm	0.333333333333	NounProperSurNameFlective	1.0	NormalNumberParadigm	1.0	FullRealization	1.0
75	-1			488189	488183
75	0	По	По	488175	488174	Animate	0.5	Inanimate	0.5	NonReflexive	0.25	ImperfectiveReflexivity	0.25	Reflexive	0.25	FullReflexivity	0.25	NormalMorphForm	1.0	DefectOne	0.2	DefectFour	0.2	Byt	0.2	DefectThree	0.2	DefectTwo	0.2	GTInvariable	0.5	GTNoun	0.5	NotEllipted	1.0	VocalForm	0.5	NForm	0.5	NotControlled	1.0	ZeroTypeOfCoordination	1.0	Composite_ComplexNumeral	0.0357142857143	Composite_cko	0.0357142857143	NoCompositeness	0.535714285714	Composite_cki	0.0357142857143	Composite_o	0.0357142857143	Composite_NumeralFull	0.0357142857143	Composite_NumeralShort	0.0357142857143	Composite_null	0.0357142857143	Composite_iko	0.0357142857143	Composite_sko	0.0357142857143	Composite_e	0.0357142857143	Composite_Numeral	0.0357142857143	Composite_usek	0.0357142857143	Composite_ski	0.0357142857143	DegreeComparative	0.333333333333	DegreeSuperlative	0.333333333333	DegreePositive	0.333333333333	Adverb_With_Hyphen	0.5	Adverb_Un_Hyphen	0.5	DeclensionMixed	0.125	DeclensionAdjectival	0.125	DeclensionNominal	0.125	Indeclinable	0.625	Comp_PunctuatorPref	0.03125	Comp_Suffixoid_Num_IJ	0.03125	Comp_PunctuatorPostSeparable	0.03125	Un_Comp_Suf	0.53125	Comp_SuffixoidAbbr	0.03125	Comp_Noun	0.03125	Comp_Suffixoid_Num_J	0.03125	Comp_PunctuatorPost	0.03125	Comp_PunctuatorPrefSeparable	0.03125	Comp_Suffixoid_Num_OJ	0.03125	Comp_Prefixoid	0.03125	Comp_Suffixoid	0.03125	Comp_Suffixoid_Chem	0.03125	Comp_Suffixoid_Num_PercentYJ	0.03125	Comp_Suffixoid_Num_YJ	0.03125	Comp_Adj	0.03125	BiAspectual	0.333333333333	MonoAspectual	0.333333333333	Paired	0.333333333333	NoSynthComparative	0.25	FullSynthComparison	0.25	OnlySuperlative	0.25	NoSynthSuperlative	0.25	MTwo	0.333333333333	MOne	0.333333333333	MThree	0.333333333333	NormalClassifyingCapitalization	1.0	Past	0.333333333333	Future	0.333333333333	Present	0.333333333333	Preposition	0.5	Noun	0.5	ZeroDoubleConjunct	1.0	NotCommonChild	1.0	Accusative	0.107954545455	Prepositional	0.107954545455	Instrumental	0.107954545455	Dative	0.107954545455	ZeroCase	0.0454545454545	Locative	0.107954545455	Genitive	0.107954545455	Partitive	0.107954545455	Nominative	0.107954545455	DativeSpecial	0.0454545454545	Vocative	0.0454545454545	RCDemonstrative	0.111111111111	RCNegative	0.111111111111	RCNoun	0.111111111111	RCPossessive	0.111111111111	RCIndefinite	0.111111111111	RCPersonal	0.111111111111	RCReflexive	0.111111111111	RCInterrogative	0.111111111111	RCAttributive	0.111111111111	NoPlacement	1.0	Perfective	0.5	Imperfective	0.5	NotDefaultFiller	1.0	Feminine	0.291666666667	Common	0.291666666667	Masculine	0.291666666667	Neuter	0.125	NoLeftmostPlacement	1.0	UnIterat	0.5	Iterat	0.5	NoRightmostPlacement	1.0	NotLeftConjunct	1.0	PersonFirst	0.25	PersonThird	0.25	PersonSecond	0.25	PersonZero	0.25	Active	0.333333333333	Passive	0.333333333333	VoiceSya	0.333333333333	VerbTransitive	0.25	VerbIntransitive	0.25	VerbIntransitiveSpecial	0.25	VerbTransitiveSpecial	0.25	NotRightConjunct	1.0	Plural_consonant	0.111111111111	Genitive_Locative_u	0.111111111111	Locative_u	0.111111111111	NoSpecialCaseForm	0.111111111111	SpecialVocative	0.111111111111	GenitivePlural_Zero	0.111111111111	SpecialPlual	0.111111111111	NominativePlural_a	0.111111111111	Genitive_u	0.111111111111	NoContrast	1.0	NormalCapitalization	1.0	V_Prefixoid	0.0416666666667	POL_Prefixoid	0.0416666666667	PO_Prefixoid	0.0416666666667	Letter_Prefixoid	0.0416666666667	InternMod_Prefixoid	0.0416666666667	Chem_Prefixoid	0.0416666666667	BES_Prefixoid	0.0416666666667	Chemical_Possible	0.0416666666667	VPOL_Prefixoid	0.0416666666667	Eval_Prefixoid	0.0416666666667	InternModEr_Prefixoid	0.0416666666667	Rus_Prefixoid	0.0416666666667	Intern_ReducedPrefixoid	0.0416666666667	NI_Prefixoid	0.0416666666667	Reduced_Prefixoid	0.0416666666667	NAI_Prefixoid	0.0416666666667	Intern_Prefixoid	0.0416666666667	BEZer_Prefixoid	0.0416666666667	InternHy_Prefixoid	0.0416666666667	KOE_Prefixoid	0.0416666666667	ProperNamePrefixoid	0.0416666666667	RusHy_Prefixoid	0.0416666666667	BEZ_Prefixoid	0.0416666666667	NE_Prefixoid	0.0416666666667	ParticipleShortForm	0.5	ParticipleFullForm	0.5	Plural	0.5	Singular	0.5	Four	0.2	SevenEight	0.2	Two	0.2	Three	0.2	FiveAndMore	0.2	AdjectiveFullForm	0.333333333333	AdjectiveShortFlectional	0.333333333333	AdjectiveShortForm	0.333333333333	NounProperNameDimin	0.0555555555556	NounProperName	0.0555555555556	NounProperGeneral	0.222222222222	NounProperTown	0.222222222222	NounProperSurNameFlective	0.0555555555556	NounProperPatronymic	0.0555555555556	AdjectiveProper	0.0555555555556	AbbrProperGeneral	0.0555555555556	NounProperSurNameForeign	0.222222222222	SingulariaTantum	0.25	NormalNumberParadigm	0.75	FullRealization	1.0
75	3	мнению	мнению	488174	488173	Inanimate	1.0	NonReflexive	0.25	ImperfectiveReflexivity	0.25	Reflexive	0.25	FullReflexivity	0.25	NormalMorphForm	1.0	DefectOne	0.2	DefectFour	0.2	Byt	0.2	DefectThree	0.2	DefectTwo	0.2	GTNoun	1.0	NotEllipted	1.0	VocalForm	0.5	NForm	0.5	NotControlled	1.0	ZeroTypeOfCoordination	1.0	NoCompositeness	1.0	DegreeComparative	0.333333333333	DegreeSuperlative	0.333333333333	DegreePositive	0.333333333333	Adverb_With_Hyphen	0.5	Adverb_Un_Hyphen	0.5	DeclensionNominal	1.0	Un_Comp_Suf	1.0	BiAspectual	0.333333333333	MonoAspectual	0.333333333333	Paired	0.333333333333	NoSynthComparative	0.25	FullSynthComparison	0.25	OnlySuperlative	0.25	NoSynthSuperlative	0.25	MTwo	0.333333333333	MOne	0.333333333333	MThree	0.333333333333	NormalClassifyingCapitalization	1.0	Past	0.333333333333	Future	0.333333333333	Present	0.333333333333	Noun	1.0	ZeroDoubleConjunct	1.0	NotCommonChild	1.0	Dative	1.0	RCDemonstrative	0.111111111111	RCNegative	0.111111111111	RCNoun	0.111111111111	RCPossessive	0.111111111111	RCIndefinite	0.111111111111	RCPersonal	0.111111111111	RCReflexive	0.111111111111	RCInterrogative	0.111111111111	RCAttributive	0.111111111111	NoPlacement	1.0	Perfective	0.5	Imperfective	0.5	NotDefaultFiller	1.0	Neuter	1.0	NoLeftmostPlacement	1.0	UnIterat	0.5	Iterat	0.5	NoRightmostPlacement	1.0	NotLeftConjunct	1.0	PersonFirst	0.25	PersonThird	0.25	PersonSecond	0.25	PersonZero	0.25	Active	0.333333333333	Passive	0.333333333333	VoiceSya	0.333333333333	VerbTransitive	0.25	VerbIntransitive	0.25	VerbIntransitiveSpecial	0.25	VerbTransitiveSpecial	0.25	NotRightConjunct	1.0	NoSpecialCaseForm	1.0	NoContrast	1.0	NormalCapitalization	1.0	V_Prefixoid	0.0416666666667	POL_Prefixoid	0.0416666666667	PO_Prefixoid	0.0416666666667	Letter_Prefixoid	0.0416666666667	InternMod_Prefixoid	0.0416666666667	Chem_Prefixoid	0.0416666666667	BES_Prefixoid	0.0416666666667	Chemical_Possible	0.0416666666667	VPOL_Prefixoid	0.0416666666667	Eval_Prefixoid	0.0416666666667	InternModEr_Prefixoid	0.0416666666667	Rus_Prefixoid	0.0416666666667	Intern_ReducedPrefixoid	0.0416666666667	NI_Prefixoid	0.0416666666667	Reduced_Prefixoid	0.0416666666667	NAI_Prefixoid	0.0416666666667	Intern_Prefixoid	0.0416666666667	BEZer_Prefixoid	0.0416666666667	InternHy_Prefixoid	0.0416666666667	KOE_Prefixoid	0.0416666666667	ProperNamePrefixoid	0.0416666666667	RusHy_Prefixoid	0.0416666666667	BEZ_Prefixoid	0.0416666666667	NE_Prefixoid	0.0416666666667	ParticipleShortForm	0.5	ParticipleFullForm	0.5	Singular	1.0	Four	0.2	SevenEight	0.2	Two	0.2	Three	0.2	FiveAndMore	0.2	AdjectiveFullForm	0.333333333333	AdjectiveShortFlectional	0.333333333333	AdjectiveShortForm	0.333333333333	NounProperNameDimin	0.111111111111	NounProperName	0.111111111111	NounProperGeneral	0.111111111111	NounProperTown	0.111111111111	NounProperSurNameFlective	0.111111111111	NounProperPatronymic	0.111111111111	AdjectiveProper	0.111111111111	AbbrProperGeneral	0.111111111111	NounProperSurNameForeign	0.111111111111	NormalNumberParadigm	1.0	FullRealization	1.0
75	10	экспертов	экспертов	488176	488174	Animate	1.0	NonReflexive	0.25	ImperfectiveReflexivity	0.25	Reflexive	0.25	FullReflexivity	0.25	NormalMorphForm	1.0	DefectOne	0.2	DefectFour	0.2	Byt	0.2	DefectThree	0.2	DefectTwo	0.2	GTNoun	1.0	NotEllipted	1.0	VocalForm	0.5	NForm	0.5	NotControlled	1.0	ZeroTypeOfCoordination	1.0	NoCompositeness	1.0	DegreeComparative	0.333333333333	DegreeSuperlative	0.333333333333	DegreePositive	0.333333333333	Adverb_With_Hyphen	0.5	Adverb_Un_Hyphen	0.5	DeclensionNominal	1.0	Un_Comp_Suf	1.0	BiAspectual	0.333333333333	MonoAspectual	0.333333333333	Paired	0.333333333333	NoSynthComparative	0.25	FullSynthComparison	0.25	OnlySuperlative	0.25	NoSynthSuperlative	0.25	MTwo	0.333333333333	MOne	0.333333333333	MThree	0.333333333333	NormalClassifyingCapitalization	1.0	Past	0.333333333333	Future	0.333333333333	Present	0.333333333333	Noun	1.0	ZeroDoubleConjunct	1.0	NotCommonChild	1.0	Accusative	0.333333333333	Genitive	0.333333333333	Partitive	0.333333333333	RCDemonstrative	0.111111111111	RCNegative	0.111111111111	RCNoun	0.111111111111	RCPossessive	0.111111111111	RCIndefinite	0.111111111111	RCPersonal	0.111111111111	RCReflexive	0.111111111111	RCInterrogative	0.111111111111	RCAttributive	0.111111111111	NoPlacement	1.0	Perfective	0.5	Imperfective	0.5	NotDefaultFiller	1.0	Masculine	1.0	NoLeftmostPlacement	1.0	UnIterat	0.5	Iterat	0.5	NoRightmostPlacement	1.0	NotLeftConjunct	1.0	PersonFirst	0.25	PersonThird	0.25	PersonSecond	0.25	PersonZero	0.25	Active	0.333333333333	Passive	0.333333333333	VoiceSya	0.333333333333	VerbTransitive	0.25	VerbIntransitive	0.25	VerbIntransitiveSpecial	0.25	VerbTransitiveSpecial	0.25	NotRightConjunct	1.0	NoSpecialCaseForm	1.0	NoContrast	1.0	NormalCapitalization	1.0	V_Prefixoid	0.0416666666667	POL_Prefixoid	0.0416666666667	PO_Prefixoid	0.0416666666667	Letter_Prefixoid	0.0416666666667	InternMod_Prefixoid	0.0416666666667	Chem_Prefixoid	0.0416666666667	BES_Prefixoid	0.0416666666667	Chemical_Possible	0.0416666666667	VPOL_Prefixoid	0.0416666666667	Eval_Prefixoid	0.0416666666667	InternModEr_Prefixoid	0.0416666666667	Rus_Prefixoid	0.0416666666667	Intern_ReducedPrefixoid	0.0416666666667	NI_Prefixoid	0.0416666666667	Reduced_Prefixoid	0.0416666666667	NAI_Prefixoid	0.0416666666667	Intern_Prefixoid	0.0416666666667	BEZer_Prefixoid	0.0416666666667	InternHy_Prefixoid	0.0416666666667	KOE_Prefixoid	0.0416666666667	ProperNamePrefixoid	0.0416666666667	RusHy_Prefixoid	0.0416666666667	BEZ_Prefixoid	0.0416666666667	NE_Prefixoid	0.0416666666667	ParticipleShortForm	0.5	ParticipleFullForm	0.5	Plural	1.0	Four	0.2	SevenEight	0.2	Two	0.2	Three	0.2	FiveAndMore	0.2	AdjectiveFullForm	0.333333333333	AdjectiveShortFlectional	0.333333333333	AdjectiveShortForm	0.333333333333	NounProperNameDimin	0.111111111111	NounProperName	0.111111111111	NounProperGeneral	0.111111111111	NounProperTown	0.111111111111	NounProperSurNameFlective	0.111111111111	NounProperPatronymic	0.111111111111	AdjectiveProper	0.111111111111	AbbrProperGeneral	0.111111111111	NounProperSurNameForeign	0.111111111111	NormalNumberParadigm	1.0	FullRealization	1.0
75	21	в	в	488178	488177	Animate	0.25	Inanimate	0.75	NonReflexive	0.25	ImperfectiveReflexivity	0.25	Reflexive	0.25	FullReflexivity	0.25	NormalMorphForm	1.0	DefectOne	0.2	DefectFour	0.2	Byt	0.2	DefectThree	0.2	DefectTwo	0.2	GTInvariable	0.5	GTNoun	0.5	NotEllipted	1.0	VocalForm	0.5	NForm	0.5	NotControlled	1.0	ZeroTypeOfCoordination	1.0	Composite_ComplexNumeral	0.0357142857143	Composite_cko	0.0357142857143	NoCompositeness	0.535714285714	Composite_cki	0.0357142857143	Composite_o	0.0357142857143	Composite_NumeralFull	0.0357142857143	Composite_NumeralShort	0.0357142857143	Composite_null	0.0357142857143	Composite_iko	0.0357142857143	Composite_sko	0.0357142857143	Composite_e	0.0357142857143	Composite_Numeral	0.0357142857143	Composite_usek	0.0357142857143	Composite_ski	0.0357142857143	DegreeComparative	0.333333333333	DegreeSuperlative	0.333333333333	DegreePositive	0.333333333333	Adverb_With_Hyphen	0.5	Adverb_Un_Hyphen	0.5	DeclensionMixed	0.125	DeclensionAdjectival	0.125	DeclensionNominal	0.125	Indeclinable	0.625	Comp_PunctuatorPref	0.03125	Comp_Suffixoid_Num_IJ	0.03125	Comp_PunctuatorPostSeparable	0.53125	Un_Comp_Suf	0.03125	Comp_SuffixoidAbbr	0.03125	Comp_Noun	0.03125	Comp_Suffixoid_Num_J	0.03125	Comp_PunctuatorPost	0.03125	Comp_PunctuatorPrefSeparable	0.03125	Comp_Suffixoid_Num_OJ	0.03125	Comp_Prefixoid	0.03125	Comp_Suffixoid	0.03125	Comp_Suffixoid_Chem	0.03125	Comp_Suffixoid_Num_PercentYJ	0.03125	Comp_Suffixoid_Num_YJ	0.03125	Comp_Adj	0.03125	BiAspectual	0.333333333333	MonoAspectual	0.333333333333	Paired	0.333333333333	NoSynthComparative	0.25	FullSynthComparison	0.25	OnlySuperlative	0.25	NoSynthSuperlative	0.25	MTwo	0.333333333333	MOne	0.333333333333	MThree	0.333333333333	NormalClassifyingCapitalization	1.0	Past	0.333333333333	Future	0.333333333333	Present	0.333333333333	Preposition	0.5	Noun	0.5	ZeroDoubleConjunct	1.0	NotCommonChild	1.0	Accusative	0.107954545455	Prepositional	0.107954545455	Instrumental	0.107954545455	Dative	0.107954545455	ZeroCase	0.0454545454545	Locative	0.107954545455	Genitive	0.107954545455	Partitive	0.107954545455	Nominative	0.107954545455	DativeSpecial	0.0454545454545	Vocative	0.0454545454545	RCDemonstrative	0.111111111111	RCNegative	0.111111111111	RCNoun	0.111111111111	RCPossessive	0.111111111111	RCIndefinite	0.111111111111	RCPersonal	0.111111111111	RCReflexive	0.111111111111	RCInterrogative	0.111111111111	RCAttributive	0.111111111111	NoPlacement	1.0	Perfective	0.5	Imperfective	0.5	NotDefaultFiller	1.0	Feminine	0.125	Common	0.125	Masculine	0.625	Neuter	0.125	NoLeftmostPlacement	1.0	UnIterat	0.5	Iterat	0.5	NoRightmostPlacement	1.0	NotLeftConjunct	1.0	PersonFirst	0.25	PersonThird	0.25	PersonSecond	0.25	PersonZero	0.25	Active	0.333333333333	Passive	0.333333333333	VoiceSya	0.333333333333	VerbTransitive	0.25	VerbIntransitive	0.25	VerbIntransitiveSpecial	0.25	VerbTransitiveSpecial	0.25	NotRightConjunct	1.0	Plural_consonant	0.111111111111	Genitive_Locative_u	0.111111111111	Locative_u	0.111111111111	NoSpecialCaseForm	0.111111111111	SpecialVocative	0.111111111111	GenitivePlural_Zero	0.111111111111	SpecialPlual	0.111111111111	NominativePlural_a	0.111111111111	Genitive_u	0.111111111111	NoContrast	1.0	NormalCapitalization	1.0	V_Prefixoid	0.0416666666667	POL_Prefixoid	0.0416666666667	PO_Prefixoid	0.0416666666667	Letter_Prefixoid	0.0416666666667	InternMod_Prefixoid	0.0416666666667	Chem_Prefixoid	0.0416666666667	BES_Prefixoid	0.0416666666667	Chemical_Possible	0.0416666666667	VPOL_Prefixoid	0.0416666666667	Eval_Prefixoid	0.0416666666667	InternModEr_Prefixoid	0.0416666666667	Rus_Prefixoid	0.0416666666667	Intern_ReducedPrefixoid	0.0416666666667	NI_Prefixoid	0.0416666666667	Reduced_Prefixoid	0.0416666666667	NAI_Prefixoid	0.0416666666667	Intern_Prefixoid	0.0416666666667	BEZer_Prefixoid	0.0416666666667	InternHy_Prefixoid	0.0416666666667	KOE_Prefixoid	0.0416666666667	ProperNamePrefixoid	0.0416666666667	RusHy_Prefixoid	0.0416666666667	BEZ_Prefixoid	0.0416666666667	NE_Prefixoid	0.0416666666667	ParticipleShortForm	0.5	ParticipleFullForm	0.5	Plural	0.5	Singular	0.5	Four	0.2	SevenEight	0.2	Two	0.2	Three	0.2	FiveAndMore	0.2	AdjectiveFullForm	0.333333333333	AdjectiveShortFlectional	0.333333333333	AdjectiveShortForm	0.333333333333	NounProperNameDimin	0.111111111111	NounProperName	0.111111111111	NounProperGeneral	0.111111111111	NounProperTown	0.111111111111	NounProperSurNameFlective	0.111111111111	NounProperPatronymic	0.111111111111	AdjectiveProper	0.111111111111	AbbrProperGeneral	0.111111111111	NounProperSurNameForeign	0.111111111111	NormalNumberParadigm	1.0	FullRealization	1.0
75	23	новом	новом	488179	488177	Animate	0.5	Inanimate	0.5	NonReflexive	0.25	ImperfectiveReflexivity	0.25	Reflexive	0.25	FullReflexivity	0.25	NormalMorphForm	1.0	DefectOne	0.2	DefectFour	0.2	Byt	0.2	DefectThree	0.2	DefectTwo	0.2	GTAdjective	1.0	NotEllipted	1.0	VocalForm	0.5	NForm	0.5	NotControlled	1.0	ZeroTypeOfCoordination	1.0	NoCompositeness	1.0	DegreePositive	1.0	Adverb_With_Hyphen	0.5	Adverb_Un_Hyphen	0.5	DeclensionMixed	0.25	DeclensionAdjectival	0.25	DeclensionNominal	0.25	Indeclinable	0.25	Un_Comp_Suf	1.0	BiAspectual	0.333333333333	MonoAspectual	0.333333333333	Paired	0.333333333333	FullSynthComparison	1.0	MTwo	0.333333333333	MOne	0.333333333333	MThree	0.333333333333	NormalClassifyingCapitalization	1.0	Past	0.333333333333	Future	0.333333333333	Present	0.333333333333	Adjective	1.0	ZeroDoubleConjunct	1.0	NotCommonChild	1.0	Prepositional	0.5	Locative	0.5	RCDemonstrative	0.111111111111	RCNegative	0.111111111111	RCNoun	0.111111111111	RCPossessive	0.111111111111	RCIndefinite	0.111111111111	RCPersonal	0.111111111111	RCReflexive	0.111111111111	RCInterrogative	0.111111111111	RCAttributive	0.111111111111	NoPlacement	1.0	Perfective	0.5	Imperfective	0.5	NotDefaultFiller	1.0	Masculine	0.5	Neuter	0.5	NoLeftmostPlacement	1.0	UnIterat	0.5	Iterat	0.5	NoRightmostPlacement	1.0	NotLeftConjunct	1.0	PersonFirst	0.25	PersonThird	0.25	PersonSecond	0.25	PersonZero	0.25	Active	0.333333333333	Passive	0.333333333333	VoiceSya	0.333333333333	VerbTransitive	0.25	VerbIntransitive	0.25	VerbIntransitiveSpecial	0.25	VerbTransitiveSpecial	0.25	NotRightConjunct	1.0	Plural_consonant	0.111111111111	Genitive_Locative_u	0.111111111111	Locative_u	0.111111111111	NoSpecialCaseForm	0.111111111111	SpecialVocative	0.111111111111	GenitivePlural_Zero	0.111111111111	SpecialPlual	0.111111111111	NominativePlural_a	0.111111111111	Genitive_u	0.111111111111	NoContrast	1.0	NormalCapitalization	1.0	V_Prefixoid	0.0416666666667	POL_Prefixoid	0.0416666666667	PO_Prefixoid	0.0416666666667	Letter_Prefixoid	0.0416666666667	InternMod_Prefixoid	0.0416666666667	Chem_Prefixoid	0.0416666666667	BES_Prefixoid	0.0416666666667	Chemical_Possible	0.0416666666667	VPOL_Prefixoid	0.0416666666667	Eval_Prefixoid	0.0416666666667	InternModEr_Prefixoid	0.0416666666667	Rus_Prefixoid	0.0416666666667	Intern_ReducedPrefixoid	0.0416666666667	NI_Prefixoid	0.0416666666667	Reduced_Prefixoid	0.0416666666667	NAI_Prefixoid	0.0416666666667	Intern_Prefixoid	0.0416666666667	BEZer_Prefixoid	0.0416666666667	InternHy_Prefixoid	0.0416666666667	KOE_Prefixoid	0.0416666666667	ProperNamePrefixoid	0.0416666666667	RusHy_Prefixoid	0.0416666666667	BEZ_Prefixoid	0.0416666666667	NE_Prefixoid	0.0416666666667	ParticipleShortForm	0.5	ParticipleFullForm	0.5	Singular	1.0	Four	0.2	SevenEight	0.2	Two	0.2	Three	0.2	FiveAndMore	0.2	AdjectiveFullForm	1.0	NounProperNameDimin	0.111111111111	NounProperName	0.111111111111	NounProperGeneral	0.111111111111	NounProperTown	0.111111111111	NounProperSurNameFlective	0.111111111111	NounProperPatronymic	0.111111111111	AdjectiveProper	0.111111111111	AbbrProperGeneral	0.111111111111	NounProperSurNameForeign	0.111111111111	NormalNumberParadigm	1.0	FullRealization	1.0
75	29	правительстве	правительстве	488177	488173	Inanimate	1.0	NonReflexive	0.25	ImperfectiveReflexivity	0.25	Reflexive	0.25	FullReflexivity	0.25	NormalMorphForm	1.0	DefectOne	0.2	DefectFour	0.2	Byt	0.2	DefectThree	0.2	DefectTwo	0.2	GTNoun	1.0	NotEllipted	1.0	VocalForm	0.5	NForm	0.5	NotControlled	1.0	ZeroTypeOfCoordination	1.0	NoCompositeness	1.0	DegreeComparative	0.333333333333	DegreeSuperlative	0.333333333333	DegreePositive	0.333333333333	Adverb_With_Hyphen	0.5	Adverb_Un_Hyphen	0.5	DeclensionNominal	1.0	Un_Comp_Suf	1.0	BiAspectual	0.333333333333	MonoAspectual	0.333333333333	Paired	0.333333333333	NoSynthComparative	0.25	FullSynthComparison	0.25	OnlySuperlative	0.25	NoSynthSuperlative	0.25	MTwo	0.333333333333	MOne	0.333333333333	MThree	0.333333333333	NormalClassifyingCapitalization	1.0	Past	0.333333333333	Future	0.333333333333	Present	0.333333333333	Noun	1.0	ZeroDoubleConjunct	1.0	NotCommonChild	1.0	Prepositional	0.5	Locative	0.5	RCDemonstrative	0.111111111111	RCNegative	0.111111111111	RCNoun	0.111111111111	RCPossessive	0.111111111111	RCIndefinite	0.111111111111	RCPersonal	0.111111111111	RCReflexive	0.111111111111	RCInterrogative	0.111111111111	RCAttributive	0.111111111111	NoPlacement	1.0	Perfective	0.5	Imperfective	0.5	NotDefaultFiller	1.0	Neuter	1.0	NoLeftmostPlacement	1.0	UnIterat	0.5	Iterat	0.5	NoRightmostPlacement	1.0	NotLeftConjunct	1.0	PersonFirst	0.25	PersonThird	0.25	PersonSecond	0.25	PersonZero	0.25	Active	0.333333333333	Passive	0.333333333333	VoiceSya	0.333333333333	VerbTransitive	0.25	VerbIntransitive	0.25	VerbIntransitiveSpecial	0.25	VerbTransitiveSpecial	0.25	NotRightConjunct	1.0	NominativePlural_a	1.0	NoContrast	1.0	NormalCapitalization	1.0	V_Prefixoid	0.0416666666667	POL_Prefixoid	0.0416666666667	PO_Prefixoid	0.0416666666667	Letter_Prefixoid	0.0416666666667	InternMod_Prefixoid	0.0416666666667	Chem_Prefixoid	0.0416666666667	BES_Prefixoid	0.0416666666667	Chemical_Possible	0.0416666666667	VPOL_Prefixoid	0.0416666666667	Eval_Prefixoid	0.0416666666667	InternModEr_Prefixoid	0.0416666666667	Rus_Prefixoid	0.0416666666667	Intern_ReducedPrefixoid	0.0416666666667	NI_Prefixoid	0.0416666666667	Reduced_Prefixoid	0.0416666666667	NAI_Prefixoid	0.0416666666667	Intern_Prefixoid	0.0416666666667	BEZer_Prefixoid	0.0416666666667	InternHy_Prefixoid	0.0416666666667	KOE_Prefixoid	0.0416666666667	ProperNamePrefixoid	0.0416666666667	RusHy_Prefixoid	0.0416666666667	BEZ_Prefixoid	0.0416666666667	NE_Prefixoid	0.0416666666667	ParticipleShortForm	0.5	ParticipleFullForm	0.5	Singular	1.0	Four	0.2	SevenEight	0.2	Two	0.2	Three	0.2	FiveAndMore	0.2	AdjectiveFullForm	0.333333333333	AdjectiveShortFlectional	0.333333333333	AdjectiveShortForm	0.333333333333	NounProperNameDimin	0.111111111111	NounProperName	0.111111111111	NounProperGeneral	0.111111111111	NounProperTown	0.111111111111	NounProperSurNameFlective	0.111111111111	NounProperPatronymic	0.111111111111	AdjectiveProper	0.111111111111	AbbrProperGeneral	0.111111111111	NounProperSurNameForeign	0.111111111111	NormalNumberParadigm	1.0	FullRealization	1.0
75	43	Туск	Туск	488180	488173	Animate	0.75	Inanimate	0.25	NonReflexive	0.625	ImperfectiveReflexivity	0.125	Reflexive	0.125	FullReflexivity	0.125	NormalMorphForm	1.0	DefectOne	0.2	DefectFour	0.2	Byt	0.2	DefectThree	0.2	DefectTwo	0.2	GTVerb	0.5	GTNoun	0.5	NotEllipted	1.0	VocalForm	0.5	NForm	0.5	NotControlled	1.0	ZeroTypeOfCoordination	1.0	Composite_ComplexNumeral	0.0357142857143	Composite_cko	0.0357142857143	NoCompositeness	0.535714285714	Composite_cki	0.0357142857143	Composite_o	0.0357142857143	Composite_NumeralFull	0.0357142857143	Composite_NumeralShort	0.0357142857143	Composite_null	0.0357142857143	Composite_iko	0.0357142857143	Composite_sko	0.0357142857143	Composite_e	0.0357142857143	Composite_Numeral	0.0357142857143	Composite_usek	0.0357142857143	Composite_ski	0.0357142857143	DegreeComparative	0.333333333333	DegreeSuperlative	0.333333333333	DegreePositive	0.333333333333	Adverb_With_Hyphen	0.5	Adverb_Un_Hyphen	0.5	DeclensionMixed	0.25	DeclensionAdjectival	0.25	DeclensionNominal	0.25	Indeclinable	0.25	Comp_PunctuatorPref	0.03125	Comp_Suffixoid_Num_IJ	0.03125	Comp_PunctuatorPostSeparable	0.03125	Un_Comp_Suf	0.53125	Comp_SuffixoidAbbr	0.03125	Comp_Noun	0.03125	Comp_Suffixoid_Num_J	0.03125	Comp_PunctuatorPost	0.03125	Comp_PunctuatorPrefSeparable	0.03125	Comp_Suffixoid_Num_OJ	0.03125	Comp_Prefixoid	0.03125	Comp_Suffixoid	0.03125	Comp_Suffixoid_Chem	0.03125	Comp_Suffixoid_Num_PercentYJ	0.03125	Comp_Suffixoid_Num_YJ	0.03125	Comp_Adj	0.03125	BiAspectual	0.166666666667	MonoAspectual	0.666666666667	Paired	0.166666666667	NoSynthComparative	0.25	FullSynthComparison	0.25	OnlySuperlative	0.25	NoSynthSuperlative	0.25	MTwo	0.333333333333	MOne	0.333333333333	MThree	0.333333333333	NormalClassifyingCapitalization	1.0	Past	0.666666666667	Future	0.166666666667	Present	0.166666666667	Verb	0.5	Noun	0.5	ZeroDoubleConjunct	1.0	NotCommonChild	1.0	Accusative	0.107954545455	Prepositional	0.107954545455	Instrumental	0.107954545455	Dative	0.107954545455	ZeroCase	0.0454545454545	Locative	0.107954545455	Genitive	0.107954545455	Partitive	0.107954545455	Nominative	0.107954545455	DativeSpecial	0.0454545454545	Vocative	0.0454545454545	RCDemonstrative	0.111111111111	RCNegative	0.111111111111	RCNoun	0.111111111111	RCPossessive	0.111111111111	RCIndefinite	0.111111111111	RCPersonal	0.111111111111	RCReflexive	0.111111111111	RCInterrogative	0.111111111111	RCAttributive	0.111111111111	NoPlacement	1.0	Perfective	0.25	Imperfective	0.75	NotDefaultFiller	1.0	Feminine	0.25	Masculine	0.75	NoLeftmostPlacement	1.0	UnIterat	0.75	Iterat	0.25	NoRightmostPlacement	1.0	NotLeftConjunct	1.0	PersonFirst	0.25	PersonThird	0.25	PersonSecond	0.25	PersonZero	0.25	Active	0.666666666667	Passive	0.166666666667	VoiceSya	0.166666666667	VerbTransitive	0.125	VerbIntransitive	0.625	VerbIntransitiveSpecial	0.125	VerbTransitiveSpecial	0.125	NotRightConjunct	1.0	Plural_consonant	0.0555555555556	Genitive_Locative_u	0.0555555555556	Locative_u	0.0555555555556	NoSpecialCaseForm	0.555555555556	SpecialVocative	0.0555555555556	GenitivePlural_Zero	0.0555555555556	SpecialPlual	0.0555555555556	NominativePlural_a	0.0555555555556	Genitive_u	0.0555555555556	NoContrast	1.0	NormalCapitalization	1.0	V_Prefixoid	0.0416666666667	POL_Prefixoid	0.0416666666667	PO_Prefixoid	0.0416666666667	Letter_Prefixoid	0.0416666666667	InternMod_Prefixoid	0.0416666666667	Chem_Prefixoid	0.0416666666667	BES_Prefixoid	0.0416666666667	Chemical_Possible	0.0416666666667	VPOL_Prefixoid	0.0416666666667	Eval_Prefixoid	0.0416666666667	InternModEr_Prefixoid	0.0416666666667	Rus_Prefixoid	0.0416666666667	Intern_ReducedPrefixoid	0.0416666666667	NI_Prefixoid	0.0416666666667	Reduced_Prefixoid	0.0416666666667	NAI_Prefixoid	0.0416666666667	Intern_Prefixoid	0.0416666666667	BEZer_Prefixoid	0.0416666666667	InternHy_Prefixoid	0.0416666666667	KOE_Prefixoid	0.0416666666667	ProperNamePrefixoid	0.0416666666667	RusHy_Prefixoid	0.0416666666667	BEZ_Prefixoid	0.0416666666667	NE_Prefixoid	0.0416666666667	ParticipleShortForm	0.5	ParticipleFullForm	0.5	Plural	0.25	Singular	0.75	Four	0.2	SevenEight	0.2	Two	0.2	Three	0.2	FiveAndMore	0.2	AdjectiveFullForm	0.333333333333	AdjectiveShortFlectional	0.333333333333	AdjectiveShortForm	0.333333333333	NounProperNameDimin	0.0555555555556	NounProperName	0.0555555555556	NounProperGeneral	0.0555555555556	NounProperTown	0.0555555555556	NounProperPatronymic	0.0555555555556	NounProperSurNameFlective	0.0555555555556	AdjectiveProper	0.0555555555556	AbbrProperGeneral	0.0555555555556	NounProperSurNameForeign	0.555555555556	NormalNumberParadigm	1.0	FullRealization	1.0
75	48	станет	станет	488173	-1	Animate	0.5	Inanimate	0.5	ImperfectiveReflexivity	0.5	FullReflexivity	0.5	NormalMorphForm	1.0	DefectOne	0.2	DefectFour	0.2	Byt	0.2	DefectThree	0.2	DefectTwo	0.2	GTVerb	1.0	NotEllipted	1.0	VocalForm	0.5	NForm	0.5	NotControlled	1.0	ZeroTypeOfCoordination	1.0	Composite_ComplexNumeral	0.0714285714286	Composite_cko	0.0714285714286	NoCompositeness	0.0714285714286	Composite_cki	0.0714285714286	Composite_o	0.0714285714286	Composite_NumeralFull	0.0714285714286	Composite_NumeralShort	0.0714285714286	Composite_null	0.0714285714286	Composite_iko	0.0714285714286	Composite_sko	0.0714285714286	Composite_e	0.0714285714286	Composite_Numeral	0.0714285714286	Composite_usek	0.0714285714286	Composite_ski	0.0714285714286	DegreeComparative	0.333333333333	DegreeSuperlative	0.333333333333	DegreePositive	0.333333333333	Adverb_With_Hyphen	0.5	Adverb_Un_Hyphen	0.5	DeclensionMixed	0.25	DeclensionAdjectival	0.25	DeclensionNominal	0.25	Indeclinable	0.25	Comp_PunctuatorPref	0.0625	Comp_Suffixoid_Num_IJ	0.0625	Comp_PunctuatorPostSeparable	0.0625	Un_Comp_Suf	0.0625	Comp_SuffixoidAbbr	0.0625	Comp_Noun	0.0625	Comp_Suffixoid_Num_J	0.0625	Comp_PunctuatorPost	0.0625	Comp_PunctuatorPrefSeparable	0.0625	Comp_Suffixoid_Num_OJ	0.0625	Comp_Prefixoid	0.0625	Comp_Suffixoid	0.0625	Comp_Suffixoid_Chem	0.0625	Comp_Suffixoid_Num_PercentYJ	0.0625	Comp_Suffixoid_Num_YJ	0.0625	Comp_Adj	0.0625	MonoAspectual	0.5	Paired	0.5	NoSynthComparative	0.25	FullSynthComparison	0.25	OnlySuperlative	0.25	NoSynthSuperlative	0.25	MTwo	0.333333333333	MOne	0.333333333333	MThree	0.333333333333	NormalClassifyingCapitalization	1.0	Present	1.0	Verb	1.0	ZeroDoubleConjunct	1.0	NotCommonChild	1.0	Accusative	0.0909090909091	Prepositional	0.0909090909091	Instrumental	0.0909090909091	Dative	0.0909090909091	ZeroCase	0.0909090909091	Locative	0.0909090909091	Genitive	0.0909090909091	Partitive	0.0909090909091	Nominative	0.0909090909091	DativeSpecial	0.0909090909091	Vocative	0.0909090909091	RCDemonstrative	0.111111111111	RCNegative	0.111111111111	RCNoun	0.111111111111	RCPossessive	0.111111111111	RCIndefinite	0.111111111111	RCPersonal	0.111111111111	RCReflexive	0.111111111111	RCInterrogative	0.111111111111	RCAttributive	0.111111111111	NoPlacement	1.0	Perfective	1.0	NotDefaultFiller	1.0	Feminine	0.25	Common	0.25	Masculine	0.25	Neuter	0.25	NoLeftmostPlacement	1.0	UnIterat	1.0	NoRightmostPlacement	1.0	NotLeftConjunct	1.0	PersonThird	1.0	Active	1.0	VerbIntransitive	1.0	NotRightConjunct	1.0	Plural_consonant	0.111111111111	Genitive_Locative_u	0.111111111111	Locative_u	0.111111111111	NoSpecialCaseForm	0.111111111111	SpecialVocative	0.111111111111	GenitivePlural_Zero	0.111111111111	SpecialPlual	0.111111111111	NominativePlural_a	0.111111111111	Genitive_u	0.111111111111	NoContrast	1.0	NormalCapitalization	1.0	V_Prefixoid	0.0416666666667	POL_Prefixoid	0.0416666666667	PO_Prefixoid	0.0416666666667	Letter_Prefixoid	0.0416666666667	InternMod_Prefixoid	0.0416666666667	Chem_Prefixoid	0.0416666666667	BES_Prefixoid	0.0416666666667	Chemical_Possible	0.0416666666667	VPOL_Prefixoid	0.0416666666667	Eval_Prefixoid	0.0416666666667	InternModEr_Prefixoid	0.0416666666667	Rus_Prefixoid	0.0416666666667	Intern_ReducedPrefixoid	0.0416666666667	NI_Prefixoid	0.0416666666667	Reduced_Prefixoid	0.0416666666667	NAI_Prefixoid	0.0416666666667	Intern_Prefixoid	0.0416666666667	BEZer_Prefixoid	0.0416666666667	InternHy_Prefixoid	0.0416666666667	KOE_Prefixoid	0.0416666666667	ProperNamePrefixoid	0.0416666666667	RusHy_Prefixoid	0.0416666666667	BEZ_Prefixoid	0.0416666666667	NE_Prefixoid	0.0416666666667	ParticipleShortForm	0.5	ParticipleFullForm	0.5	Singular	1.0	Four	0.2	SevenEight	0.2	Two	0.2	Three	0.2	FiveAndMore	0.2	AdjectiveFullForm	0.333333333333	AdjectiveShortFlectional	0.333333333333	AdjectiveShortForm	0.333333333333	NounProperNameDimin	0.111111111111	NounProperName	0.111111111111	NounProperGeneral	0.111111111111	NounProperTown	0.111111111111	NounProperSurNameFlective	0.111111111111	NounProperPatronymic	0.111111111111	AdjectiveProper	0.111111111111	AbbrProperGeneral	0.111111111111	NounProperSurNameForeign	0.111111111111	NormalNumberParadigm	1.0	FullRealization	1.0
75	55	премьер-министром	премьер-министром	488181	488173	Animate	0.666666666667	Inanimate	0.333333333333	NonReflexive	0.25	ImperfectiveReflexivity	0.25	Reflexive	0.25	FullReflexivity	0.25	NormalMorphForm	1.0	DefectOne	0.2	DefectFour	0.2	Byt	0.2	DefectThree	0.2	DefectTwo	0.2	GTNoun	1.0	NotEllipted	1.0	VocalForm	0.5	NForm	0.5	NotControlled	1.0	ZeroTypeOfCoordination	1.0	NoCompositeness	1.0	DegreeComparative	0.333333333333	DegreeSuperlative	0.333333333333	DegreePositive	0.333333333333	Adverb_With_Hyphen	0.5	Adverb_Un_Hyphen	0.5	DeclensionNominal	1.0	Un_Comp_Suf	1.0	BiAspectual	0.333333333333	MonoAspectual	0.333333333333	Paired	0.333333333333	NoSynthComparative	0.25	FullSynthComparison	0.25	OnlySuperlative	0.25	NoSynthSuperlative	0.25	MTwo	0.333333333333	MOne	0.333333333333	MThree	0.333333333333	NormalClassifyingCapitalization	1.0	Past	0.333333333333	Future	0.333333333333	Present	0.333333333333	Noun	1.0	ZeroDoubleConjunct	1.0	NotCommonChild	1.0	Instrumental	0.333333333333	Genitive	0.166666666667	Partitive	0.166666666667	Nominative	0.333333333333	RCDemonstrative	0.111111111111	RCNegative	0.111111111111	RCNoun	0.111111111111	RCPossessive	0.111111111111	RCIndefinite	0.111111111111	RCPersonal	0.111111111111	RCReflexive	0.111111111111	RCInterrogative	0.111111111111	RCAttributive	0.111111111111	NoPlacement	1.0	Perfective	0.5	Imperfective	0.5	NotDefaultFiller	1.0	Feminine	0.333333333333	Masculine	0.666666666667	NoLeftmostPlacement	1.0	UnIterat	0.5	Iterat	0.5	NoRightmostPlacement	1.0	NotLeftConjunct	1.0	PersonFirst	0.25	PersonThird	0.25	PersonSecond	0.25	PersonZero	0.25	Active	0.333333333333	Passive	0.333333333333	VoiceSya	0.333333333333	VerbTransitive	0.25	VerbIntransitive	0.25	VerbIntransitiveSpecial	0.25	VerbTransitiveSpecial	0.25	NotRightConjunct	1.0	NoSpecialCaseForm	1.0	NoContrast	1.0	NormalCapitalization	1.0	V_Prefixoid	0.0416666666667	POL_Prefixoid	0.0416666666667	PO_Prefixoid	0.0416666666667	Letter_Prefixoid	0.0416666666667	InternMod_Prefixoid	0.0416666666667	Chem_Prefixoid	0.0416666666667	BES_Prefixoid	0.0416666666667	Chemical_Possible	0.0416666666667	VPOL_Prefixoid	0.0416666666667	Eval_Prefixoid	0.0416666666667	InternModEr_Prefixoid	0.0416666666667	Rus_Prefixoid	0.0416666666667	Intern_ReducedPrefixoid	0.0416666666667	NI_Prefixoid	0.0416666666667	Reduced_Prefixoid	0.0416666666667	NAI_Prefixoid	0.0416666666667	Intern_Prefixoid	0.0416666666667	BEZer_Prefixoid	0.0416666666667	InternHy_Prefixoid	0.0416666666667	KOE_Prefixoid	0.0416666666667	ProperNamePrefixoid	0.0416666666667	RusHy_Prefixoid	0.0416666666667	BEZ_Prefixoid	0.0416666666667	NE_Prefixoid	0.0416666666667	ParticipleShortForm	0.5	ParticipleFullForm	0.5	Plural	0.333333333333	Singular	0.666666666667	Four	0.2	SevenEight	0.2	Two	0.2	Three	0.2	FiveAndMore	0.2	AdjectiveFullForm	0.333333333333	AdjectiveShortFlectional	0.333333333333	AdjectiveShortForm	0.333333333333	NounProperNameDimin	0.111111111111	NounProperName	0.111111111111	NounProperGeneral	0.111111111111	NounProperTown	0.111111111111	NounProperSurNameFlective	0.111111111111	NounProperPatronymic	0.111111111111	AdjectiveProper	0.111111111111	AbbrProperGeneral	0.111111111111	NounProperSurNameForeign	0.111111111111	NormalNumberParadigm	1.0	FullRealization	1.0
75	73	страны	страны	488182	488181	Inanimate	1.0	NonReflexive	0.25	ImperfectiveReflexivity	0.25	Reflexive	0.25	FullReflexivity	0.25	NormalMorphForm	1.0	DefectOne	0.2	DefectFour	0.2	Byt	0.2	DefectThree	0.2	DefectTwo	0.2	GTNoun	1.0	NotEllipted	1.0	VocalForm	0.5	NForm	0.5	NotControlled	1.0	ZeroTypeOfCoordination	1.0	NoCompositeness	1.0	DegreeComparative	0.333333333333	DegreeSuperlative	0.333333333333	DegreePositive	0.333333333333	Adverb_With_Hyphen	0.5	Adverb_Un_Hyphen	0.5	DeclensionNominal	1.0	Un_Comp_Suf	1.0	BiAspectual	0.333333333333	MonoAspectual	0.333333333333	Paired	0.333333333333	NoSynthComparative	0.25	FullSynthComparison	0.25	OnlySuperlative	0.25	NoSynthSuperlative	0.25	MTwo	0.333333333333	MOne	0.333333333333	MThree	0.333333333333	NormalClassifyingCapitalization	1.0	Past	0.333333333333	Future	0.333333333333	Present	0.333333333333	Noun	1.0	ZeroDoubleConjunct	1.0	NotCommonChild	1.0	Accusative	0.25	Genitive	0.25	Partitive	0.25	Nominative	0.25	RCDemonstrative	0.111111111111	RCNegative	0.111111111111	RCNoun	0.111111111111	RCPossessive	0.111111111111	RCIndefinite	0.111111111111	RCPersonal	0.111111111111	RCReflexive	0.111111111111	RCInterrogative	0.111111111111	RCAttributive	0.111111111111	NoPlacement	1.0	Perfective	0.5	Imperfective	0.5	NotDefaultFiller	1.0	Feminine	1.0	NoLeftmostPlacement	1.0	UnIterat	0.5	Iterat	0.5	NoRightmostPlacement	1.0	NotLeftConjunct	1.0	PersonFirst	0.25	PersonThird	0.25	PersonSecond	0.25	PersonZero	0.25	Active	0.333333333333	Passive	0.333333333333	VoiceSya	0.333333333333	VerbTransitive	0.25	VerbIntransitive	0.25	VerbIntransitiveSpecial	0.25	VerbTransitiveSpecial	0.25	NotRightConjunct	1.0	NoSpecialCaseForm	1.0	NoContrast	1.0	NormalCapitalization	1.0	V_Prefixoid	0.0416666666667	POL_Prefixoid	0.0416666666667	PO_Prefixoid	0.0416666666667	Letter_Prefixoid	0.0416666666667	InternMod_Prefixoid	0.0416666666667	Chem_Prefixoid	0.0416666666667	BES_Prefixoid	0.0416666666667	Chemical_Possible	0.0416666666667	VPOL_Prefixoid	0.0416666666667	Eval_Prefixoid	0.0416666666667	InternModEr_Prefixoid	0.0416666666667	Rus_Prefixoid	0.0416666666667	Intern_ReducedPrefixoid	0.0416666666667	NI_Prefixoid	0.0416666666667	Reduced_Prefixoid	0.0416666666667	NAI_Prefixoid	0.0416666666667	Intern_Prefixoid	0.0416666666667	BEZer_Prefixoid	0.0416666666667	InternHy_Prefixoid	0.0416666666667	KOE_Prefixoid	0.0416666666667	ProperNamePrefixoid	0.0416666666667	RusHy_Prefixoid	0.0416666666667	BEZ_Prefixoid	0.0416666666667	NE_Prefixoid	0.0416666666667	ParticipleShortForm	0.5	ParticipleFullForm	0.5	Plural	0.5	Singular	0.5	Four	0.2	SevenEight	0.2	Two	0.2	Three	0.2	FiveAndMore	0.2	AdjectiveFullForm	0.333333333333	AdjectiveShortFlectional	0.333333333333	AdjectiveShortForm	0.333333333333	NounProperNameDimin	0.111111111111	NounProperName	0.111111111111	NounProperGeneral	0.111111111111	NounProperTown	0.111111111111	NounProperSurNameFlective	0.111111111111	NounProperPatronymic	0.111111111111	AdjectiveProper	0.111111111111	AbbrProperGeneral	0.111111111111	NounProperSurNameForeign	0.111111111111	NormalNumberParadigm	1.0	FullRealization	1.0
75	81	сменив	сменив	488183	488173	Animate	0.5	Inanimate	0.5	FullReflexivity	1.0	NormalMorphForm	1.0	DefectOne	0.2	DefectFour	0.2	Byt	0.2	DefectThree	0.2	DefectTwo	0.2	GTAdverb	1.0	NotEllipted	1.0	VocalForm	0.5	NForm	0.5	NotControlled	1.0	ZeroTypeOfCoordination	1.0	Composite_ComplexNumeral	0.0714285714286	Composite_cko	0.0714285714286	NoCompositeness	0.0714285714286	Composite_cki	0.0714285714286	Composite_o	0.0714285714286	Composite_NumeralFull	0.0714285714286	Composite_NumeralShort	0.0714285714286	Composite_null	0.0714285714286	Composite_iko	0.0714285714286	Composite_sko	0.0714285714286	Composite_e	0.0714285714286	Composite_Numeral	0.0714285714286	Composite_usek	0.0714285714286	Composite_ski	0.0714285714286	DegreeComparative	0.333333333333	DegreeSuperlative	0.333333333333	DegreePositive	0.333333333333	Adverb_With_Hyphen	0.5	Adverb_Un_Hyphen	0.5	DeclensionMixed	0.25	DeclensionAdjectival	0.25	DeclensionNominal	0.25	Indeclinable	0.25	Comp_PunctuatorPref	0.0625	Comp_Suffixoid_Num_IJ	0.0625	Comp_PunctuatorPostSeparable	0.0625	Un_Comp_Suf	0.0625	Comp_SuffixoidAbbr	0.0625	Comp_Noun	0.0625	Comp_Suffixoid_Num_J	0.0625	Comp_PunctuatorPost	0.0625	Comp_PunctuatorPrefSeparable	0.0625	Comp_Suffixoid_Num_OJ	0.0625	Comp_Prefixoid	0.0625	Comp_Suffixoid	0.0625	Comp_Suffixoid_Chem	0.0625	Comp_Suffixoid_Num_PercentYJ	0.0625	Comp_Suffixoid_Num_YJ	0.0625	Comp_Adj	0.0625	Paired	1.0	NoSynthComparative	0.25	FullSynthComparison	0.25	OnlySuperlative	0.25	NoSynthSuperlative	0.25	MTwo	0.333333333333	MOne	0.333333333333	MThree	0.333333333333	NormalClassifyingCapitalization	1.0	Past	1.0	Verb	1.0	ZeroDoubleConjunct	1.0	NotCommonChild	1.0	Accusative	0.0909090909091	Prepositional	0.0909090909091	Instrumental	0.0909090909091	Dative	0.0909090909091	ZeroCase	0.0909090909091	Locative	0.0909090909091	Genitive	0.0909090909091	Partitive	0.0909090909091	Nominative	0.0909090909091	DativeSpecial	0.0909090909091	Vocative	0.0909090909091	RCDemonstrative	0.111111111111	RCNegative	0.111111111111	RCNoun	0.111111111111	RCPossessive	0.111111111111	RCIndefinite	0.111111111111	RCPersonal	0.111111111111	RCReflexive	0.111111111111	RCInterrogative	0.111111111111	RCAttributive	0.111111111111	NoPlacement	1.0	Perfective	1.0	NotDefaultFiller	1.0	Feminine	0.25	Common	0.25	Masculine	0.25	Neuter	0.25	NoLeftmostPlacement	1.0	UnIterat	1.0	NoRightmostPlacement	1.0	NotLeftConjunct	1.0	PersonFirst	0.25	PersonThird	0.25	PersonSecond	0.25	PersonZero	0.25	Active	1.0	VerbTransitive	1.0	NotRightConjunct	1.0	Plural_consonant	0.111111111111	Genitive_Locative_u	0.111111111111	Locative_u	0.111111111111	NoSpecialCaseForm	0.111111111111	SpecialVocative	0.111111111111	GenitivePlural_Zero	0.111111111111	SpecialPlual	0.111111111111	NominativePlural_a	0.111111111111	Genitive_u	0.111111111111	NoContrast	1.0	NormalCapitalization	1.0	V_Prefixoid	0.0416666666667	POL_Prefixoid	0.0416666666667	PO_Prefixoid	0.0416666666667	Letter_Prefixoid	0.0416666666667	InternMod_Prefixoid	0.0416666666667	Chem_Prefixoid	0.0416666666667	BES_Prefixoid	0.0416666666667	Chemical_Possible	0.0416666666667	VPOL_Prefixoid	0.0416666666667	Eval_Prefixoid	0.0416666666667	InternModEr_Prefixoid	0.0416666666667	Rus_Prefixoid	0.0416666666667	Intern_ReducedPrefixoid	0.0416666666667	NI_Prefixoid	0.0416666666667	Reduced_Prefixoid	0.0416666666667	NAI_Prefixoid	0.0416666666667	Intern_Prefixoid	0.0416666666667	BEZer_Prefixoid	0.0416666666667	InternHy_Prefixoid	0.0416666666667	KOE_Prefixoid	0.0416666666667	ProperNamePrefixoid	0.0416666666667	RusHy_Prefixoid	0.0416666666667	BEZ_Prefixoid	0.0416666666667	NE_Prefixoid	0.0416666666667	ParticipleShortForm	0.5	ParticipleFullForm	0.5	Plural	0.5	Singular	0.5	Four	0.2	SevenEight	0.2	Two	0.2	Three	0.2	FiveAndMore	0.2	AdjectiveFullForm	0.333333333333	AdjectiveShortFlectional	0.333333333333	AdjectiveShortForm	0.333333333333	NounProperNameDimin	0.111111111111	NounProperName	0.111111111111	NounProperGeneral	0.111111111111	NounProperTown	0.111111111111	NounProperSurNameFlective	0.111111111111	NounProperPatronymic	0.111111111111	AdjectiveProper	0.111111111111	AbbrProperGeneral	0.111111111111	NounProperSurNameForeign	0.111111111111	NormalNumberParadigm	1.0	FullRealization	1.0
75	88	на	на	488185	488184	Animate	0.5	Inanimate	0.5	NonReflexive	0.25	ImperfectiveReflexivity	0.25	Reflexive	0.25	FullReflexivity	0.25	NormalMorphForm	1.0	DefectOne	0.2	DefectFour	0.2	Byt	0.2	DefectThree	0.2	DefectTwo	0.2	GTInvariable	1.0	NotEllipted	1.0	VocalForm	0.5	NForm	0.5	NotControlled	1.0	ZeroTypeOfCoordination	1.0	Composite_ComplexNumeral	0.0714285714286	Composite_cko	0.0714285714286	NoCompositeness	0.0714285714286	Composite_cki	0.0714285714286	Composite_o	0.0714285714286	Composite_NumeralFull	0.0714285714286	Composite_NumeralShort	0.0714285714286	Composite_null	0.0714285714286	Composite_iko	0.0714285714286	Composite_sko	0.0714285714286	Composite_e	0.0714285714286	Composite_Numeral	0.0714285714286	Composite_usek	0.0714285714286	Composite_ski	0.0714285714286	DegreeComparative	0.333333333333	DegreeSuperlative	0.333333333333	DegreePositive	0.333333333333	Adverb_With_Hyphen	0.5	Adverb_Un_Hyphen	0.5	DeclensionMixed	0.25	DeclensionAdjectival	0.25	DeclensionNominal	0.25	Indeclinable	0.25	Comp_PunctuatorPref	0.0625	Comp_Suffixoid_Num_IJ	0.0625	Comp_PunctuatorPostSeparable	0.0625	Un_Comp_Suf	0.0625	Comp_SuffixoidAbbr	0.0625	Comp_Noun	0.0625	Comp_Suffixoid_Num_J	0.0625	Comp_PunctuatorPost	0.0625	Comp_PunctuatorPrefSeparable	0.0625	Comp_Suffixoid_Num_OJ	0.0625	Comp_Prefixoid	0.0625	Comp_Suffixoid	0.0625	Comp_Suffixoid_Chem	0.0625	Comp_Suffixoid_Num_PercentYJ	0.0625	Comp_Suffixoid_Num_YJ	0.0625	Comp_Adj	0.0625	BiAspectual	0.333333333333	MonoAspectual	0.333333333333	Paired	0.333333333333	NoSynthComparative	0.25	FullSynthComparison	0.25	OnlySuperlative	0.25	NoSynthSuperlative	0.25	MTwo	0.333333333333	MOne	0.333333333333	MThree	0.333333333333	NormalClassifyingCapitalization	1.0	Past	0.333333333333	Future	0.333333333333	Present	0.333333333333	Preposition	1.0	ZeroDoubleConjunct	1.0	NotCommonChild	1.0	Accusative	0.0909090909091	Prepositional	0.0909090909091	Instrumental	0.0909090909091	Dative	0.0909090909091	ZeroCase	0.0909090909091	Locative	0.0909090909091	Genitive	0.0909090909091	Partitive	0.0909090909091	Nominative	0.0909090909091	DativeSpecial	0.0909090909091	Vocative	0.0909090909091	RCDemonstrative	0.111111111111	RCNegative	0.111111111111	RCNoun	0.111111111111	RCPossessive	0.111111111111	RCIndefinite	0.111111111111	RCPersonal	0.111111111111	RCReflexive	0.111111111111	RCInterrogative	0.111111111111	RCAttributive	0.111111111111	NoPlacement	1.0	Perfective	0.5	Imperfective	0.5	NotDefaultFiller	1.0	Feminine	0.25	Common	0.25	Masculine	0.25	Neuter	0.25	NoLeftmostPlacement	1.0	UnIterat	0.5	Iterat	0.5	NoRightmostPlacement	1.0	NotLeftConjunct	1.0	PersonFirst	0.25	PersonThird	0.25	PersonSecond	0.25	PersonZero	0.25	Active	0.333333333333	Passive	0.333333333333	VoiceSya	0.333333333333	VerbTransitive	0.25	VerbIntransitive	0.25	VerbIntransitiveSpecial	0.25	VerbTransitiveSpecial	0.25	NotRightConjunct	1.0	Plural_consonant	0.111111111111	Genitive_Locative_u	0.111111111111	Locative_u	0.111111111111	NoSpecialCaseForm	0.111111111111	SpecialVocative	0.111111111111	GenitivePlural_Zero	0.111111111111	SpecialPlual	0.111111111111	NominativePlural_a	0.111111111111	Genitive_u	0.111111111111	NoContrast	1.0	NormalCapitalization	1.0	V_Prefixoid	0.0416666666667	POL_Prefixoid	0.0416666666667	PO_Prefixoid	0.0416666666667	Letter_Prefixoid	0.0416666666667	InternMod_Prefixoid	0.0416666666667	Chem_Prefixoid	0.0416666666667	BES_Prefixoid	0.0416666666667	Chemical_Possible	0.0416666666667	VPOL_Prefixoid	0.0416666666667	Eval_Prefixoid	0.0416666666667	InternModEr_Prefixoid	0.0416666666667	Rus_Prefixoid	0.0416666666667	Intern_ReducedPrefixoid	0.0416666666667	NI_Prefixoid	0.0416666666667	Reduced_Prefixoid	0.0416666666667	NAI_Prefixoid	0.0416666666667	Intern_Prefixoid	0.0416666666667	BEZer_Prefixoid	0.0416666666667	InternHy_Prefixoid	0.0416666666667	KOE_Prefixoid	0.0416666666667	ProperNamePrefixoid	0.0416666666667	RusHy_Prefixoid	0.0416666666667	BEZ_Prefixoid	0.0416666666667	NE_Prefixoid	0.0416666666667	ParticipleShortForm	0.5	ParticipleFullForm	0.5	Plural	0.5	Singular	0.5	Four	0.2	SevenEight	0.2	Two	0.2	Three	0.2	FiveAndMore	0.2	AdjectiveFullForm	0.333333333333	AdjectiveShortFlectional	0.333333333333	AdjectiveShortForm	0.333333333333	NounProperNameDimin	0.111111111111	NounProperName	0.111111111111	NounProperGeneral	0.111111111111	NounProperTown	0.111111111111	NounProperSurNameFlective	0.111111111111	NounProperPatronymic	0.111111111111	AdjectiveProper	0.111111111111	AbbrProperGeneral	0.111111111111	NounProperSurNameForeign	0.111111111111	NormalNumberParadigm	1.0	FullRealization	1.0
75	91	этом	этом	488186	488184	Animate	0.25	Inanimate	0.75	NonReflexive	0.25	ImperfectiveReflexivity	0.25	Reflexive	0.25	FullReflexivity	0.25	NormalMorphForm	1.0	DefectOne	0.2	DefectFour	0.2	Byt	0.2	DefectThree	0.2	DefectTwo	0.2	GTNoun	0.5	GTAdjectiveAttributive	0.5	NotEllipted	1.0	VocalForm	0.5	NForm	0.5	NotControlled	1.0	ZeroTypeOfCoordination	1.0	Composite_ComplexNumeral	0.0357142857143	Composite_cko	0.0357142857143	NoCompositeness	0.535714285714	Composite_cki	0.0357142857143	Composite_o	0.0357142857143	Composite_NumeralFull	0.0357142857143	Composite_NumeralShort	0.0357142857143	Composite_null	0.0357142857143	Composite_iko	0.0357142857143	Composite_sko	0.0357142857143	Composite_e	0.0357142857143	Composite_Numeral	0.0357142857143	Composite_usek	0.0357142857143	Composite_ski	0.0357142857143	DegreeComparative	0.333333333333	DegreeSuperlative	0.333333333333	DegreePositive	0.333333333333	Adverb_With_Hyphen	0.5	Adverb_Un_Hyphen	0.5	DeclensionMixed	0.125	DeclensionAdjectival	0.125	DeclensionNominal	0.625	Indeclinable	0.125	Comp_PunctuatorPref	0.03125	Comp_Suffixoid_Num_IJ	0.03125	Comp_PunctuatorPostSeparable	0.03125	Un_Comp_Suf	0.53125	Comp_SuffixoidAbbr	0.03125	Comp_Noun	0.03125	Comp_Suffixoid_Num_J	0.03125	Comp_PunctuatorPost	0.03125	Comp_PunctuatorPrefSeparable	0.03125	Comp_Suffixoid_Num_OJ	0.03125	Comp_Prefixoid	0.03125	Comp_Suffixoid	0.03125	Comp_Suffixoid_Chem	0.03125	Comp_Suffixoid_Num_PercentYJ	0.03125	Comp_Suffixoid_Num_YJ	0.03125	Comp_Adj	0.03125	BiAspectual	0.333333333333	MonoAspectual	0.333333333333	Paired	0.333333333333	NoSynthComparative	0.25	FullSynthComparison	0.25	OnlySuperlative	0.25	NoSynthSuperlative	0.25	MTwo	0.333333333333	MOne	0.333333333333	MThree	0.333333333333	NormalClassifyingCapitalization	1.0	Past	0.333333333333	Future	0.333333333333	Present	0.333333333333	Noun	0.5	Pronoun	0.5	ZeroDoubleConjunct	1.0	NotCommonChild	1.0	Prepositional	0.5	Locative	0.5	RCDemonstrative	0.555555555556	RCNegative	0.0555555555556	RCNoun	0.0555555555556	RCPossessive	0.0555555555556	RCIndefinite	0.0555555555556	RCPersonal	0.0555555555556	RCReflexive	0.0555555555556	RCInterrogative	0.0555555555556	RCAttributive	0.0555555555556	NoPlacement	1.0	Perfective	0.5	Imperfective	0.5	NotDefaultFiller	1.0	Masculine	0.25	Neuter	0.75	NoLeftmostPlacement	1.0	UnIterat	0.5	Iterat	0.5	NoRightmostPlacement	1.0	NotLeftConjunct	1.0	PersonFirst	0.25	PersonThird	0.25	PersonSecond	0.25	PersonZero	0.25	Active	0.333333333333	Passive	0.333333333333	VoiceSya	0.333333333333	VerbTransitive	0.25	VerbIntransitive	0.25	VerbIntransitiveSpecial	0.25	VerbTransitiveSpecial	0.25	NotRightConjunct	1.0	Plural_consonant	0.0555555555556	Genitive_Locative_u	0.0555555555556	Locative_u	0.0555555555556	NoSpecialCaseForm	0.555555555556	SpecialVocative	0.0555555555556	GenitivePlural_Zero	0.0555555555556	SpecialPlual	0.0555555555556	NominativePlural_a	0.0555555555556	Genitive_u	0.0555555555556	NoContrast	1.0	NormalCapitalization	1.0	V_Prefixoid	0.0416666666667	POL_Prefixoid	0.0416666666667	PO_Prefixoid	0.0416666666667	Letter_Prefixoid	0.0416666666667	InternMod_Prefixoid	0.0416666666667	Chem_Prefixoid	0.0416666666667	BES_Prefixoid	0.0416666666667	Chemical_Possible	0.0416666666667	VPOL_Prefixoid	0.0416666666667	Eval_Prefixoid	0.0416666666667	InternModEr_Prefixoid	0.0416666666667	Rus_Prefixoid	0.0416666666667	Intern_ReducedPrefixoid	0.0416666666667	NI_Prefixoid	0.0416666666667	Reduced_Prefixoid	0.0416666666667	NAI_Prefixoid	0.0416666666667	Intern_Prefixoid	0.0416666666667	BEZer_Prefixoid	0.0416666666667	InternHy_Prefixoid	0.0416666666667	KOE_Prefixoid	0.0416666666667	ProperNamePrefixoid	0.0416666666667	RusHy_Prefixoid	0.0416666666667	BEZ_Prefixoid	0.0416666666667	NE_Prefixoid	0.0416666666667	ParticipleShortForm	0.5	ParticipleFullForm	0.5	Singular	1.0	Four	0.2	SevenEight	0.2	Two	0.2	Three	0.2	FiveAndMore	0.2	AdjectiveFullForm	0.666666666667	AdjectiveShortFlectional	0.166666666667	AdjectiveShortForm	0.166666666667	NounProperNameDimin	0.111111111111	NounProperName	0.111111111111	NounProperGeneral	0.111111111111	NounProperTown	0.111111111111	NounProperSurNameFlective	0.111111111111	NounProperPatronymic	0.111111111111	AdjectiveProper	0.111111111111	AbbrProperGeneral	0.111111111111	NounProperSurNameForeign	0.111111111111	SingulariaTantum	0.5	NormalNumberParadigm	0.5	FullRealization	1.0
75	96	посту	посту	488184	488183	Inanimate	1.0	NonReflexive	0.25	ImperfectiveReflexivity	0.25	Reflexive	0.25	FullReflexivity	0.25	NormalMorphForm	1.0	DefectOne	0.2	DefectFour	0.2	Byt	0.2	DefectThree	0.2	DefectTwo	0.2	GTNoun	1.0	NotEllipted	1.0	VocalForm	0.5	NForm	0.5	NotControlled	1.0	ZeroTypeOfCoordination	1.0	NoCompositeness	1.0	DegreeComparative	0.333333333333	DegreeSuperlative	0.333333333333	DegreePositive	0.333333333333	Adverb_With_Hyphen	0.5	Adverb_Un_Hyphen	0.5	DeclensionNominal	1.0	Un_Comp_Suf	1.0	BiAspectual	0.333333333333	MonoAspectual	0.333333333333	Paired	0.333333333333	NoSynthComparative	0.25	FullSynthComparison	0.25	OnlySuperlative	0.25	NoSynthSuperlative	0.25	MTwo	0.333333333333	MOne	0.333333333333	MThree	0.333333333333	NormalClassifyingCapitalization	1.0	Past	0.333333333333	Future	0.333333333333	Present	0.333333333333	Noun	1.0	ZeroDoubleConjunct	1.0	NotCommonChild	1.0	Dative	0.5	Locative	0.5	RCDemonstrative	0.111111111111	RCNegative	0.111111111111	RCNoun	0.111111111111	RCPossessive	0.111111111111	RCIndefinite	0.111111111111	RCPersonal	0.111111111111	RCReflexive	0.111111111111	RCInterrogative	0.111111111111	RCAttributive	0.111111111111	NoPlacement	1.0	Perfective	0.5	Imperfective	0.5	NotDefaultFiller	1.0	Masculine	1.0	NoLeftmostPlacement	1.0	UnIterat	0.5	Iterat	0.5	NoRightmostPlacement	1.0	NotLeftConjunct	1.0	PersonFirst	0.25	PersonThird	0.25	PersonSecond	0.25	PersonZero	0.25	Active	0.333333333333	Passive	0.333333333333	VoiceSya	0.333333333333	VerbTransitive	0.25	VerbIntransitive	0.25	VerbIntransitiveSpecial	0.25	VerbTransitiveSpecial	0.25	NotRightConjunct	1.0	Locative_u	1.0	NoContrast	1.0	NormalCapitalization	1.0	V_Prefixoid	0.0416666666667	POL_Prefixoid	0.0416666666667	PO_Prefixoid	0.0416666666667	Letter_Prefixoid	0.0416666666667	InternMod_Prefixoid	0.0416666666667	Chem_Prefixoid	0.0416666666667	BES_Prefixoid	0.0416666666667	Chemical_Possible	0.0416666666667	VPOL_Prefixoid	0.0416666666667	Eval_Prefixoid	0.0416666666667	InternModEr_Prefixoid	0.0416666666667	Rus_Prefixoid	0.0416666666667	Intern_ReducedPrefixoid	0.0416666666667	NI_Prefixoid	0.0416666666667	Reduced_Prefixoid	0.0416666666667	NAI_Prefixoid	0.0416666666667	Intern_Prefixoid	0.0416666666667	BEZer_Prefixoid	0.0416666666667	InternHy_Prefixoid	0.0416666666667	KOE_Prefixoid	0.0416666666667	ProperNamePrefixoid	0.0416666666667	RusHy_Prefixoid	0.0416666666667	BEZ_Prefixoid	0.0416666666667	NE_Prefixoid	0.0416666666667	ParticipleShortForm	0.5	ParticipleFullForm	0.5	Singular	1.0	Four	0.2	SevenEight	0.2	Two	0.2	Three	0.2	FiveAndMore	0.2	AdjectiveFullForm	0.333333333333	AdjectiveShortFlectional	0.333333333333	AdjectiveShortForm	0.333333333333	NounProperNameDimin	0.111111111111	NounProperName	0.111111111111	NounProperGeneral	0.111111111111	NounProperTown	0.111111111111	NounProperSurNameFlective	0.111111111111	NounProperPatronymic	0.111111111111	AdjectiveProper	0.111111111111	AbbrProperGeneral	0.111111111111	NounProperSurNameForeign	0.111111111111	NormalNumberParadigm	1.0	FullRealization	1.0
75	102	Ярослава	Ярослава	488187	488183	Animate	0.666666666667	NonReflexive	0.166666666667	ImperfectiveReflexivity	0.166666666667	Reflexive	0.166666666667	FullReflexivity	0.166666666667	NormalMorphForm	1.0	DefectOne	0.133333333333	DefectFour	0.133333333333	Byt	0.133333333333	DefectThree	0.133333333333	DefectTwo	0.133333333333	GTNoun	0.666666666667	NotEllipted	1.0	VocalForm	0.333333333333	NForm	0.333333333333	NotControlled	1.0	ZeroTypeOfCoordination	1.0	NoCompositeness	0.666666666667	DegreeComparative	0.222222222222	DegreeSuperlative	0.222222222222	DegreePositive	0.222222222222	Adverb_With_Hyphen	0.333333333333	Adverb_Un_Hyphen	0.333333333333	DeclensionNominal	0.666666666667	Un_Comp_Suf	0.666666666667	BiAspectual	0.222222222222	MonoAspectual	0.222222222222	Paired	0.222222222222	NoSynthComparative	0.166666666667	FullSynthComparison	0.166666666667	OnlySuperlative	0.166666666667	NoSynthSuperlative	0.166666666667	MTwo	0.222222222222	MOne	0.222222222222	MThree	0.222222222222	NormalClassifyingCapitalization	1.0	Past	0.222222222222	Future	0.222222222222	Present	0.222222222222	Noun	0.666666666667	ZeroDoubleConjunct	1.0	NotCommonChild	1.0	Accusative	0.111111111111	Genitive	0.111111111111	Partitive	0.111111111111	Nominative	0.333333333333	RCDemonstrative	0.0740740740741	RCNegative	0.0740740740741	RCNoun	0.0740740740741	RCPossessive	0.0740740740741	RCIndefinite	0.0740740740741	RCPersonal	0.0740740740741	RCReflexive	0.0740740740741	RCInterrogative	0.0740740740741	RCAttributive	0.0740740740741	NoPlacement	1.0	Perfective	0.333333333333	Imperfective	0.333333333333	NotDefaultFiller	1.0	Feminine	0.333333333333	Masculine	0.333333333333	NoLeftmostPlacement	1.0	UnIterat	0.333333333333	Iterat	0.333333333333	NoRightmostPlacement	1.0	NotLeftConjunct	1.0	PersonFirst	0.166666666667	PersonThird	0.166666666667	PersonSecond	0.166666666667	PersonZero	0.166666666667	Active	0.222222222222	Passive	0.222222222222	VoiceSya	0.222222222222	VerbTransitive	0.166666666667	VerbIntransitive	0.166666666667	VerbIntransitiveSpecial	0.166666666667	VerbTransitiveSpecial	0.166666666667	NotRightConjunct	1.0	NoSpecialCaseForm	0.666666666667	NoContrast	1.0	NormalCapitalization	1.0	V_Prefixoid	0.0277777777778	POL_Prefixoid	0.0277777777778	PO_Prefixoid	0.0277777777778	Letter_Prefixoid	0.0277777777778	InternMod_Prefixoid	0.0277777777778	Chem_Prefixoid	0.0277777777778	BES_Prefixoid	0.0277777777778	Chemical_Possible	0.0277777777778	VPOL_Prefixoid	0.0277777777778	Eval_Prefixoid	0.0277777777778	InternModEr_Prefixoid	0.0277777777778	Rus_Prefixoid	0.0277777777778	Intern_ReducedPrefixoid	0.0277777777778	NI_Prefixoid	0.0277777777778	Reduced_Prefixoid	0.0277777777778	NAI_Prefixoid	0.0277777777778	Intern_Prefixoid	0.0277777777778	BEZer_Prefixoid	0.0277777777778	InternHy_Prefixoid	0.0277777777778	KOE_Prefixoid	0.0277777777778	ProperNamePrefixoid	0.0277777777778	RusHy_Prefixoid	0.0277777777778	BEZ_Prefixoid	0.0277777777778	NE_Prefixoid	0.0277777777778	ParticipleShortForm	0.333333333333	ParticipleFullForm	0.333333333333	Singular	0.666666666667	Four	0.133333333333	SevenEight	0.133333333333	Two	0.133333333333	Three	0.133333333333	FiveAndMore	0.133333333333	AdjectiveFullForm	0.222222222222	AdjectiveShortFlectional	0.222222222222	AdjectiveShortForm	0.222222222222	NounProperName	0.666666666667	NormalNumberParadigm	1.0	FullRealization	1.0
75	111	Качиньского	Качиньского	488188	488187	Animate	1.0	NonReflexive	0.25	ImperfectiveReflexivity	0.25	Reflexive	0.25	FullReflexivity	0.25	NormalMorphForm	1.0	DefectOne	0.2	DefectFour	0.2	Byt	0.2	DefectThree	0.2	DefectTwo	0.2	GTNoun	1.0	NotEllipted	1.0	VocalForm	0.5	NForm	0.5	NotControlled	1.0	ZeroTypeOfCoordination	1.0	NoCompositeness	1.0	DegreeComparative	0.333333333333	DegreeSuperlative	0.333333333333	DegreePositive	0.333333333333	Adverb_With_Hyphen	0.5	Adverb_Un_Hyphen	0.5	DeclensionAdjectival	1.0	Un_Comp_Suf	1.0	BiAspectual	0.333333333333	MonoAspectual	0.333333333333	Paired	0.333333333333	NoSynthComparative	0.25	FullSynthComparison	0.25	OnlySuperlative	0.25	NoSynthSuperlative	0.25	MTwo	0.333333333333	MOne	0.333333333333	MThree	0.333333333333	NormalClassifyingCapitalization	1.0	Past	0.333333333333	Future	0.333333333333	Present	0.333333333333	Noun	1.0	ZeroDoubleConjunct	1.0	NotCommonChild	1.0	Accusative	0.333333333333	Genitive	0.333333333333	Partitive	0.333333333333	RCDemonstrative	0.111111111111	RCNegative	0.111111111111	RCNoun	0.111111111111	RCPossessive	0.111111111111	RCIndefinite	0.111111111111	RCPersonal	0.111111111111	RCReflexive	0.111111111111	RCInterrogative	0.111111111111	RCAttributive	0.111111111111	NoPlacement	1.0	Perfective	0.5	Imperfective	0.5	NotDefaultFiller	1.0	Masculine	1.0	NoLeftmostPlacement	1.0	UnIterat	0.5	Iterat	0.5	NoRightmostPlacement	1.0	NotLeftConjunct	1.0	PersonFirst	0.25	PersonThird	0.25	PersonSecond	0.25	PersonZero	0.25	Active	0.333333333333	Passive	0.333333333333	VoiceSya	0.333333333333	VerbTransitive	0.25	VerbIntransitive	0.25	VerbIntransitiveSpecial	0.25	VerbTransitiveSpecial	0.25	NotRightConjunct	1.0	NoSpecialCaseForm	1.0	NoContrast	1.0	NormalCapitalization	1.0	V_Prefixoid	0.0416666666667	POL_Prefixoid	0.0416666666667	PO_Prefixoid	0.0416666666667	Letter_Prefixoid	0.0416666666667	InternMod_Prefixoid	0.0416666666667	Chem_Prefixoid	0.0416666666667	BES_Prefixoid	0.0416666666667	Chemical_Possible	0.0416666666667	VPOL_Prefixoid	0.0416666666667	Eval_Prefixoid	0.0416666666667	InternModEr_Prefixoid	0.0416666666667	Rus_Prefixoid	0.0416666666667	Intern_ReducedPrefixoid	0.0416666666667	NI_Prefixoid	0.0416666666667	Reduced_Prefixoid	0.0416666666667	NAI_Prefixoid	0.0416666666667	Intern_Prefixoid	0.0416666666667	BEZer_Prefixoid	0.0416666666667	InternHy_Prefixoid	0.0416666666667	KOE_Prefixoid	0.0416666666667	ProperNamePrefixoid	0.0416666666667	RusHy_Prefixoid	0.0416666666667	BEZ_Prefixoid	0.0416666666667	NE_Prefixoid	0.0416666666667	ParticipleShortForm	0.5	ParticipleFullForm	0.5	Singular	1.0	Four	0.2	SevenEight	0.2	Two	0.2	Three	0.2	FiveAndMore	0.2	AdjectiveFullForm	0.333333333333	AdjectiveShortFlectional	0.333333333333	AdjectiveShortForm	0.333333333333	NounProperSurNameFlective	1.0	NormalNumberParadigm	1.0	FullRealization	1.0
79	0	5	5	488203	488202	ZeroTypeOfCoordination	1.0	NoPlacement	1.0	NormalCapitalization	1.0	NotDefaultFiller	1.0	NoContrast	1.0	NoLeftmostPlacement	1.0	FullRealization	1.0	NoRightmostPlacement	1.0	NormalNumberParadigm	1.0	NotLeftConjunct	1.0	NormalClassifyingCapitalization	1.0	ZeroDoubleConjunct	1.0	NotCommonChild	1.0	NotEllipted	1.0	NormalMorphForm	1.0	NotControlled	1.0	NotRightConjunct	1.0
79	2	ноября	ноября	488204	488203	Inanimate	1.0	NonReflexive	0.25	ImperfectiveReflexivity	0.25	Reflexive	0.25	FullReflexivity	0.25	NormalMorphForm	1.0	DefectOne	0.2	DefectFour	0.2	Byt	0.2	DefectThree	0.2	DefectTwo	0.2	GTNoun	1.0	NotEllipted	1.0	VocalForm	0.5	NForm	0.5	NotControlled	1.0	ZeroTypeOfCoordination	1.0	NoCompositeness	1.0	DegreeComparative	0.333333333333	DegreeSuperlative	0.333333333333	DegreePositive	0.333333333333	Adverb_With_Hyphen	0.5	Adverb_Un_Hyphen	0.5	DeclensionNominal	1.0	Un_Comp_Suf	1.0	BiAspectual	0.333333333333	MonoAspectual	0.333333333333	Paired	0.333333333333	NoSynthComparative	0.25	FullSynthComparison	0.25	OnlySuperlative	0.25	NoSynthSuperlative	0.25	MTwo	0.333333333333	MOne	0.333333333333	MThree	0.333333333333	NormalClassifyingCapitalization	1.0	Past	0.333333333333	Future	0.333333333333	Present	0.333333333333	Noun	1.0	ZeroDoubleConjunct	1.0	NotCommonChild	1.0	Genitive	0.5	Partitive	0.5	RCDemonstrative	0.111111111111	RCNegative	0.111111111111	RCNoun	0.111111111111	RCPossessive	0.111111111111	RCIndefinite	0.111111111111	RCPersonal	0.111111111111	RCReflexive	0.111111111111	RCInterrogative	0.111111111111	RCAttributive	0.111111111111	NoPlacement	1.0	Perfective	0.5	Imperfective	0.5	NotDefaultFiller	1.0	Masculine	1.0	NoLeftmostPlacement	1.0	UnIterat	0.5	Iterat	0.5	NoRightmostPlacement	1.0	NotLeftConjunct	1.0	PersonFirst	0.25	PersonThird	0.25	PersonSecond	0.25	PersonZero	0.25	Active	0.333333333333	Passive	0.333333333333	VoiceSya	0.333333333333	VerbTransitive	0.25	VerbIntransitive	0.25	VerbIntransitiveSpecial	0.25	VerbTransitiveSpecial	0.25	NotRightConjunct	1.0	NoSpecialCaseForm	1.0	NoContrast	1.0	NormalCapitalization	1.0	V_Prefixoid	0.0416666666667	POL_Prefixoid	0.0416666666667	PO_Prefixoid	0.0416666666667	Letter_Prefixoid	0.0416666666667	InternMod_Prefixoid	0.0416666666667	Chem_Prefixoid	0.0416666666667	BES_Prefixoid	0.0416666666667	Chemical_Possible	0.0416666666667	VPOL_Prefixoid	0.0416666666667	Eval_Prefixoid	0.0416666666667	InternModEr_Prefixoid	0.0416666666667	Rus_Prefixoid	0.0416666666667	Intern_ReducedPrefixoid	0.0416666666667	NI_Prefixoid	0.0416666666667	Reduced_Prefixoid	0.0416666666667	NAI_Prefixoid	0.0416666666667	Intern_Prefixoid	0.0416666666667	BEZer_Prefixoid	0.0416666666667	InternHy_Prefixoid	0.0416666666667	KOE_Prefixoid	0.0416666666667	ProperNamePrefixoid	0.0416666666667	RusHy_Prefixoid	0.0416666666667	BEZ_Prefixoid	0.0416666666667	NE_Prefixoid	0.0416666666667	ParticipleShortForm	0.5	ParticipleFullForm	0.5	Singular	1.0	Four	0.2	SevenEight	0.2	Two	0.2	Three	0.2	FiveAndMore	0.2	AdjectiveFullForm	0.333333333333	AdjectiveShortFlectional	0.333333333333	AdjectiveShortForm	0.333333333333	NounProperNameDimin	0.111111111111	NounProperName	0.111111111111	NounProperGeneral	0.111111111111	NounProperTown	0.111111111111	NounProperSurNameFlective	0.111111111111	NounProperPatronymic	0.111111111111	AdjectiveProper	0.111111111111	AbbrProperGeneral	0.111111111111	NounProperSurNameForeign	0.111111111111	NormalNumberParadigm	1.0	FullRealization	1.0
79	9	2007	2007	488206	488205	ZeroTypeOfCoordination	1.0	NoPlacement	1.0	NormalCapitalization	1.0	NotDefaultFiller	1.0	NoContrast	1.0	NoLeftmostPlacement	1.0	FullRealization	1.0	NoRightmostPlacement	1.0	NormalNumberParadigm	1.0	NotLeftConjunct	1.0	NormalClassifyingCapitalization	1.0	ZeroDoubleConjunct	1.0	NotCommonChild	1.0	NotEllipted	1.0	NormalMorphForm	1.0	NotControlled	1.0	NotRightConjunct	1.0
79	14	года	года	488205	488204	Inanimate	1.0	NonReflexive	0.25	ImperfectiveReflexivity	0.25	Reflexive	0.25	FullReflexivity	0.25	NormalMorphForm	1.0	DefectOne	0.2	DefectFour	0.2	Byt	0.2	DefectThree	0.2	DefectTwo	0.2	GTNoun	1.0	NotEllipted	1.0	VocalForm	0.5	NForm	0.5	NotControlled	1.0	ZeroTypeOfCoordination	1.0	NoCompositeness	1.0	DegreeComparative	0.333333333333	DegreeSuperlative	0.333333333333	DegreePositive	0.333333333333	Adverb_With_Hyphen	0.5	Adverb_Un_Hyphen	0.5	DeclensionNominal	1.0	Un_Comp_Suf	1.0	BiAspectual	0.333333333333	MonoAspectual	0.333333333333	Paired	0.333333333333	NoSynthComparative	0.25	FullSynthComparison	0.25	OnlySuperlative	0.25	NoSynthSuperlative	0.25	MTwo	0.333333333333	MOne	0.333333333333	MThree	0.333333333333	NormalClassifyingCapitalization	1.0	Past	0.333333333333	Future	0.333333333333	Present	0.333333333333	Noun	1.0	ZeroDoubleConjunct	1.0	NotCommonChild	1.0	Accusative	0.416666666667	Genitive	0.166666666667	Nominative	0.416666666667	RCDemonstrative	0.111111111111	RCNegative	0.111111111111	RCNoun	0.111111111111	RCPossessive	0.111111111111	RCIndefinite	0.111111111111	RCPersonal	0.111111111111	RCReflexive	0.111111111111	RCInterrogative	0.111111111111	RCAttributive	0.111111111111	NoPlacement	1.0	Perfective	0.5	Imperfective	0.5	NotDefaultFiller	1.0	Masculine	1.0	NoLeftmostPlacement	1.0	UnIterat	0.5	Iterat	0.5	NoRightmostPlacement	1.0	NotLeftConjunct	1.0	PersonFirst	0.25	PersonThird	0.25	PersonSecond	0.25	PersonZero	0.25	Active	0.333333333333	Passive	0.333333333333	VoiceSya	0.333333333333	VerbTransitive	0.25	VerbIntransitive	0.25	VerbIntransitiveSpecial	0.25	VerbTransitiveSpecial	0.25	NotRightConjunct	1.0	NoSpecialCaseForm	1.0	NoContrast	1.0	NormalCapitalization	1.0	V_Prefixoid	0.0416666666667	POL_Prefixoid	0.0416666666667	PO_Prefixoid	0.0416666666667	Letter_Prefixoid	0.0416666666667	InternMod_Prefixoid	0.0416666666667	Chem_Prefixoid	0.0416666666667	BES_Prefixoid	0.0416666666667	Chemical_Possible	0.0416666666667	VPOL_Prefixoid	0.0416666666667	Eval_Prefixoid	0.0416666666667	InternModEr_Prefixoid	0.0416666666667	Rus_Prefixoid	0.0416666666667	Intern_ReducedPrefixoid	0.0416666666667	NI_Prefixoid	0.0416666666667	Reduced_Prefixoid	0.0416666666667	NAI_Prefixoid	0.0416666666667	Intern_Prefixoid	0.0416666666667	BEZer_Prefixoid	0.0416666666667	InternHy_Prefixoid	0.0416666666667	KOE_Prefixoid	0.0416666666667	ProperNamePrefixoid	0.0416666666667	RusHy_Prefixoid	0.0416666666667	BEZ_Prefixoid	0.0416666666667	NE_Prefixoid	0.0416666666667	ParticipleShortForm	0.5	ParticipleFullForm	0.5	Plural	0.75	Singular	0.25	Four	0.2	SevenEight	0.2	Two	0.2	Three	0.2	FiveAndMore	0.2	AdjectiveFullForm	0.333333333333	AdjectiveShortFlectional	0.333333333333	AdjectiveShortForm	0.333333333333	NounProperNameDimin	0.111111111111	NounProperName	0.111111111111	NounProperGeneral	0.111111111111	NounProperTown	0.111111111111	NounProperSurNameFlective	0.111111111111	NounProperPatronymic	0.111111111111	AdjectiveProper	0.111111111111	AbbrProperGeneral	0.111111111111	NounProperSurNameForeign	0.111111111111	NonCountForm	0.75	NormalNumberParadigm	0.25	FullRealization	1.0
79	19	Ярослав	Ярослав	488207	488202	Animate	0.666666666667	NonReflexive	0.166666666667	ImperfectiveReflexivity	0.166666666667	Reflexive	0.166666666667	FullReflexivity	0.166666666667	NormalMorphForm	1.0	DefectOne	0.133333333333	DefectFour	0.133333333333	Byt	0.133333333333	DefectThree	0.133333333333	DefectTwo	0.133333333333	GTNoun	0.666666666667	NotEllipted	1.0	VocalForm	0.333333333333	NForm	0.333333333333	NotControlled	1.0	ZeroTypeOfCoordination	1.0	NoCompositeness	0.666666666667	DegreeComparative	0.222222222222	DegreeSuperlative	0.222222222222	DegreePositive	0.222222222222	Adverb_With_Hyphen	0.333333333333	Adverb_Un_Hyphen	0.333333333333	DeclensionNominal	0.666666666667	Un_Comp_Suf	0.666666666667	BiAspectual	0.222222222222	MonoAspectual	0.222222222222	Paired	0.222222222222	NoSynthComparative	0.166666666667	FullSynthComparison	0.166666666667	OnlySuperlative	0.166666666667	NoSynthSuperlative	0.166666666667	MTwo	0.222222222222	MOne	0.222222222222	MThree	0.222222222222	NormalClassifyingCapitalization	1.0	Past	0.222222222222	Future	0.222222222222	Present	0.222222222222	Noun	0.666666666667	ZeroDoubleConjunct	1.0	NotCommonChild	1.0	Accusative	0.111111111111	Genitive	0.111111111111	Partitive	0.111111111111	Nominative	0.333333333333	RCDemonstrative	0.0740740740741	RCNegative	0.0740740740741	RCNoun	0.0740740740741	RCPossessive	0.0740740740741	RCIndefinite	0.0740740740741	RCPersonal	0.0740740740741	RCReflexive	0.0740740740741	RCInterrogative	0.0740740740741	RCAttributive	0.0740740740741	NoPlacement	1.0	Perfective	0.333333333333	Imperfective	0.333333333333	NotDefaultFiller	1.0	Feminine	0.333333333333	Masculine	0.333333333333	NoLeftmostPlacement	1.0	UnIterat	0.333333333333	Iterat	0.333333333333	NoRightmostPlacement	1.0	NotLeftConjunct	1.0	PersonFirst	0.166666666667	PersonThird	0.166666666667	PersonSecond	0.166666666667	PersonZero	0.166666666667	Active	0.222222222222	Passive	0.222222222222	VoiceSya	0.222222222222	VerbTransitive	0.166666666667	VerbIntransitive	0.166666666667	VerbIntransitiveSpecial	0.166666666667	VerbTransitiveSpecial	0.166666666667	NotRightConjunct	1.0	NoSpecialCaseForm	0.666666666667	NoContrast	1.0	NormalCapitalization	1.0	V_Prefixoid	0.0277777777778	POL_Prefixoid	0.0277777777778	PO_Prefixoid	0.0277777777778	Letter_Prefixoid	0.0277777777778	InternMod_Prefixoid	0.0277777777778	Chem_Prefixoid	0.0277777777778	BES_Prefixoid	0.0277777777778	Chemical_Possible	0.0277777777778	VPOL_Prefixoid	0.0277777777778	Eval_Prefixoid	0.0277777777778	InternModEr_Prefixoid	0.0277777777778	Rus_Prefixoid	0.0277777777778	Intern_ReducedPrefixoid	0.0277777777778	NI_Prefixoid	0.0277777777778	Reduced_Prefixoid	0.0277777777778	NAI_Prefixoid	0.0277777777778	Intern_Prefixoid	0.0277777777778	BEZer_Prefixoid	0.0277777777778	InternHy_Prefixoid	0.0277777777778	KOE_Prefixoid	0.0277777777778	ProperNamePrefixoid	0.0277777777778	RusHy_Prefixoid	0.0277777777778	BEZ_Prefixoid	0.0277777777778	NE_Prefixoid	0.0277777777778	ParticipleShortForm	0.333333333333	ParticipleFullForm	0.333333333333	Plural	0.333333333333	Singular	0.333333333333	Four	0.133333333333	SevenEight	0.133333333333	Two	0.133333333333	Three	0.133333333333	FiveAndMore	0.133333333333	AdjectiveFullForm	0.222222222222	AdjectiveShortFlectional	0.222222222222	AdjectiveShortForm	0.222222222222	NounProperName	0.666666666667	NormalNumberParadigm	1.0	FullRealization	1.0
79	27	Качиньский	Качиньский	488208	488207	Animate	1.0	NonReflexive	0.25	ImperfectiveReflexivity	0.25	Reflexive	0.25	FullReflexivity	0.25	NormalMorphForm	1.0	DefectOne	0.2	DefectFour	0.2	Byt	0.2	DefectThree	0.2	DefectTwo	0.2	GTNoun	1.0	NotEllipted	1.0	VocalForm	0.5	NForm	0.5	NotControlled	1.0	ZeroTypeOfCoordination	1.0	NoCompositeness	1.0	DegreeComparative	0.333333333333	DegreeSuperlative	0.333333333333	DegreePositive	0.333333333333	Adverb_With_Hyphen	0.5	Adverb_Un_Hyphen	0.5	DeclensionAdjectival	1.0	Un_Comp_Suf	1.0	BiAspectual	0.333333333333	MonoAspectual	0.333333333333	Paired	0.333333333333	NoSynthComparative	0.25	FullSynthComparison	0.25	OnlySuperlative	0.25	NoSynthSuperlative	0.25	MTwo	0.333333333333	MOne	0.333333333333	MThree	0.333333333333	NormalClassifyingCapitalization	1.0	Past	0.333333333333	Future	0.333333333333	Present	0.333333333333	Noun	1.0	ZeroDoubleConjunct	1.0	NotCommonChild	1.0	Nominative	1.0	RCDemonstrative	0.111111111111	RCNegative	0.111111111111	RCNoun	0.111111111111	RCPossessive	0.111111111111	RCIndefinite	0.111111111111	RCPersonal	0.111111111111	RCReflexive	0.111111111111	RCInterrogative	0.111111111111	RCAttributive	0.111111111111	NoPlacement	1.0	Perfective	0.5	Imperfective	0.5	NotDefaultFiller	1.0	Masculine	1.0	NoLeftmostPlacement	1.0	UnIterat	0.5	Iterat	0.5	NoRightmostPlacement	1.0	NotLeftConjunct	1.0	PersonFirst	0.25	PersonThird	0.25	PersonSecond	0.25	PersonZero	0.25	Active	0.333333333333	Passive	0.333333333333	VoiceSya	0.333333333333	VerbTransitive	0.25	VerbIntransitive	0.25	VerbIntransitiveSpecial	0.25	VerbTransitiveSpecial	0.25	NotRightConjunct	1.0	NoSpecialCaseForm	1.0	NoContrast	1.0	NormalCapitalization	1.0	V_Prefixoid	0.0416666666667	POL_Prefixoid	0.0416666666667	PO_Prefixoid	0.0416666666667	Letter_Prefixoid	0.0416666666667	InternMod_Prefixoid	0.0416666666667	Chem_Prefixoid	0.0416666666667	BES_Prefixoid	0.0416666666667	Chemical_Possible	0.0416666666667	VPOL_Prefixoid	0.0416666666667	Eval_Prefixoid	0.0416666666667	InternModEr_Prefixoid	0.0416666666667	Rus_Prefixoid	0.0416666666667	Intern_ReducedPrefixoid	0.0416666666667	NI_Prefixoid	0.0416666666667	Reduced_Prefixoid	0.0416666666667	NAI_Prefixoid	0.0416666666667	Intern_Prefixoid	0.0416666666667	BEZer_Prefixoid	0.0416666666667	InternHy_Prefixoid	0.0416666666667	KOE_Prefixoid	0.0416666666667	ProperNamePrefixoid	0.0416666666667	RusHy_Prefixoid	0.0416666666667	BEZ_Prefixoid	0.0416666666667	NE_Prefixoid	0.0416666666667	ParticipleShortForm	0.5	ParticipleFullForm	0.5	Singular	1.0	Four	0.2	SevenEight	0.2	Two	0.2	Three	0.2	FiveAndMore	0.2	AdjectiveFullForm	0.333333333333	AdjectiveShortFlectional	0.333333333333	AdjectiveShortForm	0.333333333333	NounProperSurNameFlective	1.0	NormalNumberParadigm	1.0	FullRealization	1.0
79	38	ушел	ушел	488202	-1	Animate	0.5	Inanimate	0.5	NonReflexive	1.0	NormalMorphForm	1.0	DefectOne	0.2	DefectFour	0.2	Byt	0.2	DefectThree	0.2	DefectTwo	0.2	GTVerb	1.0	NotEllipted	1.0	VocalForm	0.5	NForm	0.5	NotControlled	1.0	ZeroTypeOfCoordination	1.0	Composite_ComplexNumeral	0.0714285714286	Composite_cko	0.0714285714286	NoCompositeness	0.0714285714286	Composite_cki	0.0714285714286	Composite_o	0.0714285714286	Composite_NumeralFull	0.0714285714286	Composite_NumeralShort	0.0714285714286	Composite_null	0.0714285714286	Composite_iko	0.0714285714286	Composite_sko	0.0714285714286	Composite_e	0.0714285714286	Composite_Numeral	0.0714285714286	Composite_usek	0.0714285714286	Composite_ski	0.0714285714286	DegreeComparative	0.333333333333	DegreeSuperlative	0.333333333333	DegreePositive	0.333333333333	Adverb_With_Hyphen	0.5	Adverb_Un_Hyphen	0.5	DeclensionMixed	0.25	DeclensionAdjectival	0.25	DeclensionNominal	0.25	Indeclinable	0.25	Comp_PunctuatorPref	0.0625	Comp_Suffixoid_Num_IJ	0.0625	Comp_PunctuatorPostSeparable	0.0625	Un_Comp_Suf	0.0625	Comp_SuffixoidAbbr	0.0625	Comp_Noun	0.0625	Comp_Suffixoid_Num_J	0.0625	Comp_PunctuatorPost	0.0625	Comp_PunctuatorPrefSeparable	0.0625	Comp_Suffixoid_Num_OJ	0.0625	Comp_Prefixoid	0.0625	Comp_Suffixoid	0.0625	Comp_Suffixoid_Chem	0.0625	Comp_Suffixoid_Num_PercentYJ	0.0625	Comp_Suffixoid_Num_YJ	0.0625	Comp_Adj	0.0625	Paired	1.0	NoSynthComparative	0.25	FullSynthComparison	0.25	OnlySuperlative	0.25	NoSynthSuperlative	0.25	MTwo	0.333333333333	MOne	0.333333333333	MThree	0.333333333333	NormalClassifyingCapitalization	1.0	Past	1.0	Verb	1.0	ZeroDoubleConjunct	1.0	NotCommonChild	1.0	Accusative	0.0909090909091	Prepositional	0.0909090909091	Instrumental	0.0909090909091	Dative	0.0909090909091	ZeroCase	0.0909090909091	Locative	0.0909090909091	Genitive	0.0909090909091	Partitive	0.0909090909091	Nominative	0.0909090909091	DativeSpecial	0.0909090909091	Vocative	0.0909090909091	RCDemonstrative	0.111111111111	RCNegative	0.111111111111	RCNoun	0.111111111111	RCPossessive	0.111111111111	RCIndefinite	0.111111111111	RCPersonal	0.111111111111	RCReflexive	0.111111111111	RCInterrogative	0.111111111111	RCAttributive	0.111111111111	NoPlacement	1.0	Perfective	1.0	NotDefaultFiller	1.0	Masculine	1.0	NoLeftmostPlacement	1.0	UnIterat	1.0	NoRightmostPlacement	1.0	NotLeftConjunct	1.0	PersonFirst	0.25	PersonThird	0.25	PersonSecond	0.25	PersonZero	0.25	Active	1.0	VerbIntransitive	1.0	NotRightConjunct	1.0	Plural_consonant	0.111111111111	Genitive_Locative_u	0.111111111111	Locative_u	0.111111111111	NoSpecialCaseForm	0.111111111111	SpecialVocative	0.111111111111	GenitivePlural_Zero	0.111111111111	SpecialPlual	0.111111111111	NominativePlural_a	0.111111111111	Genitive_u	0.111111111111	NoContrast	1.0	NormalCapitalization	1.0	V_Prefixoid	0.0416666666667	POL_Prefixoid	0.0416666666667	PO_Prefixoid	0.0416666666667	Letter_Prefixoid	0.0416666666667	InternMod_Prefixoid	0.0416666666667	Chem_Prefixoid	0.0416666666667	BES_Prefixoid	0.0416666666667	Chemical_Possible	0.0416666666667	VPOL_Prefixoid	0.0416666666667	Eval_Prefixoid	0.0416666666667	InternModEr_Prefixoid	0.0416666666667	Rus_Prefixoid	0.0416666666667	Intern_ReducedPrefixoid	0.0416666666667	NI_Prefixoid	0.0416666666667	Reduced_Prefixoid	0.0416666666667	NAI_Prefixoid	0.0416666666667	Intern_Prefixoid	0.0416666666667	BEZer_Prefixoid	0.0416666666667	InternHy_Prefixoid	0.0416666666667	KOE_Prefixoid	0.0416666666667	ProperNamePrefixoid	0.0416666666667	RusHy_Prefixoid	0.0416666666667	BEZ_Prefixoid	0.0416666666667	NE_Prefixoid	0.0416666666667	ParticipleShortForm	0.5	ParticipleFullForm	0.5	Singular	1.0	Four	0.2	SevenEight	0.2	Two	0.2	Three	0.2	FiveAndMore	0.2	AdjectiveFullForm	0.333333333333	AdjectiveShortFlectional	0.333333333333	AdjectiveShortForm	0.333333333333	NounProperNameDimin	0.111111111111	NounProperName	0.111111111111	NounProperGeneral	0.111111111111	NounProperTown	0.111111111111	NounProperSurNameFlective	0.111111111111	NounProperPatronymic	0.111111111111	AdjectiveProper	0.111111111111	AbbrProperGeneral	0.111111111111	NounProperSurNameForeign	0.111111111111	NormalNumberParadigm	1.0	FullRealization	1.0
79	43	в	в	488210	488209	Animate	0.25	Inanimate	0.75	NonReflexive	0.25	ImperfectiveReflexivity	0.25	Reflexive	0.25	FullReflexivity	0.25	NormalMorphForm	1.0	DefectOne	0.2	DefectFour	0.2	Byt	0.2	DefectThree	0.2	DefectTwo	0.2	GTInvariable	0.5	GTNoun	0.5	NotEllipted	1.0	VocalForm	0.5	NForm	0.5	NotControlled	1.0	ZeroTypeOfCoordination	1.0	Composite_ComplexNumeral	0.0357142857143	Composite_cko	0.0357142857143	NoCompositeness	0.535714285714	Composite_cki	0.0357142857143	Composite_o	0.0357142857143	Composite_NumeralFull	0.0357142857143	Composite_NumeralShort	0.0357142857143	Composite_null	0.0357142857143	Composite_iko	0.0357142857143	Composite_sko	0.0357142857143	Composite_e	0.0357142857143	Composite_Numeral	0.0357142857143	Composite_usek	0.0357142857143	Composite_ski	0.0357142857143	DegreeComparative	0.333333333333	DegreeSuperlative	0.333333333333	DegreePositive	0.333333333333	Adverb_With_Hyphen	0.5	Adverb_Un_Hyphen	0.5	DeclensionMixed	0.125	DeclensionAdjectival	0.125	DeclensionNominal	0.125	Indeclinable	0.625	Comp_PunctuatorPref	0.03125	Comp_Suffixoid_Num_IJ	0.03125	Comp_PunctuatorPostSeparable	0.53125	Un_Comp_Suf	0.03125	Comp_SuffixoidAbbr	0.03125	Comp_Noun	0.03125	Comp_Suffixoid_Num_J	0.03125	Comp_PunctuatorPost	0.03125	Comp_PunctuatorPrefSeparable	0.03125	Comp_Suffixoid_Num_OJ	0.03125	Comp_Prefixoid	0.03125	Comp_Suffixoid	0.03125	Comp_Suffixoid_Chem	0.03125	Comp_Suffixoid_Num_PercentYJ	0.03125	Comp_Suffixoid_Num_YJ	0.03125	Comp_Adj	0.03125	BiAspectual	0.333333333333	MonoAspectual	0.333333333333	Paired	0.333333333333	NoSynthComparative	0.25	FullSynthComparison	0.25	OnlySuperlative	0.25	NoSynthSuperlative	0.25	MTwo	0.333333333333	MOne	0.333333333333	MThree	0.333333333333	NormalClassifyingCapitalization	1.0	Past	0.333333333333	Future	0.333333333333	Present	0.333333333333	Preposition	0.5	Noun	0.5	ZeroDoubleConjunct	1.0	NotCommonChild	1.0	Accusative	0.107954545455	Prepositional	0.107954545455	Instrumental	0.107954545455	Dative	0.107954545455	ZeroCase	0.0454545454545	Locative	0.107954545455	Genitive	0.107954545455	Partitive	0.107954545455	Nominative	0.107954545455	DativeSpecial	0.0454545454545	Vocative	0.0454545454545	RCDemonstrative	0.111111111111	RCNegative	0.111111111111	RCNoun	0.111111111111	RCPossessive	0.111111111111	RCIndefinite	0.111111111111	RCPersonal	0.111111111111	RCReflexive	0.111111111111	RCInterrogative	0.111111111111	RCAttributive	0.111111111111	NoPlacement	1.0	Perfective	0.5	Imperfective	0.5	NotDefaultFiller	1.0	Feminine	0.125	Common	0.125	Masculine	0.625	Neuter	0.125	NoLeftmostPlacement	1.0	UnIterat	0.5	Iterat	0.5	NoRightmostPlacement	1.0	NotLeftConjunct	1.0	PersonFirst	0.25	PersonThird	0.25	PersonSecond	0.25	PersonZero	0.25	Active	0.333333333333	Passive	0.333333333333	VoiceSya	0.333333333333	VerbTransitive	0.25	VerbIntransitive	0.25	VerbIntransitiveSpecial	0.25	VerbTransitiveSpecial	0.25	NotRightConjunct	1.0	Plural_consonant	0.111111111111	Genitive_Locative_u	0.111111111111	Locative_u	0.111111111111	NoSpecialCaseForm	0.111111111111	SpecialVocative	0.111111111111	GenitivePlural_Zero	0.111111111111	SpecialPlual	0.111111111111	NominativePlural_a	0.111111111111	Genitive_u	0.111111111111	NoContrast	1.0	NormalCapitalization	1.0	V_Prefixoid	0.0416666666667	POL_Prefixoid	0.0416666666667	PO_Prefixoid	0.0416666666667	Letter_Prefixoid	0.0416666666667	InternMod_Prefixoid	0.0416666666667	Chem_Prefixoid	0.0416666666667	BES_Prefixoid	0.0416666666667	Chemical_Possible	0.0416666666667	VPOL_Prefixoid	0.0416666666667	Eval_Prefixoid	0.0416666666667	InternModEr_Prefixoid	0.0416666666667	Rus_Prefixoid	0.0416666666667	Intern_ReducedPrefixoid	0.0416666666667	NI_Prefixoid	0.0416666666667	Reduced_Prefixoid	0.0416666666667	NAI_Prefixoid	0.0416666666667	Intern_Prefixoid	0.0416666666667	BEZer_Prefixoid	0.0416666666667	InternHy_Prefixoid	0.0416666666667	KOE_Prefixoid	0.0416666666667	ProperNamePrefixoid	0.0416666666667	RusHy_Prefixoid	0.0416666666667	BEZ_Prefixoid	0.0416666666667	NE_Prefixoid	0.0416666666667	ParticipleShortForm	0.5	ParticipleFullForm	0.5	Plural	0.5	Singular	0.5	Four	0.2	SevenEight	0.2	Two	0.2	Three	0.2	FiveAndMore	0.2	AdjectiveFullForm	0.333333333333	AdjectiveShortFlectional	0.333333333333	AdjectiveShortForm	0.333333333333	NounProperNameDimin	0.111111111111	NounProperName	0.111111111111	NounProperGeneral	0.111111111111	NounProperTown	0.111111111111	NounProperSurNameFlective	0.111111111111	NounProperPatronymic	0.111111111111	AdjectiveProper	0.111111111111	AbbrProperGeneral	0.111111111111	NounProperSurNameForeign	0.111111111111	NormalNumberParadigm	1.0	FullRealization	1.0
79	45	отставку	отставку	488209	488202	Inanimate	1.0	NonReflexive	0.25	ImperfectiveReflexivity	0.25	Reflexive	0.25	FullReflexivity	0.25	NormalMorphForm	1.0	DefectOne	0.2	DefectFour	0.2	Byt	0.2	DefectThree	0.2	DefectTwo	0.2	GTNoun	1.0	NotEllipted	1.0	VocalForm	0.5	NForm	0.5	NotControlled	1.0	ZeroTypeOfCoordination	1.0	NoCompositeness	1.0	DegreeComparative	0.333333333333	DegreeSuperlative	0.333333333333	DegreePositive	0.333333333333	Adverb_With_Hyphen	0.5	Adverb_Un_Hyphen	0.5	DeclensionNominal	1.0	Un_Comp_Suf	1.0	BiAspectual	0.333333333333	MonoAspectual	0.333333333333	Paired	0.333333333333	NoSynthComparative	0.25	FullSynthComparison	0.25	OnlySuperlative	0.25	NoSynthSuperlative	0.25	MTwo	0.333333333333	MOne	0.333333333333	MThree	0.333333333333	NormalClassifyingCapitalization	1.0	Past	0.333333333333	Future	0.333333333333	Present	0.333333333333	Noun	1.0	ZeroDoubleConjunct	1.0	NotCommonChild	1.0	Accusative	1.0	RCDemonstrative	0.111111111111	RCNegative	0.111111111111	RCNoun	0.111111111111	RCPossessive	0.111111111111	RCIndefinite	0.111111111111	RCPersonal	0.111111111111	RCReflexive	0.111111111111	RCInterrogative	0.111111111111	RCAttributive	0.111111111111	NoPlacement	1.0	Perfective	0.5	Imperfective	0.5	NotDefaultFiller	1.0	Feminine	1.0	NoLeftmostPlacement	1.0	UnIterat	0.5	Iterat	0.5	NoRightmostPlacement	1.0	NotLeftConjunct	1.0	PersonFirst	0.25	PersonThird	0.25	PersonSecond	0.25	PersonZero	0.25	Active	0.333333333333	Passive	0.333333333333	VoiceSya	0.333333333333	VerbTransitive	0.25	VerbIntransitive	0.25	VerbIntransitiveSpecial	0.25	VerbTransitiveSpecial	0.25	NotRightConjunct	1.0	NoSpecialCaseForm	1.0	NoContrast	1.0	NormalCapitalization	1.0	V_Prefixoid	0.0416666666667	POL_Prefixoid	0.0416666666667	PO_Prefixoid	0.0416666666667	Letter_Prefixoid	0.0416666666667	InternMod_Prefixoid	0.0416666666667	Chem_Prefixoid	0.0416666666667	BES_Prefixoid	0.0416666666667	Chemical_Possible	0.0416666666667	VPOL_Prefixoid	0.0416666666667	Eval_Prefixoid	0.0416666666667	InternModEr_Prefixoid	0.0416666666667	Rus_Prefixoid	0.0416666666667	Intern_ReducedPrefixoid	0.0416666666667	NI_Prefixoid	0.0416666666667	Reduced_Prefixoid	0.0416666666667	NAI_Prefixoid	0.0416666666667	Intern_Prefixoid	0.0416666666667	BEZer_Prefixoid	0.0416666666667	InternHy_Prefixoid	0.0416666666667	KOE_Prefixoid	0.0416666666667	ProperNamePrefixoid	0.0416666666667	RusHy_Prefixoid	0.0416666666667	BEZ_Prefixoid	0.0416666666667	NE_Prefixoid	0.0416666666667	ParticipleShortForm	0.5	ParticipleFullForm	0.5	Singular	1.0	Four	0.2	SevenEight	0.2	Two	0.2	Three	0.2	FiveAndMore	0.2	AdjectiveFullForm	0.333333333333	AdjectiveShortFlectional	0.333333333333	AdjectiveShortForm	0.333333333333	NounProperNameDimin	0.111111111111	NounProperName	0.111111111111	NounProperGeneral	0.111111111111	NounProperTown	0.111111111111	NounProperSurNameFlective	0.111111111111	NounProperPatronymic	0.111111111111	AdjectiveProper	0.111111111111	AbbrProperGeneral	0.111111111111	NounProperSurNameForeign	0.111111111111	NormalNumberParadigm	1.0	FullRealization	1.0
81	0	9	9	488212	488211	ZeroTypeOfCoordination	1.0	NoPlacement	1.0	NormalCapitalization	1.0	NotDefaultFiller	1.0	NoContrast	1.0	NoLeftmostPlacement	1.0	FullRealization	1.0	NoRightmostPlacement	1.0	NormalNumberParadigm	1.0	NotLeftConjunct	1.0	NormalClassifyingCapitalization	1.0	ZeroDoubleConjunct	1.0	NotCommonChild	1.0	NotEllipted	1.0	NormalMorphForm	1.0	NotControlled	1.0	NotRightConjunct	1.0
81	2	ноября	ноября	488213	488212	Inanimate	1.0	NonReflexive	0.25	ImperfectiveReflexivity	0.25	Reflexive	0.25	FullReflexivity	0.25	NormalMorphForm	1.0	DefectOne	0.2	DefectFour	0.2	Byt	0.2	DefectThree	0.2	DefectTwo	0.2	GTNoun	1.0	NotEllipted	1.0	VocalForm	0.5	NForm	0.5	NotControlled	1.0	ZeroTypeOfCoordination	1.0	NoCompositeness	1.0	DegreeComparative	0.333333333333	DegreeSuperlative	0.333333333333	DegreePositive	0.333333333333	Adverb_With_Hyphen	0.5	Adverb_Un_Hyphen	0.5	DeclensionNominal	1.0	Un_Comp_Suf	1.0	BiAspectual	0.333333333333	MonoAspectual	0.333333333333	Paired	0.333333333333	NoSynthComparative	0.25	FullSynthComparison	0.25	OnlySuperlative	0.25	NoSynthSuperlative	0.25	MTwo	0.333333333333	MOne	0.333333333333	MThree	0.333333333333	NormalClassifyingCapitalization	1.0	Past	0.333333333333	Future	0.333333333333	Present	0.333333333333	Noun	1.0	ZeroDoubleConjunct	1.0	NotCommonChild	1.0	Genitive	0.5	Partitive	0.5	RCDemonstrative	0.111111111111	RCNegative	0.111111111111	RCNoun	0.111111111111	RCPossessive	0.111111111111	RCIndefinite	0.111111111111	RCPersonal	0.111111111111	RCReflexive	0.111111111111	RCInterrogative	0.111111111111	RCAttributive	0.111111111111	NoPlacement	1.0	Perfective	0.5	Imperfective	0.5	NotDefaultFiller	1.0	Masculine	1.0	NoLeftmostPlacement	1.0	UnIterat	0.5	Iterat	0.5	NoRightmostPlacement	1.0	NotLeftConjunct	1.0	PersonFirst	0.25	PersonThird	0.25	PersonSecond	0.25	PersonZero	0.25	Active	0.333333333333	Passive	0.333333333333	VoiceSya	0.333333333333	VerbTransitive	0.25	VerbIntransitive	0.25	VerbIntransitiveSpecial	0.25	VerbTransitiveSpecial	0.25	NotRightConjunct	1.0	NoSpecialCaseForm	1.0	NoContrast	1.0	NormalCapitalization	1.0	V_Prefixoid	0.0416666666667	POL_Prefixoid	0.0416666666667	PO_Prefixoid	0.0416666666667	Letter_Prefixoid	0.0416666666667	InternMod_Prefixoid	0.0416666666667	Chem_Prefixoid	0.0416666666667	BES_Prefixoid	0.0416666666667	Chemical_Possible	0.0416666666667	VPOL_Prefixoid	0.0416666666667	Eval_Prefixoid	0.0416666666667	InternModEr_Prefixoid	0.0416666666667	Rus_Prefixoid	0.0416666666667	Intern_ReducedPrefixoid	0.0416666666667	NI_Prefixoid	0.0416666666667	Reduced_Prefixoid	0.0416666666667	NAI_Prefixoid	0.0416666666667	Intern_Prefixoid	0.0416666666667	BEZer_Prefixoid	0.0416666666667	InternHy_Prefixoid	0.0416666666667	KOE_Prefixoid	0.0416666666667	ProperNamePrefixoid	0.0416666666667	RusHy_Prefixoid	0.0416666666667	BEZ_Prefixoid	0.0416666666667	NE_Prefixoid	0.0416666666667	ParticipleShortForm	0.5	ParticipleFullForm	0.5	Singular	1.0	Four	0.2	SevenEight	0.2	Two	0.2	Three	0.2	FiveAndMore	0.2	AdjectiveFullForm	0.333333333333	AdjectiveShortFlectional	0.333333333333	AdjectiveShortForm	0.333333333333	NounProperNameDimin	0.111111111111	NounProperName	0.111111111111	NounProperGeneral	0.111111111111	NounProperTown	0.111111111111	NounProperSurNameFlective	0.111111111111	NounProperPatronymic	0.111111111111	AdjectiveProper	0.111111111111	AbbrProperGeneral	0.111111111111	NounProperSurNameForeign	0.111111111111	NormalNumberParadigm	1.0	FullRealization	1.0
81	9	Туск	Туск	488214	488211	Animate	0.75	Inanimate	0.25	NonReflexive	0.625	ImperfectiveReflexivity	0.125	Reflexive	0.125	FullReflexivity	0.125	NormalMorphForm	1.0	DefectOne	0.2	DefectFour	0.2	Byt	0.2	DefectThree	0.2	DefectTwo	0.2	GTVerb	0.5	GTNoun	0.5	NotEllipted	1.0	VocalForm	0.5	NForm	0.5	NotControlled	1.0	ZeroTypeOfCoordination	1.0	Composite_ComplexNumeral	0.0357142857143	Composite_cko	0.0357142857143	NoCompositeness	0.535714285714	Composite_cki	0.0357142857143	Composite_o	0.0357142857143	Composite_NumeralFull	0.0357142857143	Composite_NumeralShort	0.0357142857143	Composite_null	0.0357142857143	Composite_iko	0.0357142857143	Composite_sko	0.0357142857143	Composite_e	0.0357142857143	Composite_Numeral	0.0357142857143	Composite_usek	0.0357142857143	Composite_ski	0.0357142857143	DegreeComparative	0.333333333333	DegreeSuperlative	0.333333333333	DegreePositive	0.333333333333	Adverb_With_Hyphen	0.5	Adverb_Un_Hyphen	0.5	DeclensionMixed	0.25	DeclensionAdjectival	0.25	DeclensionNominal	0.25	Indeclinable	0.25	Comp_PunctuatorPref	0.03125	Comp_Suffixoid_Num_IJ	0.03125	Comp_PunctuatorPostSeparable	0.03125	Un_Comp_Suf	0.53125	Comp_SuffixoidAbbr	0.03125	Comp_Noun	0.03125	Comp_Suffixoid_Num_J	0.03125	Comp_PunctuatorPost	0.03125	Comp_PunctuatorPrefSeparable	0.03125	Comp_Suffixoid_Num_OJ	0.03125	Comp_Prefixoid	0.03125	Comp_Suffixoid	0.03125	Comp_Suffixoid_Chem	0.03125	Comp_Suffixoid_Num_PercentYJ	0.03125	Comp_Suffixoid_Num_YJ	0.03125	Comp_Adj	0.03125	BiAspectual	0.166666666667	MonoAspectual	0.666666666667	Paired	0.166666666667	NoSynthComparative	0.25	FullSynthComparison	0.25	OnlySuperlative	0.25	NoSynthSuperlative	0.25	MTwo	0.333333333333	MOne	0.333333333333	MThree	0.333333333333	NormalClassifyingCapitalization	1.0	Past	0.666666666667	Future	0.166666666667	Present	0.166666666667	Verb	0.5	Noun	0.5	ZeroDoubleConjunct	1.0	NotCommonChild	1.0	Accusative	0.107954545455	Prepositional	0.107954545455	Instrumental	0.107954545455	Dative	0.107954545455	ZeroCase	0.0454545454545	Locative	0.107954545455	Genitive	0.107954545455	Partitive	0.107954545455	Nominative	0.107954545455	DativeSpecial	0.0454545454545	Vocative	0.0454545454545	RCDemonstrative	0.111111111111	RCNegative	0.111111111111	RCNoun	0.111111111111	RCPossessive	0.111111111111	RCIndefinite	0.111111111111	RCPersonal	0.111111111111	RCReflexive	0.111111111111	RCInterrogative	0.111111111111	RCAttributive	0.111111111111	NoPlacement	1.0	Perfective	0.25	Imperfective	0.75	NotDefaultFiller	1.0	Feminine	0.25	Masculine	0.75	NoLeftmostPlacement	1.0	UnIterat	0.75	Iterat	0.25	NoRightmostPlacement	1.0	NotLeftConjunct	1.0	PersonFirst	0.25	PersonThird	0.25	PersonSecond	0.25	PersonZero	0.25	Active	0.666666666667	Passive	0.166666666667	VoiceSya	0.166666666667	VerbTransitive	0.125	VerbIntransitive	0.625	VerbIntransitiveSpecial	0.125	VerbTransitiveSpecial	0.125	NotRightConjunct	1.0	Plural_consonant	0.0555555555556	Genitive_Locative_u	0.0555555555556	Locative_u	0.0555555555556	NoSpecialCaseForm	0.555555555556	SpecialVocative	0.0555555555556	GenitivePlural_Zero	0.0555555555556	SpecialPlual	0.0555555555556	NominativePlural_a	0.0555555555556	Genitive_u	0.0555555555556	NoContrast	1.0	NormalCapitalization	1.0	V_Prefixoid	0.0416666666667	POL_Prefixoid	0.0416666666667	PO_Prefixoid	0.0416666666667	Letter_Prefixoid	0.0416666666667	InternMod_Prefixoid	0.0416666666667	Chem_Prefixoid	0.0416666666667	BES_Prefixoid	0.0416666666667	Chemical_Possible	0.0416666666667	VPOL_Prefixoid	0.0416666666667	Eval_Prefixoid	0.0416666666667	InternModEr_Prefixoid	0.0416666666667	Rus_Prefixoid	0.0416666666667	Intern_ReducedPrefixoid	0.0416666666667	NI_Prefixoid	0.0416666666667	Reduced_Prefixoid	0.0416666666667	NAI_Prefixoid	0.0416666666667	Intern_Prefixoid	0.0416666666667	BEZer_Prefixoid	0.0416666666667	InternHy_Prefixoid	0.0416666666667	KOE_Prefixoid	0.0416666666667	ProperNamePrefixoid	0.0416666666667	RusHy_Prefixoid	0.0416666666667	BEZ_Prefixoid	0.0416666666667	NE_Prefixoid	0.0416666666667	ParticipleShortForm	0.5	ParticipleFullForm	0.5	Plural	0.25	Singular	0.75	Four	0.2	SevenEight	0.2	Two	0.2	Three	0.2	FiveAndMore	0.2	AdjectiveFullForm	0.333333333333	AdjectiveShortFlectional	0.333333333333	AdjectiveShortForm	0.333333333333	NounProperNameDimin	0.0555555555556	NounProperName	0.0555555555556	NounProperGeneral	0.0555555555556	NounProperTown	0.0555555555556	NounProperPatronymic	0.0555555555556	NounProperSurNameFlective	0.0555555555556	AdjectiveProper	0.0555555555556	AbbrProperGeneral	0.0555555555556	NounProperSurNameForeign	0.555555555556	NormalNumberParadigm	1.0	FullRealization	1.0
81	14	был	был	488215	488211	Animate	0.5	Inanimate	0.5	NonReflexive	1.0	NormalMorphForm	1.0	Byt	1.0	GTVerb	1.0	NotEllipted	1.0	VocalForm	0.5	NForm	0.5	NotControlled	1.0	ZeroTypeOfCoordination	1.0	Composite_ComplexNumeral	0.0714285714286	Composite_cko	0.0714285714286	NoCompositeness	0.0714285714286	Composite_cki	0.0714285714286	Composite_o	0.0714285714286	Composite_NumeralFull	0.0714285714286	Composite_NumeralShort	0.0714285714286	Composite_null	0.0714285714286	Composite_iko	0.0714285714286	Composite_sko	0.0714285714286	Composite_e	0.0714285714286	Composite_Numeral	0.0714285714286	Composite_usek	0.0714285714286	Composite_ski	0.0714285714286	DegreeComparative	0.333333333333	DegreeSuperlative	0.333333333333	DegreePositive	0.333333333333	Adverb_With_Hyphen	0.5	Adverb_Un_Hyphen	0.5	DeclensionMixed	0.25	DeclensionAdjectival	0.25	DeclensionNominal	0.25	Indeclinable	0.25	Comp_PunctuatorPref	0.0625	Comp_Suffixoid_Num_IJ	0.0625	Comp_PunctuatorPostSeparable	0.0625	Un_Comp_Suf	0.0625	Comp_SuffixoidAbbr	0.0625	Comp_Noun	0.0625	Comp_Suffixoid_Num_J	0.0625	Comp_PunctuatorPost	0.0625	Comp_PunctuatorPrefSeparable	0.0625	Comp_Suffixoid_Num_OJ	0.0625	Comp_Prefixoid	0.0625	Comp_Suffixoid	0.0625	Comp_Suffixoid_Chem	0.0625	Comp_Suffixoid_Num_PercentYJ	0.0625	Comp_Suffixoid_Num_YJ	0.0625	Comp_Adj	0.0625	MonoAspectual	1.0	NoSynthComparative	0.25	FullSynthComparison	0.25	OnlySuperlative	0.25	NoSynthSuperlative	0.25	MTwo	0.333333333333	MOne	0.333333333333	MThree	0.333333333333	NormalClassifyingCapitalization	1.0	Past	1.0	Verb	1.0	ZeroDoubleConjunct	1.0	NotCommonChild	1.0	Accusative	0.0909090909091	Prepositional	0.0909090909091	Instrumental	0.0909090909091	Dative	0.0909090909091	ZeroCase	0.0909090909091	Locative	0.0909090909091	Genitive	0.0909090909091	Partitive	0.0909090909091	Nominative	0.0909090909091	DativeSpecial	0.0909090909091	Vocative	0.0909090909091	RCDemonstrative	0.111111111111	RCNegative	0.111111111111	RCNoun	0.111111111111	RCPossessive	0.111111111111	RCIndefinite	0.111111111111	RCPersonal	0.111111111111	RCReflexive	0.111111111111	RCInterrogative	0.111111111111	RCAttributive	0.111111111111	NoPlacement	1.0	Imperfective	1.0	NotDefaultFiller	1.0	Masculine	1.0	NoLeftmostPlacement	1.0	UnIterat	1.0	NoRightmostPlacement	1.0	NotLeftConjunct	1.0	PersonFirst	0.25	PersonThird	0.25	PersonSecond	0.25	PersonZero	0.25	Active	1.0	VerbIntransitive	1.0	NotRightConjunct	1.0	Plural_consonant	0.111111111111	Genitive_Locative_u	0.111111111111	Locative_u	0.111111111111	NoSpecialCaseForm	0.111111111111	SpecialVocative	0.111111111111	GenitivePlural_Zero	0.111111111111	SpecialPlual	0.111111111111	NominativePlural_a	0.111111111111	Genitive_u	0.111111111111	NoContrast	1.0	NormalCapitalization	1.0	V_Prefixoid	0.0416666666667	POL_Prefixoid	0.0416666666667	PO_Prefixoid	0.0416666666667	Letter_Prefixoid	0.0416666666667	InternMod_Prefixoid	0.0416666666667	Chem_Prefixoid	0.0416666666667	BES_Prefixoid	0.0416666666667	Chemical_Possible	0.0416666666667	VPOL_Prefixoid	0.0416666666667	Eval_Prefixoid	0.0416666666667	InternModEr_Prefixoid	0.0416666666667	Rus_Prefixoid	0.0416666666667	Intern_ReducedPrefixoid	0.0416666666667	NI_Prefixoid	0.0416666666667	Reduced_Prefixoid	0.0416666666667	NAI_Prefixoid	0.0416666666667	Intern_Prefixoid	0.0416666666667	BEZer_Prefixoid	0.0416666666667	InternHy_Prefixoid	0.0416666666667	KOE_Prefixoid	0.0416666666667	ProperNamePrefixoid	0.0416666666667	RusHy_Prefixoid	0.0416666666667	BEZ_Prefixoid	0.0416666666667	NE_Prefixoid	0.0416666666667	ParticipleShortForm	0.5	ParticipleFullForm	0.5	Singular	1.0	Four	0.2	SevenEight	0.2	Two	0.2	Three	0.2	FiveAndMore	0.2	AdjectiveFullForm	0.333333333333	AdjectiveShortFlectional	0.333333333333	AdjectiveShortForm	0.333333333333	NounProperNameDimin	0.111111111111	NounProperName	0.111111111111	NounProperGeneral	0.111111111111	NounProperTown	0.111111111111	NounProperSurNameFlective	0.111111111111	NounProperPatronymic	0.111111111111	AdjectiveProper	0.111111111111	AbbrProperGeneral	0.111111111111	NounProperSurNameForeign	0.111111111111	NormalNumberParadigm	1.0	FullRealization	1.0
81	18	назначен	назначен	488211	-1	Animate	0.5	Inanimate	0.5	ImperfectiveReflexivity	1.0	NormalMorphForm	1.0	DefectOne	0.2	DefectFour	0.2	Byt	0.2	DefectThree	0.2	DefectTwo	0.2	GTParticiple	1.0	NotEllipted	1.0	VocalForm	0.5	NForm	0.5	NotControlled	1.0	ZeroTypeOfCoordination	1.0	Composite_ComplexNumeral	0.0714285714286	Composite_cko	0.0714285714286	NoCompositeness	0.0714285714286	Composite_cki	0.0714285714286	Composite_o	0.0714285714286	Composite_NumeralFull	0.0714285714286	Composite_NumeralShort	0.0714285714286	Composite_null	0.0714285714286	Composite_iko	0.0714285714286	Composite_sko	0.0714285714286	Composite_e	0.0714285714286	Composite_Numeral	0.0714285714286	Composite_usek	0.0714285714286	Composite_ski	0.0714285714286	DegreeComparative	0.333333333333	DegreeSuperlative	0.333333333333	DegreePositive	0.333333333333	Adverb_With_Hyphen	0.5	Adverb_Un_Hyphen	0.5	DeclensionMixed	0.25	DeclensionAdjectival	0.25	DeclensionNominal	0.25	Indeclinable	0.25	Comp_PunctuatorPref	0.0625	Comp_Suffixoid_Num_IJ	0.0625	Comp_PunctuatorPostSeparable	0.0625	Un_Comp_Suf	0.0625	Comp_SuffixoidAbbr	0.0625	Comp_Noun	0.0625	Comp_Suffixoid_Num_J	0.0625	Comp_PunctuatorPost	0.0625	Comp_PunctuatorPrefSeparable	0.0625	Comp_Suffixoid_Num_OJ	0.0625	Comp_Prefixoid	0.0625	Comp_Suffixoid	0.0625	Comp_Suffixoid_Chem	0.0625	Comp_Suffixoid_Num_PercentYJ	0.0625	Comp_Suffixoid_Num_YJ	0.0625	Comp_Adj	0.0625	Paired	1.0	NoSynthComparative	0.25	FullSynthComparison	0.25	OnlySuperlative	0.25	NoSynthSuperlative	0.25	MTwo	0.333333333333	MOne	0.333333333333	MThree	0.333333333333	NormalClassifyingCapitalization	1.0	Past	1.0	Verb	1.0	ZeroDoubleConjunct	1.0	NotCommonChild	1.0	Accusative	0.0909090909091	Prepositional	0.0909090909091	Instrumental	0.0909090909091	Dative	0.0909090909091	ZeroCase	0.0909090909091	Locative	0.0909090909091	Genitive	0.0909090909091	Partitive	0.0909090909091	Nominative	0.0909090909091	DativeSpecial	0.0909090909091	Vocative	0.0909090909091	RCDemonstrative	0.111111111111	RCNegative	0.111111111111	RCNoun	0.111111111111	RCPossessive	0.111111111111	RCIndefinite	0.111111111111	RCPersonal	0.111111111111	RCReflexive	0.111111111111	RCInterrogative	0.111111111111	RCAttributive	0.111111111111	NoPlacement	1.0	Perfective	1.0	NotDefaultFiller	1.0	Masculine	1.0	NoLeftmostPlacement	1.0	UnIterat	1.0	NoRightmostPlacement	1.0	NotLeftConjunct	1.0	PersonFirst	0.25	PersonThird	0.25	PersonSecond	0.25	PersonZero	0.25	Passive	1.0	VerbTransitive	1.0	NotRightConjunct	1.0	Plural_consonant	0.111111111111	Genitive_Locative_u	0.111111111111	Locative_u	0.111111111111	NoSpecialCaseForm	0.111111111111	SpecialVocative	0.111111111111	GenitivePlural_Zero	0.111111111111	SpecialPlual	0.111111111111	NominativePlural_a	0.111111111111	Genitive_u	0.111111111111	NoContrast	1.0	NormalCapitalization	1.0	V_Prefixoid	0.0416666666667	POL_Prefixoid	0.0416666666667	PO_Prefixoid	0.0416666666667	Letter_Prefixoid	0.0416666666667	InternMod_Prefixoid	0.0416666666667	Chem_Prefixoid	0.0416666666667	BES_Prefixoid	0.0416666666667	Chemical_Possible	0.0416666666667	VPOL_Prefixoid	0.0416666666667	Eval_Prefixoid	0.0416666666667	InternModEr_Prefixoid	0.0416666666667	Rus_Prefixoid	0.0416666666667	Intern_ReducedPrefixoid	0.0416666666667	NI_Prefixoid	0.0416666666667	Reduced_Prefixoid	0.0416666666667	NAI_Prefixoid	0.0416666666667	Intern_Prefixoid	0.0416666666667	BEZer_Prefixoid	0.0416666666667	InternHy_Prefixoid	0.0416666666667	KOE_Prefixoid	0.0416666666667	ProperNamePrefixoid	0.0416666666667	RusHy_Prefixoid	0.0416666666667	BEZ_Prefixoid	0.0416666666667	NE_Prefixoid	0.0416666666667	ParticipleShortForm	1.0	Singular	1.0	Four	0.2	SevenEight	0.2	Two	0.2	Three	0.2	FiveAndMore	0.2	AdjectiveFullForm	0.333333333333	AdjectiveShortFlectional	0.333333333333	AdjectiveShortForm	0.333333333333	NounProperNameDimin	0.111111111111	NounProperName	0.111111111111	NounProperGeneral	0.111111111111	NounProperTown	0.111111111111	NounProperSurNameFlective	0.111111111111	NounProperPatronymic	0.111111111111	AdjectiveProper	0.111111111111	AbbrProperGeneral	0.111111111111	NounProperSurNameForeign	0.111111111111	NormalNumberParadigm	1.0	FullRealization	1.0
81	27	премьер-министром	премьер-министром	488216	488211	Animate	0.666666666667	Inanimate	0.333333333333	NonReflexive	0.25	ImperfectiveReflexivity	0.25	Reflexive	0.25	FullReflexivity	0.25	NormalMorphForm	1.0	DefectOne	0.2	DefectFour	0.2	Byt	0.2	DefectThree	0.2	DefectTwo	0.2	GTNoun	1.0	NotEllipted	1.0	VocalForm	0.5	NForm	0.5	NotControlled	1.0	ZeroTypeOfCoordination	1.0	NoCompositeness	1.0	DegreeComparative	0.333333333333	DegreeSuperlative	0.333333333333	DegreePositive	0.333333333333	Adverb_With_Hyphen	0.5	Adverb_Un_Hyphen	0.5	DeclensionNominal	1.0	Un_Comp_Suf	1.0	BiAspectual	0.333333333333	MonoAspectual	0.333333333333	Paired	0.333333333333	NoSynthComparative	0.25	FullSynthComparison	0.25	OnlySuperlative	0.25	NoSynthSuperlative	0.25	MTwo	0.333333333333	MOne	0.333333333333	MThree	0.333333333333	NormalClassifyingCapitalization	1.0	Past	0.333333333333	Future	0.333333333333	Present	0.333333333333	Noun	1.0	ZeroDoubleConjunct	1.0	NotCommonChild	1.0	Instrumental	0.333333333333	Genitive	0.166666666667	Partitive	0.166666666667	Nominative	0.333333333333	RCDemonstrative	0.111111111111	RCNegative	0.111111111111	RCNoun	0.111111111111	RCPossessive	0.111111111111	RCIndefinite	0.111111111111	RCPersonal	0.111111111111	RCReflexive	0.111111111111	RCInterrogative	0.111111111111	RCAttributive	0.111111111111	NoPlacement	1.0	Perfective	0.5	Imperfective	0.5	NotDefaultFiller	1.0	Feminine	0.333333333333	Masculine	0.666666666667	NoLeftmostPlacement	1.0	UnIterat	0.5	Iterat	0.5	NoRightmostPlacement	1.0	NotLeftConjunct	1.0	PersonFirst	0.25	PersonThird	0.25	PersonSecond	0.25	PersonZero	0.25	Active	0.333333333333	Passive	0.333333333333	VoiceSya	0.333333333333	VerbTransitive	0.25	VerbIntransitive	0.25	VerbIntransitiveSpecial	0.25	VerbTransitiveSpecial	0.25	NotRightConjunct	1.0	NoSpecialCaseForm	1.0	NoContrast	1.0	NormalCapitalization	1.0	V_Prefixoid	0.0416666666667	POL_Prefixoid	0.0416666666667	PO_Prefixoid	0.0416666666667	Letter_Prefixoid	0.0416666666667	InternMod_Prefixoid	0.0416666666667	Chem_Prefixoid	0.0416666666667	BES_Prefixoid	0.0416666666667	Chemical_Possible	0.0416666666667	VPOL_Prefixoid	0.0416666666667	Eval_Prefixoid	0.0416666666667	InternModEr_Prefixoid	0.0416666666667	Rus_Prefixoid	0.0416666666667	Intern_ReducedPrefixoid	0.0416666666667	NI_Prefixoid	0.0416666666667	Reduced_Prefixoid	0.0416666666667	NAI_Prefixoid	0.0416666666667	Intern_Prefixoid	0.0416666666667	BEZer_Prefixoid	0.0416666666667	InternHy_Prefixoid	0.0416666666667	KOE_Prefixoid	0.0416666666667	ProperNamePrefixoid	0.0416666666667	RusHy_Prefixoid	0.0416666666667	BEZ_Prefixoid	0.0416666666667	NE_Prefixoid	0.0416666666667	ParticipleShortForm	0.5	ParticipleFullForm	0.5	Plural	0.333333333333	Singular	0.666666666667	Four	0.2	SevenEight	0.2	Two	0.2	Three	0.2	FiveAndMore	0.2	AdjectiveFullForm	0.333333333333	AdjectiveShortFlectional	0.333333333333	AdjectiveShortForm	0.333333333333	NounProperNameDimin	0.111111111111	NounProperName	0.111111111111	NounProperGeneral	0.111111111111	NounProperTown	0.111111111111	NounProperSurNameFlective	0.111111111111	NounProperPatronymic	0.111111111111	AdjectiveProper	0.111111111111	AbbrProperGeneral	0.111111111111	NounProperSurNameForeign	0.111111111111	NormalNumberParadigm	1.0	FullRealization	1.0
81	45	Польши	Польши	488217	488216	Inanimate	1.0	NonReflexive	0.25	ImperfectiveReflexivity	0.25	Reflexive	0.25	FullReflexivity	0.25	NormalMorphForm	1.0	DefectOne	0.2	DefectFour	0.2	Byt	0.2	DefectThree	0.2	DefectTwo	0.2	GTNoun	1.0	NotEllipted	1.0	VocalForm	0.5	NForm	0.5	NotControlled	1.0	ZeroTypeOfCoordination	1.0	NoCompositeness	1.0	DegreeComparative	0.333333333333	DegreeSuperlative	0.333333333333	DegreePositive	0.333333333333	Adverb_With_Hyphen	0.5	Adverb_Un_Hyphen	0.5	DeclensionNominal	1.0	Un_Comp_Suf	1.0	BiAspectual	0.333333333333	MonoAspectual	0.333333333333	Paired	0.333333333333	NoSynthComparative	0.25	FullSynthComparison	0.25	OnlySuperlative	0.25	NoSynthSuperlative	0.25	MTwo	0.333333333333	MOne	0.333333333333	MThree	0.333333333333	NormalClassifyingCapitalization	1.0	Past	0.333333333333	Future	0.333333333333	Present	0.333333333333	Noun	1.0	ZeroDoubleConjunct	1.0	NotCommonChild	1.0	Genitive	0.5	Partitive	0.5	RCDemonstrative	0.111111111111	RCNegative	0.111111111111	RCNoun	0.111111111111	RCPossessive	0.111111111111	RCIndefinite	0.111111111111	RCPersonal	0.111111111111	RCReflexive	0.111111111111	RCInterrogative	0.111111111111	RCAttributive	0.111111111111	NoPlacement	1.0	Perfective	0.5	Imperfective	0.5	NotDefaultFiller	1.0	Feminine	1.0	NoLeftmostPlacement	1.0	UnIterat	0.5	Iterat	0.5	NoRightmostPlacement	1.0	NotLeftConjunct	1.0	PersonFirst	0.25	PersonThird	0.25	PersonSecond	0.25	PersonZero	0.25	Active	0.333333333333	Passive	0.333333333333	VoiceSya	0.333333333333	VerbTransitive	0.25	VerbIntransitive	0.25	VerbIntransitiveSpecial	0.25	VerbTransitiveSpecial	0.25	NotRightConjunct	1.0	NoSpecialCaseForm	1.0	NoContrast	1.0	NormalCapitalization	1.0	V_Prefixoid	0.0416666666667	POL_Prefixoid	0.0416666666667	PO_Prefixoid	0.0416666666667	Letter_Prefixoid	0.0416666666667	InternMod_Prefixoid	0.0416666666667	Chem_Prefixoid	0.0416666666667	BES_Prefixoid	0.0416666666667	Chemical_Possible	0.0416666666667	VPOL_Prefixoid	0.0416666666667	Eval_Prefixoid	0.0416666666667	InternModEr_Prefixoid	0.0416666666667	Rus_Prefixoid	0.0416666666667	Intern_ReducedPrefixoid	0.0416666666667	NI_Prefixoid	0.0416666666667	Reduced_Prefixoid	0.0416666666667	NAI_Prefixoid	0.0416666666667	Intern_Prefixoid	0.0416666666667	BEZer_Prefixoid	0.0416666666667	InternHy_Prefixoid	0.0416666666667	KOE_Prefixoid	0.0416666666667	ProperNamePrefixoid	0.0416666666667	RusHy_Prefixoid	0.0416666666667	BEZ_Prefixoid	0.0416666666667	NE_Prefixoid	0.0416666666667	ParticipleShortForm	0.5	ParticipleFullForm	0.5	Singular	1.0	Four	0.2	SevenEight	0.2	Two	0.2	Three	0.2	FiveAndMore	0.2	AdjectiveFullForm	0.333333333333	AdjectiveShortFlectional	0.333333333333	AdjectiveShortForm	0.333333333333	NounProperGeneral	1.0	SingulariaTantum	1.0	FullRealization	1.0
83	-1			488227	488224
83	0	Президент	Президент	488219	488218	Animate	1.0	NonReflexive	0.25	ImperfectiveReflexivity	0.25	Reflexive	0.25	FullReflexivity	0.25	NormalMorphForm	1.0	DefectOne	0.2	DefectFour	0.2	Byt	0.2	DefectThree	0.2	DefectTwo	0.2	GTNoun	1.0	NotEllipted	1.0	VocalForm	0.5	NForm	0.5	NotControlled	1.0	ZeroTypeOfCoordination	1.0	NoCompositeness	1.0	DegreeComparative	0.333333333333	DegreeSuperlative	0.333333333333	DegreePositive	0.333333333333	Adverb_With_Hyphen	0.5	Adverb_Un_Hyphen	0.5	DeclensionNominal	1.0	Un_Comp_Suf	1.0	BiAspectual	0.333333333333	MonoAspectual	0.333333333333	Paired	0.333333333333	NoSynthComparative	0.25	FullSynthComparison	0.25	OnlySuperlative	0.25	NoSynthSuperlative	0.25	MTwo	0.333333333333	MOne	0.333333333333	MThree	0.333333333333	NormalClassifyingCapitalization	1.0	Past	0.333333333333	Future	0.333333333333	Present	0.333333333333	Noun	1.0	ZeroDoubleConjunct	1.0	NotCommonChild	1.0	Nominative	1.0	RCDemonstrative	0.111111111111	RCNegative	0.111111111111	RCNoun	0.111111111111	RCPossessive	0.111111111111	RCIndefinite	0.111111111111	RCPersonal	0.111111111111	RCReflexive	0.111111111111	RCInterrogative	0.111111111111	RCAttributive	0.111111111111	NoPlacement	1.0	Perfective	0.5	Imperfective	0.5	NotDefaultFiller	1.0	Masculine	1.0	NoLeftmostPlacement	1.0	UnIterat	0.5	Iterat	0.5	NoRightmostPlacement	1.0	NotLeftConjunct	1.0	PersonFirst	0.25	PersonThird	0.25	PersonSecond	0.25	PersonZero	0.25	Active	0.333333333333	Passive	0.333333333333	VoiceSya	0.333333333333	VerbTransitive	0.25	VerbIntransitive	0.25	VerbIntransitiveSpecial	0.25	VerbTransitiveSpecial	0.25	NotRightConjunct	1.0	NoSpecialCaseForm	1.0	NoContrast	1.0	NormalCapitalization	1.0	V_Prefixoid	0.0416666666667	POL_Prefixoid	0.0416666666667	PO_Prefixoid	0.0416666666667	Letter_Prefixoid	0.0416666666667	InternMod_Prefixoid	0.0416666666667	Chem_Prefixoid	0.0416666666667	BES_Prefixoid	0.0416666666667	Chemical_Possible	0.0416666666667	VPOL_Prefixoid	0.0416666666667	Eval_Prefixoid	0.0416666666667	InternModEr_Prefixoid	0.0416666666667	Rus_Prefixoid	0.0416666666667	Intern_ReducedPrefixoid	0.0416666666667	NI_Prefixoid	0.0416666666667	Reduced_Prefixoid	0.0416666666667	NAI_Prefixoid	0.0416666666667	Intern_Prefixoid	0.0416666666667	BEZer_Prefixoid	0.0416666666667	InternHy_Prefixoid	0.0416666666667	KOE_Prefixoid	0.0416666666667	ProperNamePrefixoid	0.0416666666667	RusHy_Prefixoid	0.0416666666667	BEZ_Prefixoid	0.0416666666667	NE_Prefixoid	0.0416666666667	ParticipleShortForm	0.5	ParticipleFullForm	0.5	Singular	1.0	Four	0.2	SevenEight	0.2	Two	0.2	Three	0.2	FiveAndMore	0.2	AdjectiveFullForm	0.333333333333	AdjectiveShortFlectional	0.333333333333	AdjectiveShortForm	0.333333333333	NounProperNameDimin	0.111111111111	NounProperName	0.111111111111	NounProperGeneral	0.111111111111	NounProperTown	0.111111111111	NounProperSurNameFlective	0.111111111111	NounProperPatronymic	0.111111111111	AdjectiveProper	0.111111111111	AbbrProperGeneral	0.111111111111	NounProperSurNameForeign	0.111111111111	NormalNumberParadigm	1.0	FullRealization	1.0
83	10	страны	страны	488220	488219	Inanimate	1.0	NonReflexive	0.25	ImperfectiveReflexivity	0.25	Reflexive	0.25	FullReflexivity	0.25	NormalMorphForm	1.0	DefectOne	0.2	DefectFour	0.2	Byt	0.2	DefectThree	0.2	DefectTwo	0.2	GTNoun	1.0	NotEllipted	1.0	VocalForm	0.5	NForm	0.5	NotControlled	1.0	ZeroTypeOfCoordination	1.0	NoCompositeness	1.0	DegreeComparative	0.333333333333	DegreeSuperlative	0.333333333333	DegreePositive	0.333333333333	Adverb_With_Hyphen	0.5	Adverb_Un_Hyphen	0.5	DeclensionNominal	1.0	Un_Comp_Suf	1.0	BiAspectual	0.333333333333	MonoAspectual	0.333333333333	Paired	0.333333333333	NoSynthComparative	0.25	FullSynthComparison	0.25	OnlySuperlative	0.25	NoSynthSuperlative	0.25	MTwo	0.333333333333	MOne	0.333333333333	MThree	0.333333333333	NormalClassifyingCapitalization	1.0	Past	0.333333333333	Future	0.333333333333	Present	0.333333333333	Noun	1.0	ZeroDoubleConjunct	1.0	NotCommonChild	1.0	Accusative	0.25	Genitive	0.25	Partitive	0.25	Nominative	0.25	RCDemonstrative	0.111111111111	RCNegative	0.111111111111	RCNoun	0.111111111111	RCPossessive	0.111111111111	RCIndefinite	0.111111111111	RCPersonal	0.111111111111	RCReflexive	0.111111111111	RCInterrogative	0.111111111111	RCAttributive	0.111111111111	NoPlacement	1.0	Perfective	0.5	Imperfective	0.5	NotDefaultFiller	1.0	Feminine	1.0	NoLeftmostPlacement	1.0	UnIterat	0.5	Iterat	0.5	NoRightmostPlacement	1.0	NotLeftConjunct	1.0	PersonFirst	0.25	PersonThird	0.25	PersonSecond	0.25	PersonZero	0.25	Active	0.333333333333	Passive	0.333333333333	VoiceSya	0.333333333333	VerbTransitive	0.25	VerbIntransitive	0.25	VerbIntransitiveSpecial	0.25	VerbTransitiveSpecial	0.25	NotRightConjunct	1.0	NoSpecialCaseForm	1.0	NoContrast	1.0	NormalCapitalization	1.0	V_Prefixoid	0.0416666666667	POL_Prefixoid	0.0416666666667	PO_Prefixoid	0.0416666666667	Letter_Prefixoid	0.0416666666667	InternMod_Prefixoid	0.0416666666667	Chem_Prefixoid	0.0416666666667	BES_Prefixoid	0.0416666666667	Chemical_Possible	0.0416666666667	VPOL_Prefixoid	0.0416666666667	Eval_Prefixoid	0.0416666666667	InternModEr_Prefixoid	0.0416666666667	Rus_Prefixoid	0.0416666666667	Intern_ReducedPrefixoid	0.0416666666667	NI_Prefixoid	0.0416666666667	Reduced_Prefixoid	0.0416666666667	NAI_Prefixoid	0.0416666666667	Intern_Prefixoid	0.0416666666667	BEZer_Prefixoid	0.0416666666667	InternHy_Prefixoid	0.0416666666667	KOE_Prefixoid	0.0416666666667	ProperNamePrefixoid	0.0416666666667	RusHy_Prefixoid	0.0416666666667	BEZ_Prefixoid	0.0416666666667	NE_Prefixoid	0.0416666666667	ParticipleShortForm	0.5	ParticipleFullForm	0.5	Plural	0.5	Singular	0.5	Four	0.2	SevenEight	0.2	Two	0.2	Three	0.2	FiveAndMore	0.2	AdjectiveFullForm	0.333333333333	AdjectiveShortFlectional	0.333333333333	AdjectiveShortForm	0.333333333333	NounProperNameDimin	0.111111111111	NounProperName	0.111111111111	NounProperGeneral	0.111111111111	NounProperTown	0.111111111111	NounProperSurNameFlective	0.111111111111	NounProperPatronymic	0.111111111111	AdjectiveProper	0.111111111111	AbbrProperGeneral	0.111111111111	NounProperSurNameForeign	0.111111111111	NormalNumberParadigm	1.0	FullRealization	1.0
83	17	Лех	Лех	488221	488220	Animate	0.333333333333	Inanimate	0.333333333333	NonReflexive	0.166666666667	ImperfectiveReflexivity	0.166666666667	Reflexive	0.166666666667	FullReflexivity	0.166666666667	NormalMorphForm	1.0	DefectOne	0.133333333333	DefectFour	0.133333333333	Byt	0.133333333333	DefectThree	0.133333333333	DefectTwo	0.133333333333	GTNoun	0.666666666667	NotEllipted	1.0	VocalForm	0.333333333333	NForm	0.333333333333	NotControlled	1.0	ZeroTypeOfCoordination	1.0	NoCompositeness	0.666666666667	DegreeComparative	0.222222222222	DegreeSuperlative	0.222222222222	DegreePositive	0.222222222222	Adverb_With_Hyphen	0.333333333333	Adverb_Un_Hyphen	0.333333333333	DeclensionMixed	0.333333333333	DeclensionNominal	0.333333333333	Un_Comp_Suf	0.666666666667	BiAspectual	0.222222222222	MonoAspectual	0.222222222222	Paired	0.222222222222	NoSynthComparative	0.166666666667	FullSynthComparison	0.166666666667	OnlySuperlative	0.166666666667	NoSynthSuperlative	0.166666666667	MTwo	0.222222222222	MOne	0.222222222222	MThree	0.222222222222	NormalClassifyingCapitalization	1.0	Past	0.222222222222	Future	0.222222222222	Present	0.222222222222	Noun	0.666666666667	ZeroDoubleConjunct	1.0	NotCommonChild	1.0	Accusative	0.25	Genitive	0.0833333333333	Partitive	0.0833333333333	Nominative	0.166666666667	Vocative	0.0833333333333	RCDemonstrative	0.0740740740741	RCNegative	0.0740740740741	RCNoun	0.0740740740741	RCPossessive	0.0740740740741	RCIndefinite	0.0740740740741	RCPersonal	0.0740740740741	RCReflexive	0.0740740740741	RCInterrogative	0.0740740740741	RCAttributive	0.0740740740741	NoPlacement	1.0	Perfective	0.333333333333	Imperfective	0.333333333333	NotDefaultFiller	1.0	Masculine	0.666666666667	NoLeftmostPlacement	1.0	UnIterat	0.333333333333	Iterat	0.333333333333	NoRightmostPlacement	1.0	NotLeftConjunct	1.0	PersonFirst	0.166666666667	PersonThird	0.166666666667	PersonSecond	0.166666666667	PersonZero	0.166666666667	Active	0.222222222222	Passive	0.222222222222	VoiceSya	0.222222222222	VerbTransitive	0.166666666667	VerbIntransitive	0.166666666667	VerbIntransitiveSpecial	0.166666666667	VerbTransitiveSpecial	0.166666666667	NotRightConjunct	1.0	SpecialVocative	0.333333333333	NoSpecialCaseForm	0.333333333333	NoContrast	1.0	NormalCapitalization	1.0	V_Prefixoid	0.0277777777778	POL_Prefixoid	0.0277777777778	PO_Prefixoid	0.0277777777778	Letter_Prefixoid	0.0277777777778	InternMod_Prefixoid	0.0277777777778	Chem_Prefixoid	0.0277777777778	BES_Prefixoid	0.0277777777778	Chemical_Possible	0.0277777777778	VPOL_Prefixoid	0.0277777777778	Eval_Prefixoid	0.0277777777778	InternModEr_Prefixoid	0.0277777777778	Rus_Prefixoid	0.0277777777778	Intern_ReducedPrefixoid	0.0277777777778	NI_Prefixoid	0.0277777777778	Reduced_Prefixoid	0.0277777777778	NAI_Prefixoid	0.0277777777778	Intern_Prefixoid	0.0277777777778	BEZer_Prefixoid	0.0277777777778	InternHy_Prefixoid	0.0277777777778	KOE_Prefixoid	0.0277777777778	ProperNamePrefixoid	0.0277777777778	RusHy_Prefixoid	0.0277777777778	BEZ_Prefixoid	0.0277777777778	NE_Prefixoid	0.0277777777778	ParticipleShortForm	0.333333333333	ParticipleFullForm	0.333333333333	Plural	0.166666666667	Singular	0.5	Four	0.133333333333	SevenEight	0.133333333333	Two	0.133333333333	Three	0.133333333333	FiveAndMore	0.133333333333	AdjectiveFullForm	0.222222222222	AdjectiveShortFlectional	0.222222222222	AdjectiveShortForm	0.222222222222	NounProperTown	0.333333333333	NounProperNameDimin	0.333333333333	SingulariaTantum	0.333333333333	NormalNumberParadigm	0.666666666667	FullRealization	1.0
83	21	Качиньский	Качиньский	488222	488219	Animate	1.0	NonReflexive	0.25	ImperfectiveReflexivity	0.25	Reflexive	0.25	FullReflexivity	0.25	NormalMorphForm	1.0	DefectOne	0.2	DefectFour	0.2	Byt	0.2	DefectThree	0.2	DefectTwo	0.2	GTNoun	1.0	NotEllipted	1.0	VocalForm	0.5	NForm	0.5	NotControlled	1.0	ZeroTypeOfCoordination	1.0	NoCompositeness	1.0	DegreeComparative	0.333333333333	DegreeSuperlative	0.333333333333	DegreePositive	0.333333333333	Adverb_With_Hyphen	0.5	Adverb_Un_Hyphen	0.5	DeclensionAdjectival	1.0	Un_Comp_Suf	1.0	BiAspectual	0.333333333333	MonoAspectual	0.333333333333	Paired	0.333333333333	NoSynthComparative	0.25	FullSynthComparison	0.25	OnlySuperlative	0.25	NoSynthSuperlative	0.25	MTwo	0.333333333333	MOne	0.333333333333	MThree	0.333333333333	NormalClassifyingCapitalization	1.0	Past	0.333333333333	Future	0.333333333333	Present	0.333333333333	Noun	1.0	ZeroDoubleConjunct	1.0	NotCommonChild	1.0	Nominative	1.0	RCDemonstrative	0.111111111111	RCNegative	0.111111111111	RCNoun	0.111111111111	RCPossessive	0.111111111111	RCIndefinite	0.111111111111	RCPersonal	0.111111111111	RCReflexive	0.111111111111	RCInterrogative	0.111111111111	RCAttributive	0.111111111111	NoPlacement	1.0	Perfective	0.5	Imperfective	0.5	NotDefaultFiller	1.0	Masculine	1.0	NoLeftmostPlacement	1.0	UnIterat	0.5	Iterat	0.5	NoRightmostPlacement	1.0	NotLeftConjunct	1.0	PersonFirst	0.25	PersonThird	0.25	PersonSecond	0.25	PersonZero	0.25	Active	0.333333333333	Passive	0.333333333333	VoiceSya	0.333333333333	VerbTransitive	0.25	VerbIntransitive	0.25	VerbIntransitiveSpecial	0.25	VerbTransitiveSpecial	0.25	NotRightConjunct	1.0	NoSpecialCaseForm	1.0	NoContrast	1.0	NormalCapitalization	1.0	V_Prefixoid	0.0416666666667	POL_Prefixoid	0.0416666666667	PO_Prefixoid	0.0416666666667	Letter_Prefixoid	0.0416666666667	InternMod_Prefixoid	0.0416666666667	Chem_Prefixoid	0.0416666666667	BES_Prefixoid	0.0416666666667	Chemical_Possible	0.0416666666667	VPOL_Prefixoid	0.0416666666667	Eval_Prefixoid	0.0416666666667	InternModEr_Prefixoid	0.0416666666667	Rus_Prefixoid	0.0416666666667	Intern_ReducedPrefixoid	0.0416666666667	NI_Prefixoid	0.0416666666667	Reduced_Prefixoid	0.0416666666667	NAI_Prefixoid	0.0416666666667	Intern_Prefixoid	0.0416666666667	BEZer_Prefixoid	0.0416666666667	InternHy_Prefixoid	0.0416666666667	KOE_Prefixoid	0.0416666666667	ProperNamePrefixoid	0.0416666666667	RusHy_Prefixoid	0.0416666666667	BEZ_Prefixoid	0.0416666666667	NE_Prefixoid	0.0416666666667	ParticipleShortForm	0.5	ParticipleFullForm	0.5	Singular	1.0	Four	0.2	SevenEight	0.2	Two	0.2	Three	0.2	FiveAndMore	0.2	AdjectiveFullForm	0.333333333333	AdjectiveShortFlectional	0.333333333333	AdjectiveShortForm	0.333333333333	NounProperSurNameFlective	1.0	NormalNumberParadigm	1.0	FullRealization	1.0
83	32	поручил	поручил	488218	-1	Animate	0.5	Inanimate	0.5	ImperfectiveReflexivity	1.0	NormalMorphForm	1.0	DefectOne	0.2	DefectFour	0.2	Byt	0.2	DefectThree	0.2	DefectTwo	0.2	GTVerb	1.0	NotEllipted	1.0	VocalForm	0.5	NForm	0.5	NotControlled	1.0	ZeroTypeOfCoordination	1.0	Composite_ComplexNumeral	0.0714285714286	Composite_cko	0.0714285714286	NoCompositeness	0.0714285714286	Composite_cki	0.0714285714286	Composite_o	0.0714285714286	Composite_NumeralFull	0.0714285714286	Composite_NumeralShort	0.0714285714286	Composite_null	0.0714285714286	Composite_iko	0.0714285714286	Composite_sko	0.0714285714286	Composite_e	0.0714285714286	Composite_Numeral	0.0714285714286	Composite_usek	0.0714285714286	Composite_ski	0.0714285714286	DegreeComparative	0.333333333333	DegreeSuperlative	0.333333333333	DegreePositive	0.333333333333	Adverb_With_Hyphen	0.5	Adverb_Un_Hyphen	0.5	DeclensionMixed	0.25	DeclensionAdjectival	0.25	DeclensionNominal	0.25	Indeclinable	0.25	Comp_PunctuatorPref	0.0625	Comp_Suffixoid_Num_IJ	0.0625	Comp_PunctuatorPostSeparable	0.0625	Un_Comp_Suf	0.0625	Comp_SuffixoidAbbr	0.0625	Comp_Noun	0.0625	Comp_Suffixoid_Num_J	0.0625	Comp_PunctuatorPost	0.0625	Comp_PunctuatorPrefSeparable	0.0625	Comp_Suffixoid_Num_OJ	0.0625	Comp_Prefixoid	0.0625	Comp_Suffixoid	0.0625	Comp_Suffixoid_Chem	0.0625	Comp_Suffixoid_Num_PercentYJ	0.0625	Comp_Suffixoid_Num_YJ	0.0625	Comp_Adj	0.0625	Paired	1.0	NoSynthComparative	0.25	FullSynthComparison	0.25	OnlySuperlative	0.25	NoSynthSuperlative	0.25	MTwo	0.333333333333	MOne	0.333333333333	MThree	0.333333333333	NormalClassifyingCapitalization	1.0	Past	1.0	Verb	1.0	ZeroDoubleConjunct	1.0	NotCommonChild	1.0	Accusative	0.0909090909091	Prepositional	0.0909090909091	Instrumental	0.0909090909091	Dative	0.0909090909091	ZeroCase	0.0909090909091	Locative	0.0909090909091	Genitive	0.0909090909091	Partitive	0.0909090909091	Nominative	0.0909090909091	DativeSpecial	0.0909090909091	Vocative	0.0909090909091	RCDemonstrative	0.111111111111	RCNegative	0.111111111111	RCNoun	0.111111111111	RCPossessive	0.111111111111	RCIndefinite	0.111111111111	RCPersonal	0.111111111111	RCReflexive	0.111111111111	RCInterrogative	0.111111111111	RCAttributive	0.111111111111	NoPlacement	1.0	Perfective	1.0	NotDefaultFiller	1.0	Masculine	1.0	NoLeftmostPlacement	1.0	UnIterat	1.0	NoRightmostPlacement	1.0	NotLeftConjunct	1.0	PersonFirst	0.25	PersonThird	0.25	PersonSecond	0.25	PersonZero	0.25	Active	1.0	VerbTransitive	1.0	NotRightConjunct	1.0	Plural_consonant	0.111111111111	Genitive_Locative_u	0.111111111111	Locative_u	0.111111111111	NoSpecialCaseForm	0.111111111111	SpecialVocative	0.111111111111	GenitivePlural_Zero	0.111111111111	SpecialPlual	0.111111111111	NominativePlural_a	0.111111111111	Genitive_u	0.111111111111	NoContrast	1.0	NormalCapitalization	1.0	V_Prefixoid	0.0416666666667	POL_Prefixoid	0.0416666666667	PO_Prefixoid	0.0416666666667	Letter_Prefixoid	0.0416666666667	InternMod_Prefixoid	0.0416666666667	Chem_Prefixoid	0.0416666666667	BES_Prefixoid	0.0416666666667	Chemical_Possible	0.0416666666667	VPOL_Prefixoid	0.0416666666667	Eval_Prefixoid	0.0416666666667	InternModEr_Prefixoid	0.0416666666667	Rus_Prefixoid	0.0416666666667	Intern_ReducedPrefixoid	0.0416666666667	NI_Prefixoid	0.0416666666667	Reduced_Prefixoid	0.0416666666667	NAI_Prefixoid	0.0416666666667	Intern_Prefixoid	0.0416666666667	BEZer_Prefixoid	0.0416666666667	InternHy_Prefixoid	0.0416666666667	KOE_Prefixoid	0.0416666666667	ProperNamePrefixoid	0.0416666666667	RusHy_Prefixoid	0.0416666666667	BEZ_Prefixoid	0.0416666666667	NE_Prefixoid	0.0416666666667	ParticipleShortForm	0.5	ParticipleFullForm	0.5	Singular	1.0	Four	0.2	SevenEight	0.2	Two	0.2	Three	0.2	FiveAndMore	0.2	AdjectiveFullForm	0.333333333333	AdjectiveShortFlectional	0.333333333333	AdjectiveShortForm	0.333333333333	NounProperNameDimin	0.111111111111	NounProperName	0.111111111111	NounProperGeneral	0.111111111111	NounProperTown	0.111111111111	NounProperSurNameFlective	0.111111111111	NounProperPatronymic	0.111111111111	AdjectiveProper	0.111111111111	AbbrProperGeneral	0.111111111111	NounProperSurNameForeign	0.111111111111	NormalNumberParadigm	1.0	FullRealization	1.0
83	40	ему	ему	488223	488218	Animate	0.5	Inanimate	0.5	NonReflexive	0.25	ImperfectiveReflexivity	0.25	Reflexive	0.25	FullReflexivity	0.25	NormalMorphForm	1.0	DefectOne	0.2	DefectFour	0.2	Byt	0.2	DefectThree	0.2	DefectTwo	0.2	GTNoun	1.0	NotEllipted	1.0	VocalForm	1.0	NotControlled	1.0	ZeroTypeOfCoordination	1.0	Composite_ComplexNumeral	0.0714285714286	Composite_cko	0.0714285714286	NoCompositeness	0.0714285714286	Composite_cki	0.0714285714286	Composite_o	0.0714285714286	Composite_NumeralFull	0.0714285714286	Composite_NumeralShort	0.0714285714286	Composite_null	0.0714285714286	Composite_iko	0.0714285714286	Composite_sko	0.0714285714286	Composite_e	0.0714285714286	Composite_Numeral	0.0714285714286	Composite_usek	0.0714285714286	Composite_ski	0.0714285714286	DegreeComparative	0.333333333333	DegreeSuperlative	0.333333333333	DegreePositive	0.333333333333	Adverb_With_Hyphen	0.5	Adverb_Un_Hyphen	0.5	DeclensionMixed	0.25	DeclensionAdjectival	0.25	DeclensionNominal	0.25	Indeclinable	0.25	Comp_PunctuatorPref	0.0625	Comp_Suffixoid_Num_IJ	0.0625	Comp_PunctuatorPostSeparable	0.0625	Un_Comp_Suf	0.0625	Comp_SuffixoidAbbr	0.0625	Comp_Noun	0.0625	Comp_Suffixoid_Num_J	0.0625	Comp_PunctuatorPost	0.0625	Comp_PunctuatorPrefSeparable	0.0625	Comp_Suffixoid_Num_OJ	0.0625	Comp_Prefixoid	0.0625	Comp_Suffixoid	0.0625	Comp_Suffixoid_Chem	0.0625	Comp_Suffixoid_Num_PercentYJ	0.0625	Comp_Suffixoid_Num_YJ	0.0625	Comp_Adj	0.0625	BiAspectual	0.333333333333	MonoAspectual	0.333333333333	Paired	0.333333333333	NoSynthComparative	0.25	FullSynthComparison	0.25	OnlySuperlative	0.25	NoSynthSuperlative	0.25	MTwo	0.333333333333	MOne	0.333333333333	MThree	0.333333333333	NormalClassifyingCapitalization	1.0	Past	0.333333333333	Future	0.333333333333	Present	0.333333333333	Pronoun	1.0	ZeroDoubleConjunct	1.0	NotCommonChild	1.0	Dative	1.0	RCPersonal	1.0	NoPlacement	1.0	Perfective	0.5	Imperfective	0.5	NotDefaultFiller	1.0	Masculine	0.5	Neuter	0.5	NoLeftmostPlacement	1.0	UnIterat	0.5	Iterat	0.5	NoRightmostPlacement	1.0	NotLeftConjunct	1.0	PersonThird	1.0	Active	0.333333333333	Passive	0.333333333333	VoiceSya	0.333333333333	VerbTransitive	0.25	VerbIntransitive	0.25	VerbIntransitiveSpecial	0.25	VerbTransitiveSpecial	0.25	NotRightConjunct	1.0	Plural_consonant	0.111111111111	Genitive_Locative_u	0.111111111111	Locative_u	0.111111111111	NoSpecialCaseForm	0.111111111111	SpecialVocative	0.111111111111	GenitivePlural_Zero	0.111111111111	SpecialPlual	0.111111111111	NominativePlural_a	0.111111111111	Genitive_u	0.111111111111	NoContrast	1.0	NormalCapitalization	1.0	V_Prefixoid	0.0416666666667	POL_Prefixoid	0.0416666666667	PO_Prefixoid	0.0416666666667	Letter_Prefixoid	0.0416666666667	InternMod_Prefixoid	0.0416666666667	Chem_Prefixoid	0.0416666666667	BES_Prefixoid	0.0416666666667	Chemical_Possible	0.0416666666667	VPOL_Prefixoid	0.0416666666667	Eval_Prefixoid	0.0416666666667	InternModEr_Prefixoid	0.0416666666667	Rus_Prefixoid	0.0416666666667	Intern_ReducedPrefixoid	0.0416666666667	NI_Prefixoid	0.0416666666667	Reduced_Prefixoid	0.0416666666667	NAI_Prefixoid	0.0416666666667	Intern_Prefixoid	0.0416666666667	BEZer_Prefixoid	0.0416666666667	InternHy_Prefixoid	0.0416666666667	KOE_Prefixoid	0.0416666666667	ProperNamePrefixoid	0.0416666666667	RusHy_Prefixoid	0.0416666666667	BEZ_Prefixoid	0.0416666666667	NE_Prefixoid	0.0416666666667	ParticipleShortForm	0.5	ParticipleFullForm	0.5	Singular	1.0	Four	0.2	SevenEight	0.2	Two	0.2	Three	0.2	FiveAndMore	0.2	AdjectiveFullForm	0.333333333333	AdjectiveShortFlectional	0.333333333333	AdjectiveShortForm	0.333333333333	NounProperNameDimin	0.111111111111	NounProperName	0.111111111111	NounProperGeneral	0.111111111111	NounProperTown	0.111111111111	NounProperSurNameFlective	0.111111111111	NounProperPatronymic	0.111111111111	AdjectiveProper	0.111111111111	AbbrProperGeneral	0.111111111111	NounProperSurNameForeign	0.111111111111	NormalNumberParadigm	1.0	FullRealization	1.0
83	44	сформировать	сформировать	488224	488218	Animate	0.5	Inanimate	0.5	FullReflexivity	1.0	NormalMorphForm	1.0	DefectOne	0.2	DefectFour	0.2	Byt	0.2	DefectThree	0.2	DefectTwo	0.2	GTInfinitive	1.0	NotEllipted	1.0	VocalForm	0.5	NForm	0.5	NotControlled	1.0	ZeroTypeOfCoordination	1.0	Composite_ComplexNumeral	0.0714285714286	Composite_cko	0.0714285714286	NoCompositeness	0.0714285714286	Composite_cki	0.0714285714286	Composite_o	0.0714285714286	Composite_NumeralFull	0.0714285714286	Composite_NumeralShort	0.0714285714286	Composite_null	0.0714285714286	Composite_iko	0.0714285714286	Composite_sko	0.0714285714286	Composite_e	0.0714285714286	Composite_Numeral	0.0714285714286	Composite_usek	0.0714285714286	Composite_ski	0.0714285714286	DegreeComparative	0.333333333333	DegreeSuperlative	0.333333333333	DegreePositive	0.333333333333	Adverb_With_Hyphen	0.5	Adverb_Un_Hyphen	0.5	DeclensionMixed	0.25	DeclensionAdjectival	0.25	DeclensionNominal	0.25	Indeclinable	0.25	Comp_PunctuatorPref	0.0625	Comp_Suffixoid_Num_IJ	0.0625	Comp_PunctuatorPostSeparable	0.0625	Un_Comp_Suf	0.0625	Comp_SuffixoidAbbr	0.0625	Comp_Noun	0.0625	Comp_Suffixoid_Num_J	0.0625	Comp_PunctuatorPost	0.0625	Comp_PunctuatorPrefSeparable	0.0625	Comp_Suffixoid_Num_OJ	0.0625	Comp_Prefixoid	0.0625	Comp_Suffixoid	0.0625	Comp_Suffixoid_Chem	0.0625	Comp_Suffixoid_Num_PercentYJ	0.0625	Comp_Suffixoid_Num_YJ	0.0625	Comp_Adj	0.0625	Paired	1.0	NoSynthComparative	0.25	FullSynthComparison	0.25	OnlySuperlative	0.25	NoSynthSuperlative	0.25	MTwo	0.333333333333	MOne	0.333333333333	MThree	0.333333333333	NormalClassifyingCapitalization	1.0	Past	0.333333333333	Future	0.333333333333	Present	0.333333333333	Verb	1.0	ZeroDoubleConjunct	1.0	NotCommonChild	1.0	Accusative	0.0909090909091	Prepositional	0.0909090909091	Instrumental	0.0909090909091	Dative	0.0909090909091	ZeroCase	0.0909090909091	Locative	0.0909090909091	Genitive	0.0909090909091	Partitive	0.0909090909091	Nominative	0.0909090909091	DativeSpecial	0.0909090909091	Vocative	0.0909090909091	RCDemonstrative	0.111111111111	RCNegative	0.111111111111	RCNoun	0.111111111111	RCPossessive	0.111111111111	RCIndefinite	0.111111111111	RCPersonal	0.111111111111	RCReflexive	0.111111111111	RCInterrogative	0.111111111111	RCAttributive	0.111111111111	NoPlacement	1.0	Perfective	1.0	NotDefaultFiller	1.0	Feminine	0.25	Common	0.25	Masculine	0.25	Neuter	0.25	NoLeftmostPlacement	1.0	UnIterat	1.0	NoRightmostPlacement	1.0	NotLeftConjunct	1.0	PersonZero	1.0	Active	1.0	VerbTransitive	1.0	NotRightConjunct	1.0	Plural_consonant	0.111111111111	Genitive_Locative_u	0.111111111111	Locative_u	0.111111111111	NoSpecialCaseForm	0.111111111111	SpecialVocative	0.111111111111	GenitivePlural_Zero	0.111111111111	SpecialPlual	0.111111111111	NominativePlural_a	0.111111111111	Genitive_u	0.111111111111	NoContrast	1.0	NormalCapitalization	1.0	V_Prefixoid	0.0416666666667	POL_Prefixoid	0.0416666666667	PO_Prefixoid	0.0416666666667	Letter_Prefixoid	0.0416666666667	InternMod_Prefixoid	0.0416666666667	Chem_Prefixoid	0.0416666666667	BES_Prefixoid	0.0416666666667	Chemical_Possible	0.0416666666667	VPOL_Prefixoid	0.0416666666667	Eval_Prefixoid	0.0416666666667	InternModEr_Prefixoid	0.0416666666667	Rus_Prefixoid	0.0416666666667	Intern_ReducedPrefixoid	0.0416666666667	NI_Prefixoid	0.0416666666667	Reduced_Prefixoid	0.0416666666667	NAI_Prefixoid	0.0416666666667	Intern_Prefixoid	0.0416666666667	BEZer_Prefixoid	0.0416666666667	InternHy_Prefixoid	0.0416666666667	KOE_Prefixoid	0.0416666666667	ProperNamePrefixoid	0.0416666666667	RusHy_Prefixoid	0.0416666666667	BEZ_Prefixoid	0.0416666666667	NE_Prefixoid	0.0416666666667	ParticipleShortForm	0.5	ParticipleFullForm	0.5	Plural	0.5	Singular	0.5	Four	0.2	SevenEight	0.2	Two	0.2	Three	0.2	FiveAndMore	0.2	AdjectiveFullForm	0.333333333333	AdjectiveShortFlectional	0.333333333333	AdjectiveShortForm	0.333333333333	NounProperNameDimin	0.111111111111	NounProperName	0.111111111111	NounProperGeneral	0.111111111111	NounProperTown	0.111111111111	NounProperSurNameFlective	0.111111111111	NounProperPatronymic	0.111111111111	AdjectiveProper	0.111111111111	AbbrProperGeneral	0.111111111111	NounProperSurNameForeign	0.111111111111	NormalNumberParadigm	1.0	FullRealization	1.0
83	57	новое	новое	488226	488225	Animate	0.5	Inanimate	0.5	NonReflexive	0.25	ImperfectiveReflexivity	0.25	Reflexive	0.25	FullReflexivity	0.25	NormalMorphForm	1.0	DefectOne	0.2	DefectFour	0.2	Byt	0.2	DefectThree	0.2	DefectTwo	0.2	GTAdjective	1.0	NotEllipted	1.0	VocalForm	0.5	NForm	0.5	NotControlled	1.0	ZeroTypeOfCoordination	1.0	NoCompositeness	1.0	DegreePositive	1.0	Adverb_With_Hyphen	0.5	Adverb_Un_Hyphen	0.5	DeclensionMixed	0.25	DeclensionAdjectival	0.25	DeclensionNominal	0.25	Indeclinable	0.25	Un_Comp_Suf	1.0	BiAspectual	0.333333333333	MonoAspectual	0.333333333333	Paired	0.333333333333	FullSynthComparison	1.0	MTwo	0.333333333333	MOne	0.333333333333	MThree	0.333333333333	NormalClassifyingCapitalization	1.0	Past	0.333333333333	Future	0.333333333333	Present	0.333333333333	Adjective	1.0	ZeroDoubleConjunct	1.0	NotCommonChild	1.0	Accusative	0.5	Nominative	0.5	RCDemonstrative	0.111111111111	RCNegative	0.111111111111	RCNoun	0.111111111111	RCPossessive	0.111111111111	RCIndefinite	0.111111111111	RCPersonal	0.111111111111	RCReflexive	0.111111111111	RCInterrogative	0.111111111111	RCAttributive	0.111111111111	NoPlacement	1.0	Perfective	0.5	Imperfective	0.5	NotDefaultFiller	1.0	Neuter	1.0	NoLeftmostPlacement	1.0	UnIterat	0.5	Iterat	0.5	NoRightmostPlacement	1.0	NotLeftConjunct	1.0	PersonFirst	0.25	PersonThird	0.25	PersonSecond	0.25	PersonZero	0.25	Active	0.333333333333	Passive	0.333333333333	VoiceSya	0.333333333333	VerbTransitive	0.25	VerbIntransitive	0.25	VerbIntransitiveSpecial	0.25	VerbTransitiveSpecial	0.25	NotRightConjunct	1.0	Plural_consonant	0.111111111111	Genitive_Locative_u	0.111111111111	Locative_u	0.111111111111	NoSpecialCaseForm	0.111111111111	SpecialVocative	0.111111111111	GenitivePlural_Zero	0.111111111111	SpecialPlual	0.111111111111	NominativePlural_a	0.111111111111	Genitive_u	0.111111111111	NoContrast	1.0	NormalCapitalization	1.0	V_Prefixoid	0.0416666666667	POL_Prefixoid	0.0416666666667	PO_Prefixoid	0.0416666666667	Letter_Prefixoid	0.0416666666667	InternMod_Prefixoid	0.0416666666667	Chem_Prefixoid	0.0416666666667	BES_Prefixoid	0.0416666666667	Chemical_Possible	0.0416666666667	VPOL_Prefixoid	0.0416666666667	Eval_Prefixoid	0.0416666666667	InternModEr_Prefixoid	0.0416666666667	Rus_Prefixoid	0.0416666666667	Intern_ReducedPrefixoid	0.0416666666667	NI_Prefixoid	0.0416666666667	Reduced_Prefixoid	0.0416666666667	NAI_Prefixoid	0.0416666666667	Intern_Prefixoid	0.0416666666667	BEZer_Prefixoid	0.0416666666667	InternHy_Prefixoid	0.0416666666667	KOE_Prefixoid	0.0416666666667	ProperNamePrefixoid	0.0416666666667	RusHy_Prefixoid	0.0416666666667	BEZ_Prefixoid	0.0416666666667	NE_Prefixoid	0.0416666666667	ParticipleShortForm	0.5	ParticipleFullForm	0.5	Singular	1.0	Four	0.2	SevenEight	0.2	Two	0.2	Three	0.2	FiveAndMore	0.2	AdjectiveFullForm	1.0	NounProperNameDimin	0.111111111111	NounProperName	0.111111111111	NounProperGeneral	0.111111111111	NounProperTown	0.111111111111	NounProperSurNameFlective	0.111111111111	NounProperPatronymic	0.111111111111	AdjectiveProper	0.111111111111	AbbrProperGeneral	0.111111111111	NounProperSurNameForeign	0.111111111111	NormalNumberParadigm	1.0	FullRealization	1.0
83	63	правительство	правительство	488225	488224	Inanimate	1.0	NonReflexive	0.25	ImperfectiveReflexivity	0.25	Reflexive	0.25	FullReflexivity	0.25	NormalMorphForm	1.0	DefectOne	0.2	DefectFour	0.2	Byt	0.2	DefectThree	0.2	DefectTwo	0.2	GTNoun	1.0	NotEllipted	1.0	VocalForm	0.5	NForm	0.5	NotControlled	1.0	ZeroTypeOfCoordination	1.0	NoCompositeness	1.0	DegreeComparative	0.333333333333	DegreeSuperlative	0.333333333333	DegreePositive	0.333333333333	Adverb_With_Hyphen	0.5	Adverb_Un_Hyphen	0.5	DeclensionNominal	1.0	Un_Comp_Suf	1.0	BiAspectual	0.333333333333	MonoAspectual	0.333333333333	Paired	0.333333333333	NoSynthComparative	0.25	FullSynthComparison	0.25	OnlySuperlative	0.25	NoSynthSuperlative	0.25	MTwo	0.333333333333	MOne	0.333333333333	MThree	0.333333333333	NormalClassifyingCapitalization	1.0	Past	0.333333333333	Future	0.333333333333	Present	0.333333333333	Noun	1.0	ZeroDoubleConjunct	1.0	NotCommonChild	1.0	Accusative	0.5	Nominative	0.5	RCDemonstrative	0.111111111111	RCNegative	0.111111111111	RCNoun	0.111111111111	RCPossessive	0.111111111111	RCIndefinite	0.111111111111	RCPersonal	0.111111111111	RCReflexive	0.111111111111	RCInterrogative	0.111111111111	RCAttributive	0.111111111111	NoPlacement	1.0	Perfective	0.5	Imperfective	0.5	NotDefaultFiller	1.0	Neuter	1.0	NoLeftmostPlacement	1.0	UnIterat	0.5	Iterat	0.5	NoRightmostPlacement	1.0	NotLeftConjunct	1.0	PersonFirst	0.25	PersonThird	0.25	PersonSecond	0.25	PersonZero	0.25	Active	0.333333333333	Passive	0.333333333333	VoiceSya	0.333333333333	VerbTransitive	0.25	VerbIntransitive	0.25	VerbIntransitiveSpecial	0.25	VerbTransitiveSpecial	0.25	NotRightConjunct	1.0	NominativePlural_a	1.0	NoContrast	1.0	NormalCapitalization	1.0	V_Prefixoid	0.0416666666667	POL_Prefixoid	0.0416666666667	PO_Prefixoid	0.0416666666667	Letter_Prefixoid	0.0416666666667	InternMod_Prefixoid	0.0416666666667	Chem_Prefixoid	0.0416666666667	BES_Prefixoid	0.0416666666667	Chemical_Possible	0.0416666666667	VPOL_Prefixoid	0.0416666666667	Eval_Prefixoid	0.0416666666667	InternModEr_Prefixoid	0.0416666666667	Rus_Prefixoid	0.0416666666667	Intern_ReducedPrefixoid	0.0416666666667	NI_Prefixoid	0.0416666666667	Reduced_Prefixoid	0.0416666666667	NAI_Prefixoid	0.0416666666667	Intern_Prefixoid	0.0416666666667	BEZer_Prefixoid	0.0416666666667	InternHy_Prefixoid	0.0416666666667	KOE_Prefixoid	0.0416666666667	ProperNamePrefixoid	0.0416666666667	RusHy_Prefixoid	0.0416666666667	BEZ_Prefixoid	0.0416666666667	NE_Prefixoid	0.0416666666667	ParticipleShortForm	0.5	ParticipleFullForm	0.5	Singular	1.0	Four	0.2	SevenEight	0.2	Two	0.2	Three	0.2	FiveAndMore	0.2	AdjectiveFullForm	0.333333333333	AdjectiveShortFlectional	0.333333333333	AdjectiveShortForm	0.333333333333	NounProperNameDimin	0.111111111111	NounProperName	0.111111111111	NounProperGeneral	0.111111111111	NounProperTown	0.111111111111	NounProperSurNameFlective	0.111111111111	NounProperPatronymic	0.111111111111	AdjectiveProper	0.111111111111	AbbrProperGeneral	0.111111111111	NounProperSurNameForeign	0.111111111111	NormalNumberParadigm	1.0	FullRealization	1.0
85	0	В	В	488230	488229	Animate	0.125	Inanimate	0.625	NonReflexive	0.1875	ImperfectiveReflexivity	0.1875	Reflexive	0.1875	FullReflexivity	0.1875	NormalMorphForm	1.0	DefectOne	0.15	DefectFour	0.15	Byt	0.15	DefectThree	0.15	DefectTwo	0.15	GTInvariable	0.25	GTNoun	0.5	NotEllipted	1.0	VocalForm	0.375	NForm	0.375	NotControlled	1.0	ZeroTypeOfCoordination	1.0	Composite_ComplexNumeral	0.0178571428571	Composite_cko	0.0178571428571	NoCompositeness	0.517857142857	Composite_cki	0.0178571428571	Composite_o	0.0178571428571	Composite_NumeralFull	0.0178571428571	Composite_NumeralShort	0.0178571428571	Composite_null	0.0178571428571	Composite_iko	0.0178571428571	Composite_sko	0.0178571428571	Composite_e	0.0178571428571	Composite_Numeral	0.0178571428571	Composite_usek	0.0178571428571	Composite_ski	0.0178571428571	DegreeComparative	0.25	DegreeSuperlative	0.25	DegreePositive	0.25	Adverb_With_Hyphen	0.375	Adverb_Un_Hyphen	0.375	DeclensionMixed	0.0625	DeclensionAdjectival	0.0625	DeclensionNominal	0.0625	Indeclinable	0.5625	Comp_PunctuatorPref	0.015625	Comp_Suffixoid_Num_IJ	0.015625	Comp_PunctuatorPostSeparable	0.515625	Un_Comp_Suf	0.015625	Comp_SuffixoidAbbr	0.015625	Comp_Noun	0.015625	Comp_Suffixoid_Num_J	0.015625	Comp_PunctuatorPost	0.015625	Comp_PunctuatorPrefSeparable	0.015625	Comp_Suffixoid_Num_OJ	0.015625	Comp_Prefixoid	0.015625	Comp_Suffixoid	0.015625	Comp_Suffixoid_Chem	0.015625	Comp_Suffixoid_Num_PercentYJ	0.015625	Comp_Suffixoid_Num_YJ	0.015625	Comp_Adj	0.015625	BiAspectual	0.25	MonoAspectual	0.25	Paired	0.25	NoSynthComparative	0.1875	FullSynthComparison	0.1875	OnlySuperlative	0.1875	NoSynthSuperlative	0.1875	MTwo	0.25	MOne	0.25	MThree	0.25	NormalClassifyingCapitalization	1.0	Past	0.25	Future	0.25	Present	0.25	Preposition	0.25	Noun	0.5	ZeroDoubleConjunct	1.0	NotCommonChild	1.0	Accusative	0.0852272727273	Prepositional	0.0852272727273	Instrumental	0.0852272727273	Dative	0.0852272727273	ZeroCase	0.0227272727273	Locative	0.0852272727273	Genitive	0.0852272727273	Partitive	0.0852272727273	Nominative	0.0852272727273	DativeSpecial	0.0227272727273	Vocative	0.0227272727273	RCDemonstrative	0.0833333333333	RCNegative	0.0833333333333	RCNoun	0.0833333333333	RCPossessive	0.0833333333333	RCIndefinite	0.0833333333333	RCPersonal	0.0833333333333	RCReflexive	0.0833333333333	RCInterrogative	0.0833333333333	RCAttributive	0.0833333333333	NoPlacement	1.0	Perfective	0.375	Imperfective	0.375	NotDefaultFiller	1.0	Feminine	0.125	Common	0.125	Masculine	0.375	Neuter	0.125	NoLeftmostPlacement	1.0	UnIterat	0.375	Iterat	0.375	NoRightmostPlacement	1.0	NotLeftConjunct	1.0	PersonFirst	0.1875	PersonThird	0.1875	PersonSecond	0.1875	PersonZero	0.1875	Active	0.25	Passive	0.25	VoiceSya	0.25	VerbTransitive	0.1875	VerbIntransitive	0.1875	VerbIntransitiveSpecial	0.1875	VerbTransitiveSpecial	0.1875	NotRightConjunct	1.0	Plural_consonant	0.0833333333333	Genitive_Locative_u	0.0833333333333	Locative_u	0.0833333333333	NoSpecialCaseForm	0.0833333333333	SpecialVocative	0.0833333333333	GenitivePlural_Zero	0.0833333333333	SpecialPlual	0.0833333333333	NominativePlural_a	0.0833333333333	Genitive_u	0.0833333333333	NoContrast	1.0	NormalCapitalization	1.0	V_Prefixoid	0.03125	POL_Prefixoid	0.03125	PO_Prefixoid	0.03125	Letter_Prefixoid	0.03125	InternMod_Prefixoid	0.03125	Chem_Prefixoid	0.03125	BES_Prefixoid	0.03125	Chemical_Possible	0.03125	VPOL_Prefixoid	0.03125	Eval_Prefixoid	0.03125	InternModEr_Prefixoid	0.03125	Rus_Prefixoid	0.03125	Intern_ReducedPrefixoid	0.03125	NI_Prefixoid	0.03125	Reduced_Prefixoid	0.03125	NAI_Prefixoid	0.03125	Intern_Prefixoid	0.03125	BEZer_Prefixoid	0.03125	InternHy_Prefixoid	0.03125	KOE_Prefixoid	0.03125	ProperNamePrefixoid	0.03125	RusHy_Prefixoid	0.03125	BEZ_Prefixoid	0.03125	NE_Prefixoid	0.03125	ParticipleShortForm	0.375	ParticipleFullForm	0.375	Plural	0.375	Singular	0.375	Four	0.15	SevenEight	0.15	Two	0.15	Three	0.15	FiveAndMore	0.15	AdjectiveFullForm	0.25	AdjectiveShortFlectional	0.25	AdjectiveShortForm	0.25	NounProperNameDimin	0.0833333333333	NounProperName	0.0833333333333	NounProperGeneral	0.0833333333333	NounProperTown	0.0833333333333	NounProperSurNameFlective	0.0833333333333	NounProperPatronymic	0.0833333333333	AdjectiveProper	0.0833333333333	AbbrProperGeneral	0.0833333333333	NounProperSurNameForeign	0.0833333333333	NormalNumberParadigm	1.0	FullRealization	1.0
85	2	2007-2008	2007-2008	488231	488229	ZeroTypeOfCoordination	1.0	NoPlacement	1.0	NormalCapitalization	1.0	NotDefaultFiller	1.0	NoContrast	1.0	NoLeftmostPlacement	1.0	FullRealization	1.0	NoRightmostPlacement	1.0	NormalNumberParadigm	1.0	NotLeftConjunct	1.0	NormalClassifyingCapitalization	1.0	ZeroDoubleConjunct	1.0	NotCommonChild	1.0	NotEllipted	1.0	NormalMorphForm	1.0	NotControlled	1.0	NotRightConjunct	1.0
85	12	годах	годах	488229	488228	Inanimate	1.0	NonReflexive	0.25	ImperfectiveReflexivity	0.25	Reflexive	0.25	FullReflexivity	0.25	NormalMorphForm	1.0	DefectOne	0.2	DefectFour	0.2	Byt	0.2	DefectThree	0.2	DefectTwo	0.2	GTNoun	1.0	NotEllipted	1.0	VocalForm	0.5	NForm	0.5	NotControlled	1.0	ZeroTypeOfCoordination	1.0	NoCompositeness	1.0	DegreeComparative	0.333333333333	DegreeSuperlative	0.333333333333	DegreePositive	0.333333333333	Adverb_With_Hyphen	0.5	Adverb_Un_Hyphen	0.5	DeclensionNominal	1.0	Un_Comp_Suf	1.0	BiAspectual	0.333333333333	MonoAspectual	0.333333333333	Paired	0.333333333333	NoSynthComparative	0.25	FullSynthComparison	0.25	OnlySuperlative	0.25	NoSynthSuperlative	0.25	MTwo	0.333333333333	MOne	0.333333333333	MThree	0.333333333333	NormalClassifyingCapitalization	1.0	Past	0.333333333333	Future	0.333333333333	Present	0.333333333333	Noun	1.0	ZeroDoubleConjunct	1.0	NotCommonChild	1.0	Prepositional	0.5	Locative	0.5	RCDemonstrative	0.111111111111	RCNegative	0.111111111111	RCNoun	0.111111111111	RCPossessive	0.111111111111	RCIndefinite	0.111111111111	RCPersonal	0.111111111111	RCReflexive	0.111111111111	RCInterrogative	0.111111111111	RCAttributive	0.111111111111	NoPlacement	1.0	Perfective	0.5	Imperfective	0.5	NotDefaultFiller	1.0	Masculine	1.0	NoLeftmostPlacement	1.0	UnIterat	0.5	Iterat	0.5	NoRightmostPlacement	1.0	NotLeftConjunct	1.0	PersonFirst	0.25	PersonThird	0.25	PersonSecond	0.25	PersonZero	0.25	Active	0.333333333333	Passive	0.333333333333	VoiceSya	0.333333333333	VerbTransitive	0.25	VerbIntransitive	0.25	VerbIntransitiveSpecial	0.25	VerbTransitiveSpecial	0.25	NotRightConjunct	1.0	NoSpecialCaseForm	1.0	NoContrast	1.0	NormalCapitalization	1.0	V_Prefixoid	0.0416666666667	POL_Prefixoid	0.0416666666667	PO_Prefixoid	0.0416666666667	Letter_Prefixoid	0.0416666666667	InternMod_Prefixoid	0.0416666666667	Chem_Prefixoid	0.0416666666667	BES_Prefixoid	0.0416666666667	Chemical_Possible	0.0416666666667	VPOL_Prefixoid	0.0416666666667	Eval_Prefixoid	0.0416666666667	InternModEr_Prefixoid	0.0416666666667	Rus_Prefixoid	0.0416666666667	Intern_ReducedPrefixoid	0.0416666666667	NI_Prefixoid	0.0416666666667	Reduced_Prefixoid	0.0416666666667	NAI_Prefixoid	0.0416666666667	Intern_Prefixoid	0.0416666666667	BEZer_Prefixoid	0.0416666666667	InternHy_Prefixoid	0.0416666666667	KOE_Prefixoid	0.0416666666667	ProperNamePrefixoid	0.0416666666667	RusHy_Prefixoid	0.0416666666667	BEZ_Prefixoid	0.0416666666667	NE_Prefixoid	0.0416666666667	ParticipleShortForm	0.5	ParticipleFullForm	0.5	Plural	1.0	Four	0.2	SevenEight	0.2	Two	0.2	Three	0.2	FiveAndMore	0.2	AdjectiveFullForm	0.333333333333	AdjectiveShortFlectional	0.333333333333	AdjectiveShortForm	0.333333333333	NounProperNameDimin	0.111111111111	NounProperName	0.111111111111	NounProperGeneral	0.111111111111	NounProperTown	0.111111111111	NounProperSurNameFlective	0.111111111111	NounProperPatronymic	0.111111111111	AdjectiveProper	0.111111111111	AbbrProperGeneral	0.111111111111	NounProperSurNameForeign	0.111111111111	NonCountForm	0.5	NormalNumberParadigm	0.5	FullRealization	1.0
85	18	Туск	Туск	488232	488228	Animate	0.75	Inanimate	0.25	NonReflexive	0.625	ImperfectiveReflexivity	0.125	Reflexive	0.125	FullReflexivity	0.125	NormalMorphForm	1.0	DefectOne	0.2	DefectFour	0.2	Byt	0.2	DefectThree	0.2	DefectTwo	0.2	GTVerb	0.5	GTNoun	0.5	NotEllipted	1.0	VocalForm	0.5	NForm	0.5	NotControlled	1.0	ZeroTypeOfCoordination	1.0	Composite_ComplexNumeral	0.0357142857143	Composite_cko	0.0357142857143	NoCompositeness	0.535714285714	Composite_cki	0.0357142857143	Composite_o	0.0357142857143	Composite_NumeralFull	0.0357142857143	Composite_NumeralShort	0.0357142857143	Composite_null	0.0357142857143	Composite_iko	0.0357142857143	Composite_sko	0.0357142857143	Composite_e	0.0357142857143	Composite_Numeral	0.0357142857143	Composite_usek	0.0357142857143	Composite_ski	0.0357142857143	DegreeComparative	0.333333333333	DegreeSuperlative	0.333333333333	DegreePositive	0.333333333333	Adverb_With_Hyphen	0.5	Adverb_Un_Hyphen	0.5	DeclensionMixed	0.25	DeclensionAdjectival	0.25	DeclensionNominal	0.25	Indeclinable	0.25	Comp_PunctuatorPref	0.03125	Comp_Suffixoid_Num_IJ	0.03125	Comp_PunctuatorPostSeparable	0.03125	Un_Comp_Suf	0.53125	Comp_SuffixoidAbbr	0.03125	Comp_Noun	0.03125	Comp_Suffixoid_Num_J	0.03125	Comp_PunctuatorPost	0.03125	Comp_PunctuatorPrefSeparable	0.03125	Comp_Suffixoid_Num_OJ	0.03125	Comp_Prefixoid	0.03125	Comp_Suffixoid	0.03125	Comp_Suffixoid_Chem	0.03125	Comp_Suffixoid_Num_PercentYJ	0.03125	Comp_Suffixoid_Num_YJ	0.03125	Comp_Adj	0.03125	BiAspectual	0.166666666667	MonoAspectual	0.666666666667	Paired	0.166666666667	NoSynthComparative	0.25	FullSynthComparison	0.25	OnlySuperlative	0.25	NoSynthSuperlative	0.25	MTwo	0.333333333333	MOne	0.333333333333	MThree	0.333333333333	NormalClassifyingCapitalization	1.0	Past	0.666666666667	Future	0.166666666667	Present	0.166666666667	Verb	0.5	Noun	0.5	ZeroDoubleConjunct	1.0	NotCommonChild	1.0	Accusative	0.107954545455	Prepositional	0.107954545455	Instrumental	0.107954545455	Dative	0.107954545455	ZeroCase	0.0454545454545	Locative	0.107954545455	Genitive	0.107954545455	Partitive	0.107954545455	Nominative	0.107954545455	DativeSpecial	0.0454545454545	Vocative	0.0454545454545	RCDemonstrative	0.111111111111	RCNegative	0.111111111111	RCNoun	0.111111111111	RCPossessive	0.111111111111	RCIndefinite	0.111111111111	RCPersonal	0.111111111111	RCReflexive	0.111111111111	RCInterrogative	0.111111111111	RCAttributive	0.111111111111	NoPlacement	1.0	Perfective	0.25	Imperfective	0.75	NotDefaultFiller	1.0	Feminine	0.25	Masculine	0.75	NoLeftmostPlacement	1.0	UnIterat	0.75	Iterat	0.25	NoRightmostPlacement	1.0	NotLeftConjunct	1.0	PersonFirst	0.25	PersonThird	0.25	PersonSecond	0.25	PersonZero	0.25	Active	0.666666666667	Passive	0.166666666667	VoiceSya	0.166666666667	VerbTransitive	0.125	VerbIntransitive	0.625	VerbIntransitiveSpecial	0.125	VerbTransitiveSpecial	0.125	NotRightConjunct	1.0	Plural_consonant	0.0555555555556	Genitive_Locative_u	0.0555555555556	Locative_u	0.0555555555556	NoSpecialCaseForm	0.555555555556	SpecialVocative	0.0555555555556	GenitivePlural_Zero	0.0555555555556	SpecialPlual	0.0555555555556	NominativePlural_a	0.0555555555556	Genitive_u	0.0555555555556	NoContrast	1.0	NormalCapitalization	1.0	V_Prefixoid	0.0416666666667	POL_Prefixoid	0.0416666666667	PO_Prefixoid	0.0416666666667	Letter_Prefixoid	0.0416666666667	InternMod_Prefixoid	0.0416666666667	Chem_Prefixoid	0.0416666666667	BES_Prefixoid	0.0416666666667	Chemical_Possible	0.0416666666667	VPOL_Prefixoid	0.0416666666667	Eval_Prefixoid	0.0416666666667	InternModEr_Prefixoid	0.0416666666667	Rus_Prefixoid	0.0416666666667	Intern_ReducedPrefixoid	0.0416666666667	NI_Prefixoid	0.0416666666667	Reduced_Prefixoid	0.0416666666667	NAI_Prefixoid	0.0416666666667	Intern_Prefixoid	0.0416666666667	BEZer_Prefixoid	0.0416666666667	InternHy_Prefixoid	0.0416666666667	KOE_Prefixoid	0.0416666666667	ProperNamePrefixoid	0.0416666666667	RusHy_Prefixoid	0.0416666666667	BEZ_Prefixoid	0.0416666666667	NE_Prefixoid	0.0416666666667	ParticipleShortForm	0.5	ParticipleFullForm	0.5	Plural	0.25	Singular	0.75	Four	0.2	SevenEight	0.2	Two	0.2	Three	0.2	FiveAndMore	0.2	AdjectiveFullForm	0.333333333333	AdjectiveShortFlectional	0.333333333333	AdjectiveShortForm	0.333333333333	NounProperNameDimin	0.0555555555556	NounProperName	0.0555555555556	NounProperGeneral	0.0555555555556	NounProperTown	0.0555555555556	NounProperPatronymic	0.0555555555556	NounProperSurNameFlective	0.0555555555556	AdjectiveProper	0.0555555555556	AbbrProperGeneral	0.0555555555556	NounProperSurNameForeign	0.555555555556	NormalNumberParadigm	1.0	FullRealization	1.0
85	23	участвовал	участвовал	488228	-1	Animate	0.5	Inanimate	0.5	NonReflexive	1.0	NormalMorphForm	1.0	DefectOne	0.2	DefectFour	0.2	Byt	0.2	DefectThree	0.2	DefectTwo	0.2	GTVerb	1.0	NotEllipted	1.0	VocalForm	0.5	NForm	0.5	NotControlled	1.0	ZeroTypeOfCoordination	1.0	Composite_ComplexNumeral	0.0714285714286	Composite_cko	0.0714285714286	NoCompositeness	0.0714285714286	Composite_cki	0.0714285714286	Composite_o	0.0714285714286	Composite_NumeralFull	0.0714285714286	Composite_NumeralShort	0.0714285714286	Composite_null	0.0714285714286	Composite_iko	0.0714285714286	Composite_sko	0.0714285714286	Composite_e	0.0714285714286	Composite_Numeral	0.0714285714286	Composite_usek	0.0714285714286	Composite_ski	0.0714285714286	DegreeComparative	0.333333333333	DegreeSuperlative	0.333333333333	DegreePositive	0.333333333333	Adverb_With_Hyphen	0.5	Adverb_Un_Hyphen	0.5	DeclensionMixed	0.25	DeclensionAdjectival	0.25	DeclensionNominal	0.25	Indeclinable	0.25	Comp_PunctuatorPref	0.0625	Comp_Suffixoid_Num_IJ	0.0625	Comp_PunctuatorPostSeparable	0.0625	Un_Comp_Suf	0.0625	Comp_SuffixoidAbbr	0.0625	Comp_Noun	0.0625	Comp_Suffixoid_Num_J	0.0625	Comp_PunctuatorPost	0.0625	Comp_PunctuatorPrefSeparable	0.0625	Comp_Suffixoid_Num_OJ	0.0625	Comp_Prefixoid	0.0625	Comp_Suffixoid	0.0625	Comp_Suffixoid_Chem	0.0625	Comp_Suffixoid_Num_PercentYJ	0.0625	Comp_Suffixoid_Num_YJ	0.0625	Comp_Adj	0.0625	MonoAspectual	1.0	NoSynthComparative	0.25	FullSynthComparison	0.25	OnlySuperlative	0.25	NoSynthSuperlative	0.25	MTwo	0.333333333333	MOne	0.333333333333	MThree	0.333333333333	NormalClassifyingCapitalization	1.0	Past	1.0	Verb	1.0	ZeroDoubleConjunct	1.0	NotCommonChild	1.0	Accusative	0.0909090909091	Prepositional	0.0909090909091	Instrumental	0.0909090909091	Dative	0.0909090909091	ZeroCase	0.0909090909091	Locative	0.0909090909091	Genitive	0.0909090909091	Partitive	0.0909090909091	Nominative	0.0909090909091	DativeSpecial	0.0909090909091	Vocative	0.0909090909091	RCDemonstrative	0.111111111111	RCNegative	0.111111111111	RCNoun	0.111111111111	RCPossessive	0.111111111111	RCIndefinite	0.111111111111	RCPersonal	0.111111111111	RCReflexive	0.111111111111	RCInterrogative	0.111111111111	RCAttributive	0.111111111111	NoPlacement	1.0	Imperfective	1.0	NotDefaultFiller	1.0	Masculine	1.0	NoLeftmostPlacement	1.0	UnIterat	1.0	NoRightmostPlacement	1.0	NotLeftConjunct	1.0	PersonFirst	0.25	PersonThird	0.25	PersonSecond	0.25	PersonZero	0.25	Active	1.0	VerbIntransitive	1.0	NotRightConjunct	1.0	Plural_consonant	0.111111111111	Genitive_Locative_u	0.111111111111	Locative_u	0.111111111111	NoSpecialCaseForm	0.111111111111	SpecialVocative	0.111111111111	GenitivePlural_Zero	0.111111111111	SpecialPlual	0.111111111111	NominativePlural_a	0.111111111111	Genitive_u	0.111111111111	NoContrast	1.0	NormalCapitalization	1.0	V_Prefixoid	0.0416666666667	POL_Prefixoid	0.0416666666667	PO_Prefixoid	0.0416666666667	Letter_Prefixoid	0.0416666666667	InternMod_Prefixoid	0.0416666666667	Chem_Prefixoid	0.0416666666667	BES_Prefixoid	0.0416666666667	Chemical_Possible	0.0416666666667	VPOL_Prefixoid	0.0416666666667	Eval_Prefixoid	0.0416666666667	InternModEr_Prefixoid	0.0416666666667	Rus_Prefixoid	0.0416666666667	Intern_ReducedPrefixoid	0.0416666666667	NI_Prefixoid	0.0416666666667	Reduced_Prefixoid	0.0416666666667	NAI_Prefixoid	0.0416666666667	Intern_Prefixoid	0.0416666666667	BEZer_Prefixoid	0.0416666666667	InternHy_Prefixoid	0.0416666666667	KOE_Prefixoid	0.0416666666667	ProperNamePrefixoid	0.0416666666667	RusHy_Prefixoid	0.0416666666667	BEZ_Prefixoid	0.0416666666667	NE_Prefixoid	0.0416666666667	ParticipleShortForm	0.5	ParticipleFullForm	0.5	Singular	1.0	Four	0.2	SevenEight	0.2	Two	0.2	Three	0.2	FiveAndMore	0.2	AdjectiveFullForm	0.333333333333	AdjectiveShortFlectional	0.333333333333	AdjectiveShortForm	0.333333333333	NounProperNameDimin	0.111111111111	NounProperName	0.111111111111	NounProperGeneral	0.111111111111	NounProperTown	0.111111111111	NounProperSurNameFlective	0.111111111111	NounProperPatronymic	0.111111111111	AdjectiveProper	0.111111111111	AbbrProperGeneral	0.111111111111	NounProperSurNameForeign	0.111111111111	NormalNumberParadigm	1.0	FullRealization	1.0
85	34	в	в	488234	488233	Animate	0.25	Inanimate	0.75	NonReflexive	0.25	ImperfectiveReflexivity	0.25	Reflexive	0.25	FullReflexivity	0.25	NormalMorphForm	1.0	DefectOne	0.2	DefectFour	0.2	Byt	0.2	DefectThree	0.2	DefectTwo	0.2	GTInvariable	0.5	GTNoun	0.5	NotEllipted	1.0	VocalForm	0.5	NForm	0.5	NotControlled	1.0	ZeroTypeOfCoordination	1.0	Composite_ComplexNumeral	0.0357142857143	Composite_cko	0.0357142857143	NoCompositeness	0.535714285714	Composite_cki	0.0357142857143	Composite_o	0.0357142857143	Composite_NumeralFull	0.0357142857143	Composite_NumeralShort	0.0357142857143	Composite_null	0.0357142857143	Composite_iko	0.0357142857143	Composite_sko	0.0357142857143	Composite_e	0.0357142857143	Composite_Numeral	0.0357142857143	Composite_usek	0.0357142857143	Composite_ski	0.0357142857143	DegreeComparative	0.333333333333	DegreeSuperlative	0.333333333333	DegreePositive	0.333333333333	Adverb_With_Hyphen	0.5	Adverb_Un_Hyphen	0.5	DeclensionMixed	0.125	DeclensionAdjectival	0.125	DeclensionNominal	0.125	Indeclinable	0.625	Comp_PunctuatorPref	0.03125	Comp_Suffixoid_Num_IJ	0.03125	Comp_PunctuatorPostSeparable	0.53125	Un_Comp_Suf	0.03125	Comp_SuffixoidAbbr	0.03125	Comp_Noun	0.03125	Comp_Suffixoid_Num_J	0.03125	Comp_PunctuatorPost	0.03125	Comp_PunctuatorPrefSeparable	0.03125	Comp_Suffixoid_Num_OJ	0.03125	Comp_Prefixoid	0.03125	Comp_Suffixoid	0.03125	Comp_Suffixoid_Chem	0.03125	Comp_Suffixoid_Num_PercentYJ	0.03125	Comp_Suffixoid_Num_YJ	0.03125	Comp_Adj	0.03125	BiAspectual	0.333333333333	MonoAspectual	0.333333333333	Paired	0.333333333333	NoSynthComparative	0.25	FullSynthComparison	0.25	OnlySuperlative	0.25	NoSynthSuperlative	0.25	MTwo	0.333333333333	MOne	0.333333333333	MThree	0.333333333333	NormalClassifyingCapitalization	1.0	Past	0.333333333333	Future	0.333333333333	Present	0.333333333333	Preposition	0.5	Noun	0.5	ZeroDoubleConjunct	1.0	NotCommonChild	1.0	Accusative	0.107954545455	Prepositional	0.107954545455	Instrumental	0.107954545455	Dative	0.107954545455	ZeroCase	0.0454545454545	Locative	0.107954545455	Genitive	0.107954545455	Partitive	0.107954545455	Nominative	0.107954545455	DativeSpecial	0.0454545454545	Vocative	0.0454545454545	RCDemonstrative	0.111111111111	RCNegative	0.111111111111	RCNoun	0.111111111111	RCPossessive	0.111111111111	RCIndefinite	0.111111111111	RCPersonal	0.111111111111	RCReflexive	0.111111111111	RCInterrogative	0.111111111111	RCAttributive	0.111111111111	NoPlacement	1.0	Perfective	0.5	Imperfective	0.5	NotDefaultFiller	1.0	Feminine	0.125	Common	0.125	Masculine	0.625	Neuter	0.125	NoLeftmostPlacement	1.0	UnIterat	0.5	Iterat	0.5	NoRightmostPlacement	1.0	NotLeftConjunct	1.0	PersonFirst	0.25	PersonThird	0.25	PersonSecond	0.25	PersonZero	0.25	Active	0.333333333333	Passive	0.333333333333	VoiceSya	0.333333333333	VerbTransitive	0.25	VerbIntransitive	0.25	VerbIntransitiveSpecial	0.25	VerbTransitiveSpecial	0.25	NotRightConjunct	1.0	Plural_consonant	0.111111111111	Genitive_Locative_u	0.111111111111	Locative_u	0.111111111111	NoSpecialCaseForm	0.111111111111	SpecialVocative	0.111111111111	GenitivePlural_Zero	0.111111111111	SpecialPlual	0.111111111111	NominativePlural_a	0.111111111111	Genitive_u	0.111111111111	NoContrast	1.0	NormalCapitalization	1.0	V_Prefixoid	0.0416666666667	POL_Prefixoid	0.0416666666667	PO_Prefixoid	0.0416666666667	Letter_Prefixoid	0.0416666666667	InternMod_Prefixoid	0.0416666666667	Chem_Prefixoid	0.0416666666667	BES_Prefixoid	0.0416666666667	Chemical_Possible	0.0416666666667	VPOL_Prefixoid	0.0416666666667	Eval_Prefixoid	0.0416666666667	InternModEr_Prefixoid	0.0416666666667	Rus_Prefixoid	0.0416666666667	Intern_ReducedPrefixoid	0.0416666666667	NI_Prefixoid	0.0416666666667	Reduced_Prefixoid	0.0416666666667	NAI_Prefixoid	0.0416666666667	Intern_Prefixoid	0.0416666666667	BEZer_Prefixoid	0.0416666666667	InternHy_Prefixoid	0.0416666666667	KOE_Prefixoid	0.0416666666667	ProperNamePrefixoid	0.0416666666667	RusHy_Prefixoid	0.0416666666667	BEZ_Prefixoid	0.0416666666667	NE_Prefixoid	0.0416666666667	ParticipleShortForm	0.5	ParticipleFullForm	0.5	Plural	0.5	Singular	0.5	Four	0.2	SevenEight	0.2	Two	0.2	Three	0.2	FiveAndMore	0.2	AdjectiveFullForm	0.333333333333	AdjectiveShortFlectional	0.333333333333	AdjectiveShortForm	0.333333333333	NounProperNameDimin	0.111111111111	NounProperName	0.111111111111	NounProperGeneral	0.111111111111	NounProperTown	0.111111111111	NounProperSurNameFlective	0.111111111111	NounProperPatronymic	0.111111111111	AdjectiveProper	0.111111111111	AbbrProperGeneral	0.111111111111	NounProperSurNameForeign	0.111111111111	NormalNumberParadigm	1.0	FullRealization	1.0
85	36	переговорах	переговорах	488233	488228	Inanimate	1.0	NonReflexive	0.25	ImperfectiveReflexivity	0.25	Reflexive	0.25	FullReflexivity	0.25	NormalMorphForm	1.0	DefectOne	0.2	DefectFour	0.2	Byt	0.2	DefectThree	0.2	DefectTwo	0.2	GTNoun	1.0	NotEllipted	1.0	VocalForm	0.5	NForm	0.5	NotControlled	1.0	ZeroTypeOfCoordination	1.0	NoCompositeness	1.0	DegreeComparative	0.333333333333	DegreeSuperlative	0.333333333333	DegreePositive	0.333333333333	Adverb_With_Hyphen	0.5	Adverb_Un_Hyphen	0.5	DeclensionNominal	1.0	Un_Comp_Suf	1.0	BiAspectual	0.333333333333	MonoAspectual	0.333333333333	Paired	0.333333333333	NoSynthComparative	0.25	FullSynthComparison	0.25	OnlySuperlative	0.25	NoSynthSuperlative	0.25	MTwo	0.333333333333	MOne	0.333333333333	MThree	0.333333333333	NormalClassifyingCapitalization	1.0	Past	0.333333333333	Future	0.333333333333	Present	0.333333333333	Noun	1.0	ZeroDoubleConjunct	1.0	NotCommonChild	1.0	Prepositional	0.5	Locative	0.5	RCDemonstrative	0.111111111111	RCNegative	0.111111111111	RCNoun	0.111111111111	RCPossessive	0.111111111111	RCIndefinite	0.111111111111	RCPersonal	0.111111111111	RCReflexive	0.111111111111	RCInterrogative	0.111111111111	RCAttributive	0.111111111111	NoPlacement	1.0	Perfective	0.5	Imperfective	0.5	NotDefaultFiller	1.0	Feminine	0.25	Common	0.25	Masculine	0.25	Neuter	0.25	NoLeftmostPlacement	1.0	UnIterat	0.5	Iterat	0.5	NoRightmostPlacement	1.0	NotLeftConjunct	1.0	PersonFirst	0.25	PersonThird	0.25	PersonSecond	0.25	PersonZero	0.25	Active	0.333333333333	Passive	0.333333333333	VoiceSya	0.333333333333	VerbTransitive	0.25	VerbIntransitive	0.25	VerbIntransitiveSpecial	0.25	VerbTransitiveSpecial	0.25	NotRightConjunct	1.0	NoSpecialCaseForm	1.0	NoContrast	1.0	NormalCapitalization	1.0	V_Prefixoid	0.0416666666667	POL_Prefixoid	0.0416666666667	PO_Prefixoid	0.0416666666667	Letter_Prefixoid	0.0416666666667	InternMod_Prefixoid	0.0416666666667	Chem_Prefixoid	0.0416666666667	BES_Prefixoid	0.0416666666667	Chemical_Possible	0.0416666666667	VPOL_Prefixoid	0.0416666666667	Eval_Prefixoid	0.0416666666667	InternModEr_Prefixoid	0.0416666666667	Rus_Prefixoid	0.0416666666667	Intern_ReducedPrefixoid	0.0416666666667	NI_Prefixoid	0.0416666666667	Reduced_Prefixoid	0.0416666666667	NAI_Prefixoid	0.0416666666667	Intern_Prefixoid	0.0416666666667	BEZer_Prefixoid	0.0416666666667	InternHy_Prefixoid	0.0416666666667	KOE_Prefixoid	0.0416666666667	ProperNamePrefixoid	0.0416666666667	RusHy_Prefixoid	0.0416666666667	BEZ_Prefixoid	0.0416666666667	NE_Prefixoid	0.0416666666667	ParticipleShortForm	0.5	ParticipleFullForm	0.5	Plural	1.0	Four	0.2	SevenEight	0.2	Two	0.2	Three	0.2	FiveAndMore	0.2	AdjectiveFullForm	0.333333333333	AdjectiveShortFlectional	0.333333333333	AdjectiveShortForm	0.333333333333	NounProperNameDimin	0.111111111111	NounProperName	0.111111111111	NounProperGeneral	0.111111111111	NounProperTown	0.111111111111	NounProperSurNameFlective	0.111111111111	NounProperPatronymic	0.111111111111	AdjectiveProper	0.111111111111	AbbrProperGeneral	0.111111111111	NounProperSurNameForeign	0.111111111111	PluraliaTantum	1.0	FullRealization	1.0
85	48	с	с	488236	488235	Animate	0.166666666667	Inanimate	0.5	NonReflexive	0.166666666667	ImperfectiveReflexivity	0.166666666667	Reflexive	0.166666666667	FullReflexivity	0.166666666667	NormalMorphForm	1.0	DefectOne	0.133333333333	DefectFour	0.133333333333	Byt	0.133333333333	DefectThree	0.133333333333	DefectTwo	0.133333333333	GTInvariable	0.333333333333	GTNoun	0.333333333333	NotEllipted	1.0	VocalForm	0.333333333333	NForm	0.333333333333	NotControlled	1.0	ZeroTypeOfCoordination	1.0	Composite_ComplexNumeral	0.0238095238095	Composite_cko	0.0238095238095	NoCompositeness	0.357142857143	Composite_cki	0.0238095238095	Composite_o	0.0238095238095	Composite_NumeralFull	0.0238095238095	Composite_NumeralShort	0.0238095238095	Composite_null	0.0238095238095	Composite_iko	0.0238095238095	Composite_sko	0.0238095238095	Composite_e	0.0238095238095	Composite_Numeral	0.0238095238095	Composite_usek	0.0238095238095	Composite_ski	0.0238095238095	DegreeComparative	0.222222222222	DegreeSuperlative	0.222222222222	DegreePositive	0.222222222222	Adverb_With_Hyphen	0.333333333333	Adverb_Un_Hyphen	0.333333333333	DeclensionMixed	0.0833333333333	DeclensionAdjectival	0.0833333333333	DeclensionNominal	0.0833333333333	Indeclinable	0.416666666667	Comp_PunctuatorPref	0.0208333333333	Comp_Suffixoid_Num_IJ	0.0208333333333	Comp_PunctuatorPostSeparable	0.1875	Un_Comp_Suf	0.0208333333333	Comp_SuffixoidAbbr	0.0208333333333	Comp_Noun	0.0208333333333	Comp_Suffixoid_Num_J	0.0208333333333	Comp_PunctuatorPost	0.0208333333333	Comp_PunctuatorPrefSeparable	0.1875	Comp_Suffixoid_Num_OJ	0.0208333333333	Comp_Prefixoid	0.0208333333333	Comp_Suffixoid	0.0208333333333	Comp_Suffixoid_Chem	0.0208333333333	Comp_Suffixoid_Num_PercentYJ	0.0208333333333	Comp_Suffixoid_Num_YJ	0.0208333333333	Comp_Adj	0.0208333333333	BiAspectual	0.222222222222	MonoAspectual	0.222222222222	Paired	0.222222222222	NoSynthComparative	0.166666666667	FullSynthComparison	0.166666666667	OnlySuperlative	0.166666666667	NoSynthSuperlative	0.166666666667	MTwo	0.222222222222	MOne	0.222222222222	MThree	0.222222222222	NormalClassifyingCapitalization	1.0	Past	0.222222222222	Future	0.222222222222	Present	0.222222222222	Preposition	0.333333333333	Noun	0.333333333333	ZeroDoubleConjunct	1.0	NotCommonChild	1.0	Accusative	0.0719696969697	Prepositional	0.0719696969697	Instrumental	0.0719696969697	Dative	0.0719696969697	ZeroCase	0.030303030303	Locative	0.0719696969697	Genitive	0.0719696969697	Partitive	0.0719696969697	Nominative	0.0719696969697	DativeSpecial	0.030303030303	Vocative	0.030303030303	RCDemonstrative	0.0740740740741	RCNegative	0.0740740740741	RCNoun	0.0740740740741	RCPossessive	0.0740740740741	RCIndefinite	0.0740740740741	RCPersonal	0.0740740740741	RCReflexive	0.0740740740741	RCInterrogative	0.0740740740741	RCAttributive	0.0740740740741	NoPlacement	1.0	Perfective	0.333333333333	Imperfective	0.333333333333	NotDefaultFiller	1.0	Feminine	0.25	Common	0.0833333333333	Masculine	0.0833333333333	Neuter	0.25	NoLeftmostPlacement	1.0	UnIterat	0.333333333333	Iterat	0.333333333333	NoRightmostPlacement	1.0	NotLeftConjunct	1.0	PersonFirst	0.166666666667	PersonThird	0.166666666667	PersonSecond	0.166666666667	PersonZero	0.166666666667	Active	0.222222222222	Passive	0.222222222222	VoiceSya	0.222222222222	VerbTransitive	0.166666666667	VerbIntransitive	0.166666666667	VerbIntransitiveSpecial	0.166666666667	VerbTransitiveSpecial	0.166666666667	NotRightConjunct	1.0	Plural_consonant	0.0740740740741	Genitive_Locative_u	0.0740740740741	Locative_u	0.0740740740741	NoSpecialCaseForm	0.0740740740741	SpecialVocative	0.0740740740741	GenitivePlural_Zero	0.0740740740741	SpecialPlual	0.0740740740741	NominativePlural_a	0.0740740740741	Genitive_u	0.0740740740741	NoContrast	1.0	NormalCapitalization	1.0	V_Prefixoid	0.0277777777778	POL_Prefixoid	0.0277777777778	PO_Prefixoid	0.0277777777778	Letter_Prefixoid	0.0277777777778	InternMod_Prefixoid	0.0277777777778	Chem_Prefixoid	0.0277777777778	BES_Prefixoid	0.0277777777778	Chemical_Possible	0.0277777777778	VPOL_Prefixoid	0.0277777777778	Eval_Prefixoid	0.0277777777778	InternModEr_Prefixoid	0.0277777777778	Rus_Prefixoid	0.0277777777778	Intern_ReducedPrefixoid	0.0277777777778	NI_Prefixoid	0.0277777777778	Reduced_Prefixoid	0.0277777777778	NAI_Prefixoid	0.0277777777778	Intern_Prefixoid	0.0277777777778	BEZer_Prefixoid	0.0277777777778	InternHy_Prefixoid	0.0277777777778	KOE_Prefixoid	0.0277777777778	ProperNamePrefixoid	0.0277777777778	RusHy_Prefixoid	0.0277777777778	BEZ_Prefixoid	0.0277777777778	NE_Prefixoid	0.0277777777778	ParticipleShortForm	0.333333333333	ParticipleFullForm	0.333333333333	Plural	0.333333333333	Singular	0.333333333333	Four	0.133333333333	SevenEight	0.133333333333	Two	0.133333333333	Three	0.133333333333	FiveAndMore	0.133333333333	AdjectiveFullForm	0.222222222222	AdjectiveShortFlectional	0.222222222222	AdjectiveShortForm	0.222222222222	NounProperNameDimin	0.0740740740741	NounProperName	0.0740740740741	NounProperGeneral	0.0740740740741	NounProperTown	0.0740740740741	NounProperSurNameFlective	0.0740740740741	NounProperPatronymic	0.0740740740741	AdjectiveProper	0.0740740740741	AbbrProperGeneral	0.0740740740741	NounProperSurNameForeign	0.0740740740741	SingulariaTantum	0.166666666667	NormalNumberParadigm	0.833333333333	FullRealization	1.0
85	50	США	США	488235	488233	Inanimate	1.0	NonReflexive	0.25	ImperfectiveReflexivity	0.25	Reflexive	0.25	FullReflexivity	0.25	NormalMorphForm	1.0	DefectOne	0.2	DefectFour	0.2	Byt	0.2	DefectThree	0.2	DefectTwo	0.2	GTNoun	1.0	NotEllipted	1.0	VocalForm	0.5	NForm	0.5	NotControlled	1.0	ZeroTypeOfCoordination	1.0	NoCompositeness	1.0	DegreeComparative	0.333333333333	DegreeSuperlative	0.333333333333	DegreePositive	0.333333333333	Adverb_With_Hyphen	0.5	Adverb_Un_Hyphen	0.5	Indeclinable	1.0	Un_Comp_Suf	1.0	BiAspectual	0.333333333333	MonoAspectual	0.333333333333	Paired	0.333333333333	NoSynthComparative	0.25	FullSynthComparison	0.25	OnlySuperlative	0.25	NoSynthSuperlative	0.25	MTwo	0.333333333333	MOne	0.333333333333	MThree	0.333333333333	NormalClassifyingCapitalization	1.0	Past	0.333333333333	Future	0.333333333333	Present	0.333333333333	Noun	1.0	ZeroDoubleConjunct	1.0	NotCommonChild	1.0	Accusative	0.125	Prepositional	0.125	Instrumental	0.125	Dative	0.125	Locative	0.125	Genitive	0.125	Partitive	0.125	Nominative	0.125	RCDemonstrative	0.111111111111	RCNegative	0.111111111111	RCNoun	0.111111111111	RCPossessive	0.111111111111	RCIndefinite	0.111111111111	RCPersonal	0.111111111111	RCReflexive	0.111111111111	RCInterrogative	0.111111111111	RCAttributive	0.111111111111	NoPlacement	1.0	Perfective	0.5	Imperfective	0.5	NotDefaultFiller	1.0	Feminine	0.25	Common	0.25	Masculine	0.25	Neuter	0.25	NoLeftmostPlacement	1.0	UnIterat	0.5	Iterat	0.5	NoRightmostPlacement	1.0	NotLeftConjunct	1.0	PersonFirst	0.25	PersonThird	0.25	PersonSecond	0.25	PersonZero	0.25	Active	0.333333333333	Passive	0.333333333333	VoiceSya	0.333333333333	VerbTransitive	0.25	VerbIntransitive	0.25	VerbIntransitiveSpecial	0.25	VerbTransitiveSpecial	0.25	NotRightConjunct	1.0	Plural_consonant	0.111111111111	Genitive_Locative_u	0.111111111111	Locative_u	0.111111111111	NoSpecialCaseForm	0.111111111111	SpecialVocative	0.111111111111	GenitivePlural_Zero	0.111111111111	SpecialPlual	0.111111111111	NominativePlural_a	0.111111111111	Genitive_u	0.111111111111	NoContrast	1.0	NormalCapitalization	1.0	V_Prefixoid	0.0416666666667	POL_Prefixoid	0.0416666666667	PO_Prefixoid	0.0416666666667	Letter_Prefixoid	0.0416666666667	InternMod_Prefixoid	0.0416666666667	Chem_Prefixoid	0.0416666666667	BES_Prefixoid	0.0416666666667	Chemical_Possible	0.0416666666667	VPOL_Prefixoid	0.0416666666667	Eval_Prefixoid	0.0416666666667	InternModEr_Prefixoid	0.0416666666667	Rus_Prefixoid	0.0416666666667	Intern_ReducedPrefixoid	0.0416666666667	NI_Prefixoid	0.0416666666667	Reduced_Prefixoid	0.0416666666667	NAI_Prefixoid	0.0416666666667	Intern_Prefixoid	0.0416666666667	BEZer_Prefixoid	0.0416666666667	InternHy_Prefixoid	0.0416666666667	KOE_Prefixoid	0.0416666666667	ProperNamePrefixoid	0.0416666666667	RusHy_Prefixoid	0.0416666666667	BEZ_Prefixoid	0.0416666666667	NE_Prefixoid	0.0416666666667	ParticipleShortForm	0.5	ParticipleFullForm	0.5	Plural	1.0	Four	0.2	SevenEight	0.2	Two	0.2	Three	0.2	FiveAndMore	0.2	AdjectiveFullForm	0.333333333333	AdjectiveShortFlectional	0.333333333333	AdjectiveShortForm	0.333333333333	NounProperGeneral	1.0	PluraliaTantum	1.0	FullRealization	1.0
85	54	о	о	488238	488237	Animate	0.333333333333	Inanimate	0.666666666667	NonReflexive	0.25	ImperfectiveReflexivity	0.25	Reflexive	0.25	FullReflexivity	0.25	NormalMorphForm	1.0	DefectOne	0.2	DefectFour	0.2	Byt	0.2	DefectThree	0.2	DefectTwo	0.2	GTInvariable	0.666666666667	GTNoun	0.333333333333	NotEllipted	1.0	VocalForm	0.5	NForm	0.5	NotControlled	1.0	ZeroTypeOfCoordination	1.0	Composite_ComplexNumeral	0.047619047619	Composite_cko	0.047619047619	NoCompositeness	0.380952380952	Composite_cki	0.047619047619	Composite_o	0.047619047619	Composite_NumeralFull	0.047619047619	Composite_NumeralShort	0.047619047619	Composite_null	0.047619047619	Composite_iko	0.047619047619	Composite_sko	0.047619047619	Composite_e	0.047619047619	Composite_Numeral	0.047619047619	Composite_usek	0.047619047619	Composite_ski	0.047619047619	DegreeComparative	0.333333333333	DegreeSuperlative	0.333333333333	DegreePositive	0.333333333333	Adverb_With_Hyphen	0.5	Adverb_Un_Hyphen	0.5	DeclensionMixed	0.166666666667	DeclensionAdjectival	0.166666666667	DeclensionNominal	0.166666666667	Indeclinable	0.5	Comp_PunctuatorPref	0.0416666666667	Comp_Suffixoid_Num_IJ	0.0416666666667	Comp_PunctuatorPostSeparable	0.0416666666667	Un_Comp_Suf	0.0416666666667	Comp_SuffixoidAbbr	0.0416666666667	Comp_Noun	0.0416666666667	Comp_Suffixoid_Num_J	0.0416666666667	Comp_PunctuatorPost	0.0416666666667	Comp_PunctuatorPrefSeparable	0.375	Comp_Suffixoid_Num_OJ	0.0416666666667	Comp_Prefixoid	0.0416666666667	Comp_Suffixoid	0.0416666666667	Comp_Suffixoid_Chem	0.0416666666667	Comp_Suffixoid_Num_PercentYJ	0.0416666666667	Comp_Suffixoid_Num_YJ	0.0416666666667	Comp_Adj	0.0416666666667	BiAspectual	0.333333333333	MonoAspectual	0.333333333333	Paired	0.333333333333	NoSynthComparative	0.25	FullSynthComparison	0.25	OnlySuperlative	0.25	NoSynthSuperlative	0.25	MTwo	0.333333333333	MOne	0.333333333333	MThree	0.333333333333	NormalClassifyingCapitalization	1.0	Past	0.333333333333	Future	0.333333333333	Present	0.333333333333	Preposition	0.333333333333	Noun	0.333333333333	Interjection	0.333333333333	ZeroDoubleConjunct	1.0	NotCommonChild	1.0	Accusative	0.102272727273	Prepositional	0.102272727273	Instrumental	0.102272727273	Dative	0.102272727273	ZeroCase	0.0606060606061	Locative	0.102272727273	Genitive	0.102272727273	Partitive	0.102272727273	Nominative	0.102272727273	DativeSpecial	0.0606060606061	Vocative	0.0606060606061	RCDemonstrative	0.111111111111	RCNegative	0.111111111111	RCNoun	0.111111111111	RCPossessive	0.111111111111	RCIndefinite	0.111111111111	RCPersonal	0.111111111111	RCReflexive	0.111111111111	RCInterrogative	0.111111111111	RCAttributive	0.111111111111	NoPlacement	1.0	Perfective	0.5	Imperfective	0.5	NotDefaultFiller	1.0	Feminine	0.166666666667	Common	0.166666666667	Masculine	0.5	Neuter	0.166666666667	NoLeftmostPlacement	1.0	UnIterat	0.5	Iterat	0.5	NoRightmostPlacement	1.0	NotLeftConjunct	1.0	PersonFirst	0.25	PersonThird	0.25	PersonSecond	0.25	PersonZero	0.25	Active	0.333333333333	Passive	0.333333333333	VoiceSya	0.333333333333	VerbTransitive	0.25	VerbIntransitive	0.25	VerbIntransitiveSpecial	0.25	VerbTransitiveSpecial	0.25	NotRightConjunct	1.0	Plural_consonant	0.111111111111	Genitive_Locative_u	0.111111111111	Locative_u	0.111111111111	NoSpecialCaseForm	0.111111111111	SpecialVocative	0.111111111111	GenitivePlural_Zero	0.111111111111	SpecialPlual	0.111111111111	NominativePlural_a	0.111111111111	Genitive_u	0.111111111111	NoContrast	1.0	NormalCapitalization	1.0	V_Prefixoid	0.0416666666667	POL_Prefixoid	0.0416666666667	PO_Prefixoid	0.0416666666667	Letter_Prefixoid	0.0416666666667	InternMod_Prefixoid	0.0416666666667	Chem_Prefixoid	0.0416666666667	BES_Prefixoid	0.0416666666667	Chemical_Possible	0.0416666666667	VPOL_Prefixoid	0.0416666666667	Eval_Prefixoid	0.0416666666667	InternModEr_Prefixoid	0.0416666666667	Rus_Prefixoid	0.0416666666667	Intern_ReducedPrefixoid	0.0416666666667	NI_Prefixoid	0.0416666666667	Reduced_Prefixoid	0.0416666666667	NAI_Prefixoid	0.0416666666667	Intern_Prefixoid	0.0416666666667	BEZer_Prefixoid	0.0416666666667	InternHy_Prefixoid	0.0416666666667	KOE_Prefixoid	0.0416666666667	ProperNamePrefixoid	0.0416666666667	RusHy_Prefixoid	0.0416666666667	BEZ_Prefixoid	0.0416666666667	NE_Prefixoid	0.0416666666667	ParticipleShortForm	0.5	ParticipleFullForm	0.5	Plural	0.333333333333	Singular	0.666666666667	Four	0.2	SevenEight	0.2	Two	0.2	Three	0.2	FiveAndMore	0.2	AdjectiveFullForm	0.333333333333	AdjectiveShortFlectional	0.333333333333	AdjectiveShortForm	0.333333333333	NounProperNameDimin	0.0740740740741	NounProperName	0.0740740740741	NounProperGeneral	0.0740740740741	NounProperTown	0.0740740740741	NounProperSurNameFlective	0.0740740740741	NounProperPatronymic	0.0740740740741	AdjectiveProper	0.0740740740741	AbbrProperGeneral	0.407407407407	NounProperSurNameForeign	0.0740740740741	SingulariaTantum	0.333333333333	NormalNumberParadigm	0.666666666667	FullRealization	1.0
85	56	размещении	размещении	488237	488233	Inanimate	1.0	NonReflexive	0.25	ImperfectiveReflexivity	0.25	Reflexive	0.25	FullReflexivity	0.25	NormalMorphForm	1.0	DefectOne	0.2	DefectFour	0.2	Byt	0.2	DefectThree	0.2	DefectTwo	0.2	GTNoun	1.0	NotEllipted	1.0	VocalForm	0.5	NForm	0.5	NotControlled	1.0	ZeroTypeOfCoordination	1.0	NoCompositeness	1.0	DegreeComparative	0.333333333333	DegreeSuperlative	0.333333333333	DegreePositive	0.333333333333	Adverb_With_Hyphen	0.5	Adverb_Un_Hyphen	0.5	DeclensionNominal	1.0	Un_Comp_Suf	1.0	BiAspectual	0.333333333333	MonoAspectual	0.333333333333	Paired	0.333333333333	NoSynthComparative	0.25	FullSynthComparison	0.25	OnlySuperlative	0.25	NoSynthSuperlative	0.25	MTwo	0.333333333333	MOne	0.333333333333	MThree	0.333333333333	NormalClassifyingCapitalization	1.0	Past	0.333333333333	Future	0.333333333333	Present	0.333333333333	Noun	1.0	ZeroDoubleConjunct	1.0	NotCommonChild	1.0	Prepositional	0.5	Locative	0.5	RCDemonstrative	0.111111111111	RCNegative	0.111111111111	RCNoun	0.111111111111	RCPossessive	0.111111111111	RCIndefinite	0.111111111111	RCPersonal	0.111111111111	RCReflexive	0.111111111111	RCInterrogative	0.111111111111	RCAttributive	0.111111111111	NoPlacement	1.0	Perfective	0.5	Imperfective	0.5	NotDefaultFiller	1.0	Neuter	1.0	NoLeftmostPlacement	1.0	UnIterat	0.5	Iterat	0.5	NoRightmostPlacement	1.0	NotLeftConjunct	1.0	PersonFirst	0.25	PersonThird	0.25	PersonSecond	0.25	PersonZero	0.25	Active	0.333333333333	Passive	0.333333333333	VoiceSya	0.333333333333	VerbTransitive	0.25	VerbIntransitive	0.25	VerbIntransitiveSpecial	0.25	VerbTransitiveSpecial	0.25	NotRightConjunct	1.0	NoSpecialCaseForm	1.0	NoContrast	1.0	NormalCapitalization	1.0	V_Prefixoid	0.0416666666667	POL_Prefixoid	0.0416666666667	PO_Prefixoid	0.0416666666667	Letter_Prefixoid	0.0416666666667	InternMod_Prefixoid	0.0416666666667	Chem_Prefixoid	0.0416666666667	BES_Prefixoid	0.0416666666667	Chemical_Possible	0.0416666666667	VPOL_Prefixoid	0.0416666666667	Eval_Prefixoid	0.0416666666667	InternModEr_Prefixoid	0.0416666666667	Rus_Prefixoid	0.0416666666667	Intern_ReducedPrefixoid	0.0416666666667	NI_Prefixoid	0.0416666666667	Reduced_Prefixoid	0.0416666666667	NAI_Prefixoid	0.0416666666667	Intern_Prefixoid	0.0416666666667	BEZer_Prefixoid	0.0416666666667	InternHy_Prefixoid	0.0416666666667	KOE_Prefixoid	0.0416666666667	ProperNamePrefixoid	0.0416666666667	RusHy_Prefixoid	0.0416666666667	BEZ_Prefixoid	0.0416666666667	NE_Prefixoid	0.0416666666667	ParticipleShortForm	0.5	ParticipleFullForm	0.5	Singular	1.0	Four	0.2	SevenEight	0.2	Two	0.2	Three	0.2	FiveAndMore	0.2	AdjectiveFullForm	0.333333333333	AdjectiveShortFlectional	0.333333333333	AdjectiveShortForm	0.333333333333	NounProperNameDimin	0.111111111111	NounProperName	0.111111111111	NounProperGeneral	0.111111111111	NounProperTown	0.111111111111	NounProperSurNameFlective	0.111111111111	NounProperPatronymic	0.111111111111	AdjectiveProper	0.111111111111	AbbrProperGeneral	0.111111111111	NounProperSurNameForeign	0.111111111111	NormalNumberParadigm	1.0	FullRealization	1.0
85	67	на	на	488240	488239	Animate	0.5	Inanimate	0.5	NonReflexive	0.25	ImperfectiveReflexivity	0.25	Reflexive	0.25	FullReflexivity	0.25	NormalMorphForm	1.0	DefectOne	0.2	DefectFour	0.2	Byt	0.2	DefectThree	0.2	DefectTwo	0.2	GTInvariable	1.0	NotEllipted	1.0	VocalForm	0.5	NForm	0.5	NotControlled	1.0	ZeroTypeOfCoordination	1.0	Composite_ComplexNumeral	0.0714285714286	Composite_cko	0.0714285714286	NoCompositeness	0.0714285714286	Composite_cki	0.0714285714286	Composite_o	0.0714285714286	Composite_NumeralFull	0.0714285714286	Composite_NumeralShort	0.0714285714286	Composite_null	0.0714285714286	Composite_iko	0.0714285714286	Composite_sko	0.0714285714286	Composite_e	0.0714285714286	Composite_Numeral	0.0714285714286	Composite_usek	0.0714285714286	Composite_ski	0.0714285714286	DegreeComparative	0.333333333333	DegreeSuperlative	0.333333333333	DegreePositive	0.333333333333	Adverb_With_Hyphen	0.5	Adverb_Un_Hyphen	0.5	DeclensionMixed	0.25	DeclensionAdjectival	0.25	DeclensionNominal	0.25	Indeclinable	0.25	Comp_PunctuatorPref	0.0625	Comp_Suffixoid_Num_IJ	0.0625	Comp_PunctuatorPostSeparable	0.0625	Un_Comp_Suf	0.0625	Comp_SuffixoidAbbr	0.0625	Comp_Noun	0.0625	Comp_Suffixoid_Num_J	0.0625	Comp_PunctuatorPost	0.0625	Comp_PunctuatorPrefSeparable	0.0625	Comp_Suffixoid_Num_OJ	0.0625	Comp_Prefixoid	0.0625	Comp_Suffixoid	0.0625	Comp_Suffixoid_Chem	0.0625	Comp_Suffixoid_Num_PercentYJ	0.0625	Comp_Suffixoid_Num_YJ	0.0625	Comp_Adj	0.0625	BiAspectual	0.333333333333	MonoAspectual	0.333333333333	Paired	0.333333333333	NoSynthComparative	0.25	FullSynthComparison	0.25	OnlySuperlative	0.25	NoSynthSuperlative	0.25	MTwo	0.333333333333	MOne	0.333333333333	MThree	0.333333333333	NormalClassifyingCapitalization	1.0	Past	0.333333333333	Future	0.333333333333	Present	0.333333333333	Preposition	1.0	ZeroDoubleConjunct	1.0	NotCommonChild	1.0	Accusative	0.0909090909091	Prepositional	0.0909090909091	Instrumental	0.0909090909091	Dative	0.0909090909091	ZeroCase	0.0909090909091	Locative	0.0909090909091	Genitive	0.0909090909091	Partitive	0.0909090909091	Nominative	0.0909090909091	DativeSpecial	0.0909090909091	Vocative	0.0909090909091	RCDemonstrative	0.111111111111	RCNegative	0.111111111111	RCNoun	0.111111111111	RCPossessive	0.111111111111	RCIndefinite	0.111111111111	RCPersonal	0.111111111111	RCReflexive	0.111111111111	RCInterrogative	0.111111111111	RCAttributive	0.111111111111	NoPlacement	1.0	Perfective	0.5	Imperfective	0.5	NotDefaultFiller	1.0	Feminine	0.25	Common	0.25	Masculine	0.25	Neuter	0.25	NoLeftmostPlacement	1.0	UnIterat	0.5	Iterat	0.5	NoRightmostPlacement	1.0	NotLeftConjunct	1.0	PersonFirst	0.25	PersonThird	0.25	PersonSecond	0.25	PersonZero	0.25	Active	0.333333333333	Passive	0.333333333333	VoiceSya	0.333333333333	VerbTransitive	0.25	VerbIntransitive	0.25	VerbIntransitiveSpecial	0.25	VerbTransitiveSpecial	0.25	NotRightConjunct	1.0	Plural_consonant	0.111111111111	Genitive_Locative_u	0.111111111111	Locative_u	0.111111111111	NoSpecialCaseForm	0.111111111111	SpecialVocative	0.111111111111	GenitivePlural_Zero	0.111111111111	SpecialPlual	0.111111111111	NominativePlural_a	0.111111111111	Genitive_u	0.111111111111	NoContrast	1.0	NormalCapitalization	1.0	V_Prefixoid	0.0416666666667	POL_Prefixoid	0.0416666666667	PO_Prefixoid	0.0416666666667	Letter_Prefixoid	0.0416666666667	InternMod_Prefixoid	0.0416666666667	Chem_Prefixoid	0.0416666666667	BES_Prefixoid	0.0416666666667	Chemical_Possible	0.0416666666667	VPOL_Prefixoid	0.0416666666667	Eval_Prefixoid	0.0416666666667	InternModEr_Prefixoid	0.0416666666667	Rus_Prefixoid	0.0416666666667	Intern_ReducedPrefixoid	0.0416666666667	NI_Prefixoid	0.0416666666667	Reduced_Prefixoid	0.0416666666667	NAI_Prefixoid	0.0416666666667	Intern_Prefixoid	0.0416666666667	BEZer_Prefixoid	0.0416666666667	InternHy_Prefixoid	0.0416666666667	KOE_Prefixoid	0.0416666666667	ProperNamePrefixoid	0.0416666666667	RusHy_Prefixoid	0.0416666666667	BEZ_Prefixoid	0.0416666666667	NE_Prefixoid	0.0416666666667	ParticipleShortForm	0.5	ParticipleFullForm	0.5	Plural	0.5	Singular	0.5	Four	0.2	SevenEight	0.2	Two	0.2	Three	0.2	FiveAndMore	0.2	AdjectiveFullForm	0.333333333333	AdjectiveShortFlectional	0.333333333333	AdjectiveShortForm	0.333333333333	NounProperNameDimin	0.111111111111	NounProperName	0.111111111111	NounProperGeneral	0.111111111111	NounProperTown	0.111111111111	NounProperSurNameFlective	0.111111111111	NounProperPatronymic	0.111111111111	AdjectiveProper	0.111111111111	AbbrProperGeneral	0.111111111111	NounProperSurNameForeign	0.111111111111	NormalNumberParadigm	1.0	FullRealization	1.0
85	70	территории	территории	488239	488237	Inanimate	1.0	NonReflexive	0.25	ImperfectiveReflexivity	0.25	Reflexive	0.25	FullReflexivity	0.25	NormalMorphForm	1.0	DefectOne	0.2	DefectFour	0.2	Byt	0.2	DefectThree	0.2	DefectTwo	0.2	GTNoun	1.0	NotEllipted	1.0	VocalForm	0.5	NForm	0.5	NotControlled	1.0	ZeroTypeOfCoordination	1.0	NoCompositeness	1.0	DegreeComparative	0.333333333333	DegreeSuperlative	0.333333333333	DegreePositive	0.333333333333	Adverb_With_Hyphen	0.5	Adverb_Un_Hyphen	0.5	DeclensionNominal	1.0	Un_Comp_Suf	1.0	BiAspectual	0.333333333333	MonoAspectual	0.333333333333	Paired	0.333333333333	NoSynthComparative	0.25	FullSynthComparison	0.25	OnlySuperlative	0.25	NoSynthSuperlative	0.25	MTwo	0.333333333333	MOne	0.333333333333	MThree	0.333333333333	NormalClassifyingCapitalization	1.0	Past	0.333333333333	Future	0.333333333333	Present	0.333333333333	Noun	1.0	ZeroDoubleConjunct	1.0	NotCommonChild	1.0	Accusative	0.142857142857	Prepositional	0.142857142857	Dative	0.142857142857	Locative	0.142857142857	Genitive	0.142857142857	Partitive	0.142857142857	Nominative	0.142857142857	RCDemonstrative	0.111111111111	RCNegative	0.111111111111	RCNoun	0.111111111111	RCPossessive	0.111111111111	RCIndefinite	0.111111111111	RCPersonal	0.111111111111	RCReflexive	0.111111111111	RCInterrogative	0.111111111111	RCAttributive	0.111111111111	NoPlacement	1.0	Perfective	0.5	Imperfective	0.5	NotDefaultFiller	1.0	Feminine	1.0	NoLeftmostPlacement	1.0	UnIterat	0.5	Iterat	0.5	NoRightmostPlacement	1.0	NotLeftConjunct	1.0	PersonFirst	0.25	PersonThird	0.25	PersonSecond	0.25	PersonZero	0.25	Active	0.333333333333	Passive	0.333333333333	VoiceSya	0.333333333333	VerbTransitive	0.25	VerbIntransitive	0.25	VerbIntransitiveSpecial	0.25	VerbTransitiveSpecial	0.25	NotRightConjunct	1.0	NoSpecialCaseForm	1.0	NoContrast	1.0	NormalCapitalization	1.0	V_Prefixoid	0.0416666666667	POL_Prefixoid	0.0416666666667	PO_Prefixoid	0.0416666666667	Letter_Prefixoid	0.0416666666667	InternMod_Prefixoid	0.0416666666667	Chem_Prefixoid	0.0416666666667	BES_Prefixoid	0.0416666666667	Chemical_Possible	0.0416666666667	VPOL_Prefixoid	0.0416666666667	Eval_Prefixoid	0.0416666666667	InternModEr_Prefixoid	0.0416666666667	Rus_Prefixoid	0.0416666666667	Intern_ReducedPrefixoid	0.0416666666667	NI_Prefixoid	0.0416666666667	Reduced_Prefixoid	0.0416666666667	NAI_Prefixoid	0.0416666666667	Intern_Prefixoid	0.0416666666667	BEZer_Prefixoid	0.0416666666667	InternHy_Prefixoid	0.0416666666667	KOE_Prefixoid	0.0416666666667	ProperNamePrefixoid	0.0416666666667	RusHy_Prefixoid	0.0416666666667	BEZ_Prefixoid	0.0416666666667	NE_Prefixoid	0.0416666666667	ParticipleShortForm	0.5	ParticipleFullForm	0.5	Plural	0.5	Singular	0.5	Four	0.2	SevenEight	0.2	Two	0.2	Three	0.2	FiveAndMore	0.2	AdjectiveFullForm	0.333333333333	AdjectiveShortFlectional	0.333333333333	AdjectiveShortForm	0.333333333333	NounProperNameDimin	0.111111111111	NounProperName	0.111111111111	NounProperGeneral	0.111111111111	NounProperTown	0.111111111111	NounProperSurNameFlective	0.111111111111	NounProperPatronymic	0.111111111111	AdjectiveProper	0.111111111111	AbbrProperGeneral	0.111111111111	NounProperSurNameForeign	0.111111111111	NormalNumberParadigm	1.0	FullRealization	1.0
85	81	Польши	Польши	488241	488239	Inanimate	1.0	NonReflexive	0.25	ImperfectiveReflexivity	0.25	Reflexive	0.25	FullReflexivity	0.25	NormalMorphForm	1.0	DefectOne	0.2	DefectFour	0.2	Byt	0.2	DefectThree	0.2	DefectTwo	0.2	GTNoun	1.0	NotEllipted	1.0	VocalForm	0.5	NForm	0.5	NotControlled	1.0	ZeroTypeOfCoordination	1.0	NoCompositeness	1.0	DegreeComparative	0.333333333333	DegreeSuperlative	0.333333333333	DegreePositive	0.333333333333	Adverb_With_Hyphen	0.5	Adverb_Un_Hyphen	0.5	DeclensionNominal	1.0	Un_Comp_Suf	1.0	BiAspectual	0.333333333333	MonoAspectual	0.333333333333	Paired	0.333333333333	NoSynthComparative	0.25	FullSynthComparison	0.25	OnlySuperlative	0.25	NoSynthSuperlative	0.25	MTwo	0.333333333333	MOne	0.333333333333	MThree	0.333333333333	NormalClassifyingCapitalization	1.0	Past	0.333333333333	Future	0.333333333333	Present	0.333333333333	Noun	1.0	ZeroDoubleConjunct	1.0	NotCommonChild	1.0	Genitive	0.5	Partitive	0.5	RCDemonstrative	0.111111111111	RCNegative	0.111111111111	RCNoun	0.111111111111	RCPossessive	0.111111111111	RCIndefinite	0.111111111111	RCPersonal	0.111111111111	RCReflexive	0.111111111111	RCInterrogative	0.111111111111	RCAttributive	0.111111111111	NoPlacement	1.0	Perfective	0.5	Imperfective	0.5	NotDefaultFiller	1.0	Feminine	1.0	NoLeftmostPlacement	1.0	UnIterat	0.5	Iterat	0.5	NoRightmostPlacement	1.0	NotLeftConjunct	1.0	PersonFirst	0.25	PersonThird	0.25	PersonSecond	0.25	PersonZero	0.25	Active	0.333333333333	Passive	0.333333333333	VoiceSya	0.333333333333	VerbTransitive	0.25	VerbIntransitive	0.25	VerbIntransitiveSpecial	0.25	VerbTransitiveSpecial	0.25	NotRightConjunct	1.0	NoSpecialCaseForm	1.0	NoContrast	1.0	NormalCapitalization	1.0	V_Prefixoid	0.0416666666667	POL_Prefixoid	0.0416666666667	PO_Prefixoid	0.0416666666667	Letter_Prefixoid	0.0416666666667	InternMod_Prefixoid	0.0416666666667	Chem_Prefixoid	0.0416666666667	BES_Prefixoid	0.0416666666667	Chemical_Possible	0.0416666666667	VPOL_Prefixoid	0.0416666666667	Eval_Prefixoid	0.0416666666667	InternModEr_Prefixoid	0.0416666666667	Rus_Prefixoid	0.0416666666667	Intern_ReducedPrefixoid	0.0416666666667	NI_Prefixoid	0.0416666666667	Reduced_Prefixoid	0.0416666666667	NAI_Prefixoid	0.0416666666667	Intern_Prefixoid	0.0416666666667	BEZer_Prefixoid	0.0416666666667	InternHy_Prefixoid	0.0416666666667	KOE_Prefixoid	0.0416666666667	ProperNamePrefixoid	0.0416666666667	RusHy_Prefixoid	0.0416666666667	BEZ_Prefixoid	0.0416666666667	NE_Prefixoid	0.0416666666667	ParticipleShortForm	0.5	ParticipleFullForm	0.5	Singular	1.0	Four	0.2	SevenEight	0.2	Two	0.2	Three	0.2	FiveAndMore	0.2	AdjectiveFullForm	0.333333333333	AdjectiveShortFlectional	0.333333333333	AdjectiveShortForm	0.333333333333	NounProperGeneral	1.0	SingulariaTantum	1.0	FullRealization	1.0
85	88	элементов	элементов	488242	488237	Inanimate	1.0	NonReflexive	0.25	ImperfectiveReflexivity	0.25	Reflexive	0.25	FullReflexivity	0.25	NormalMorphForm	1.0	DefectOne	0.2	DefectFour	0.2	Byt	0.2	DefectThree	0.2	DefectTwo	0.2	GTNoun	1.0	NotEllipted	1.0	VocalForm	0.5	NForm	0.5	NotControlled	1.0	ZeroTypeOfCoordination	1.0	NoCompositeness	1.0	DegreeComparative	0.333333333333	DegreeSuperlative	0.333333333333	DegreePositive	0.333333333333	Adverb_With_Hyphen	0.5	Adverb_Un_Hyphen	0.5	DeclensionNominal	1.0	Un_Comp_Suf	1.0	BiAspectual	0.333333333333	MonoAspectual	0.333333333333	Paired	0.333333333333	NoSynthComparative	0.25	FullSynthComparison	0.25	OnlySuperlative	0.25	NoSynthSuperlative	0.25	MTwo	0.333333333333	MOne	0.333333333333	MThree	0.333333333333	NormalClassifyingCapitalization	1.0	Past	0.333333333333	Future	0.333333333333	Present	0.333333333333	Noun	1.0	ZeroDoubleConjunct	1.0	NotCommonChild	1.0	Genitive	0.5	Partitive	0.5	RCDemonstrative	0.111111111111	RCNegative	0.111111111111	RCNoun	0.111111111111	RCPossessive	0.111111111111	RCIndefinite	0.111111111111	RCPersonal	0.111111111111	RCReflexive	0.111111111111	RCInterrogative	0.111111111111	RCAttributive	0.111111111111	NoPlacement	1.0	Perfective	0.5	Imperfective	0.5	NotDefaultFiller	1.0	Masculine	1.0	NoLeftmostPlacement	1.0	UnIterat	0.5	Iterat	0.5	NoRightmostPlacement	1.0	NotLeftConjunct	1.0	PersonFirst	0.25	PersonThird	0.25	PersonSecond	0.25	PersonZero	0.25	Active	0.333333333333	Passive	0.333333333333	VoiceSya	0.333333333333	VerbTransitive	0.25	VerbIntransitive	0.25	VerbIntransitiveSpecial	0.25	VerbTransitiveSpecial	0.25	NotRightConjunct	1.0	NoSpecialCaseForm	1.0	NoContrast	1.0	NormalCapitalization	1.0	V_Prefixoid	0.0416666666667	POL_Prefixoid	0.0416666666667	PO_Prefixoid	0.0416666666667	Letter_Prefixoid	0.0416666666667	InternMod_Prefixoid	0.0416666666667	Chem_Prefixoid	0.0416666666667	BES_Prefixoid	0.0416666666667	Chemical_Possible	0.0416666666667	VPOL_Prefixoid	0.0416666666667	Eval_Prefixoid	0.0416666666667	InternModEr_Prefixoid	0.0416666666667	Rus_Prefixoid	0.0416666666667	Intern_ReducedPrefixoid	0.0416666666667	NI_Prefixoid	0.0416666666667	Reduced_Prefixoid	0.0416666666667	NAI_Prefixoid	0.0416666666667	Intern_Prefixoid	0.0416666666667	BEZer_Prefixoid	0.0416666666667	InternHy_Prefixoid	0.0416666666667	KOE_Prefixoid	0.0416666666667	ProperNamePrefixoid	0.0416666666667	RusHy_Prefixoid	0.0416666666667	BEZ_Prefixoid	0.0416666666667	NE_Prefixoid	0.0416666666667	ParticipleShortForm	0.5	ParticipleFullForm	0.5	Plural	1.0	Four	0.2	SevenEight	0.2	Two	0.2	Three	0.2	FiveAndMore	0.2	AdjectiveFullForm	0.333333333333	AdjectiveShortFlectional	0.333333333333	AdjectiveShortForm	0.333333333333	NounProperNameDimin	0.111111111111	NounProperName	0.111111111111	NounProperGeneral	0.111111111111	NounProperTown	0.111111111111	NounProperSurNameFlective	0.111111111111	NounProperPatronymic	0.111111111111	AdjectiveProper	0.111111111111	AbbrProperGeneral	0.111111111111	NounProperSurNameForeign	0.111111111111	NormalNumberParadigm	1.0	FullRealization	1.0
85	98	системы	системы	488243	488242	Inanimate	1.0	NonReflexive	0.25	ImperfectiveReflexivity	0.25	Reflexive	0.25	FullReflexivity	0.25	NormalMorphForm	1.0	DefectOne	0.2	DefectFour	0.2	Byt	0.2	DefectThree	0.2	DefectTwo	0.2	GTNoun	1.0	NotEllipted	1.0	VocalForm	0.5	NForm	0.5	NotControlled	1.0	ZeroTypeOfCoordination	1.0	NoCompositeness	1.0	DegreeComparative	0.333333333333	DegreeSuperlative	0.333333333333	DegreePositive	0.333333333333	Adverb_With_Hyphen	0.5	Adverb_Un_Hyphen	0.5	DeclensionNominal	1.0	Un_Comp_Suf	1.0	BiAspectual	0.333333333333	MonoAspectual	0.333333333333	Paired	0.333333333333	NoSynthComparative	0.25	FullSynthComparison	0.25	OnlySuperlative	0.25	NoSynthSuperlative	0.25	MTwo	0.333333333333	MOne	0.333333333333	MThree	0.333333333333	NormalClassifyingCapitalization	1.0	Past	0.333333333333	Future	0.333333333333	Present	0.333333333333	Noun	1.0	ZeroDoubleConjunct	1.0	NotCommonChild	1.0	Accusative	0.25	Genitive	0.25	Partitive	0.25	Nominative	0.25	RCDemonstrative	0.111111111111	RCNegative	0.111111111111	RCNoun	0.111111111111	RCPossessive	0.111111111111	RCIndefinite	0.111111111111	RCPersonal	0.111111111111	RCReflexive	0.111111111111	RCInterrogative	0.111111111111	RCAttributive	0.111111111111	NoPlacement	1.0	Perfective	0.5	Imperfective	0.5	NotDefaultFiller	1.0	Feminine	1.0	NoLeftmostPlacement	1.0	UnIterat	0.5	Iterat	0.5	NoRightmostPlacement	1.0	NotLeftConjunct	1.0	PersonFirst	0.25	PersonThird	0.25	PersonSecond	0.25	PersonZero	0.25	Active	0.333333333333	Passive	0.333333333333	VoiceSya	0.333333333333	VerbTransitive	0.25	VerbIntransitive	0.25	VerbIntransitiveSpecial	0.25	VerbTransitiveSpecial	0.25	NotRightConjunct	1.0	NoSpecialCaseForm	1.0	NoContrast	1.0	NormalCapitalization	1.0	V_Prefixoid	0.0416666666667	POL_Prefixoid	0.0416666666667	PO_Prefixoid	0.0416666666667	Letter_Prefixoid	0.0416666666667	InternMod_Prefixoid	0.0416666666667	Chem_Prefixoid	0.0416666666667	BES_Prefixoid	0.0416666666667	Chemical_Possible	0.0416666666667	VPOL_Prefixoid	0.0416666666667	Eval_Prefixoid	0.0416666666667	InternModEr_Prefixoid	0.0416666666667	Rus_Prefixoid	0.0416666666667	Intern_ReducedPrefixoid	0.0416666666667	NI_Prefixoid	0.0416666666667	Reduced_Prefixoid	0.0416666666667	NAI_Prefixoid	0.0416666666667	Intern_Prefixoid	0.0416666666667	BEZer_Prefixoid	0.0416666666667	InternHy_Prefixoid	0.0416666666667	KOE_Prefixoid	0.0416666666667	ProperNamePrefixoid	0.0416666666667	RusHy_Prefixoid	0.0416666666667	BEZ_Prefixoid	0.0416666666667	NE_Prefixoid	0.0416666666667	ParticipleShortForm	0.5	ParticipleFullForm	0.5	Plural	0.5	Singular	0.5	Four	0.2	SevenEight	0.2	Two	0.2	Three	0.2	FiveAndMore	0.2	AdjectiveFullForm	0.333333333333	AdjectiveShortFlectional	0.333333333333	AdjectiveShortForm	0.333333333333	NounProperNameDimin	0.111111111111	NounProperName	0.111111111111	NounProperGeneral	0.111111111111	NounProperTown	0.111111111111	NounProperSurNameFlective	0.111111111111	NounProperPatronymic	0.111111111111	AdjectiveProper	0.111111111111	AbbrProperGeneral	0.111111111111	NounProperSurNameForeign	0.111111111111	NormalNumberParadigm	1.0	FullRealization	1.0
85	106	национальной	национальной	488245	488244	Animate	0.5	Inanimate	0.5	NonReflexive	0.25	ImperfectiveReflexivity	0.25	Reflexive	0.25	FullReflexivity	0.25	NormalMorphForm	1.0	DefectOne	0.2	DefectFour	0.2	Byt	0.2	DefectThree	0.2	DefectTwo	0.2	GTAdjective	1.0	NotEllipted	1.0	VocalForm	0.5	NForm	0.5	NotControlled	1.0	ZeroTypeOfCoordination	1.0	NoCompositeness	1.0	DegreePositive	1.0	Adverb_With_Hyphen	0.5	Adverb_Un_Hyphen	0.5	DeclensionMixed	0.25	DeclensionAdjectival	0.25	DeclensionNominal	0.25	Indeclinable	0.25	Un_Comp_Suf	1.0	BiAspectual	0.333333333333	MonoAspectual	0.333333333333	Paired	0.333333333333	NoSynthComparative	1.0	MTwo	0.333333333333	MOne	0.333333333333	MThree	0.333333333333	NormalClassifyingCapitalization	1.0	Past	0.333333333333	Future	0.333333333333	Present	0.333333333333	Adjective	1.0	ZeroDoubleConjunct	1.0	NotCommonChild	1.0	Prepositional	0.166666666667	Instrumental	0.166666666667	Dative	0.166666666667	Locative	0.166666666667	Genitive	0.166666666667	Partitive	0.166666666667	RCDemonstrative	0.111111111111	RCNegative	0.111111111111	RCNoun	0.111111111111	RCPossessive	0.111111111111	RCIndefinite	0.111111111111	RCPersonal	0.111111111111	RCReflexive	0.111111111111	RCInterrogative	0.111111111111	RCAttributive	0.111111111111	NoPlacement	1.0	Perfective	0.5	Imperfective	0.5	NotDefaultFiller	1.0	Feminine	1.0	NoLeftmostPlacement	1.0	UnIterat	0.5	Iterat	0.5	NoRightmostPlacement	1.0	NotLeftConjunct	1.0	PersonFirst	0.25	PersonThird	0.25	PersonSecond	0.25	PersonZero	0.25	Active	0.333333333333	Passive	0.333333333333	VoiceSya	0.333333333333	VerbTransitive	0.25	VerbIntransitive	0.25	VerbIntransitiveSpecial	0.25	VerbTransitiveSpecial	0.25	NotRightConjunct	1.0	Plural_consonant	0.111111111111	Genitive_Locative_u	0.111111111111	Locative_u	0.111111111111	NoSpecialCaseForm	0.111111111111	SpecialVocative	0.111111111111	GenitivePlural_Zero	0.111111111111	SpecialPlual	0.111111111111	NominativePlural_a	0.111111111111	Genitive_u	0.111111111111	NoContrast	1.0	NormalCapitalization	1.0	V_Prefixoid	0.0416666666667	POL_Prefixoid	0.0416666666667	PO_Prefixoid	0.0416666666667	Letter_Prefixoid	0.0416666666667	InternMod_Prefixoid	0.0416666666667	Chem_Prefixoid	0.0416666666667	BES_Prefixoid	0.0416666666667	Chemical_Possible	0.0416666666667	VPOL_Prefixoid	0.0416666666667	Eval_Prefixoid	0.0416666666667	InternModEr_Prefixoid	0.0416666666667	Rus_Prefixoid	0.0416666666667	Intern_ReducedPrefixoid	0.0416666666667	NI_Prefixoid	0.0416666666667	Reduced_Prefixoid	0.0416666666667	NAI_Prefixoid	0.0416666666667	Intern_Prefixoid	0.0416666666667	BEZer_Prefixoid	0.0416666666667	InternHy_Prefixoid	0.0416666666667	KOE_Prefixoid	0.0416666666667	ProperNamePrefixoid	0.0416666666667	RusHy_Prefixoid	0.0416666666667	BEZ_Prefixoid	0.0416666666667	NE_Prefixoid	0.0416666666667	ParticipleShortForm	0.5	ParticipleFullForm	0.5	Singular	1.0	Four	0.2	SevenEight	0.2	Two	0.2	Three	0.2	FiveAndMore	0.2	AdjectiveFullForm	1.0	NounProperNameDimin	0.111111111111	NounProperName	0.111111111111	NounProperGeneral	0.111111111111	NounProperTown	0.111111111111	NounProperSurNameFlective	0.111111111111	NounProperPatronymic	0.111111111111	AdjectiveProper	0.111111111111	AbbrProperGeneral	0.111111111111	NounProperSurNameForeign	0.111111111111	NormalNumberParadigm	1.0	FullRealization	1.0
85	119	противоракетной	противоракетной	488246	488244	Animate	0.5	Inanimate	0.5	NonReflexive	0.25	ImperfectiveReflexivity	0.25	Reflexive	0.25	FullReflexivity	0.25	NormalMorphForm	1.0	DefectOne	0.2	DefectFour	0.2	Byt	0.2	DefectThree	0.2	DefectTwo	0.2	GTAdjectiveAttributive	1.0	NotEllipted	1.0	VocalForm	0.5	NForm	0.5	NotControlled	1.0	ZeroTypeOfCoordination	1.0	NoCompositeness	1.0	DegreePositive	1.0	Adverb_With_Hyphen	0.5	Adverb_Un_Hyphen	0.5	DeclensionMixed	0.25	DeclensionAdjectival	0.25	DeclensionNominal	0.25	Indeclinable	0.25	Un_Comp_Suf	1.0	BiAspectual	0.333333333333	MonoAspectual	0.333333333333	Paired	0.333333333333	NoSynthComparative	1.0	MTwo	0.333333333333	MOne	0.333333333333	MThree	0.333333333333	NormalClassifyingCapitalization	1.0	Past	0.333333333333	Future	0.333333333333	Present	0.333333333333	Adjective	1.0	ZeroDoubleConjunct	1.0	NotCommonChild	1.0	Prepositional	0.166666666667	Instrumental	0.166666666667	Dative	0.166666666667	Locative	0.166666666667	Genitive	0.166666666667	Partitive	0.166666666667	RCDemonstrative	0.111111111111	RCNegative	0.111111111111	RCNoun	0.111111111111	RCPossessive	0.111111111111	RCIndefinite	0.111111111111	RCPersonal	0.111111111111	RCReflexive	0.111111111111	RCInterrogative	0.111111111111	RCAttributive	0.111111111111	NoPlacement	1.0	Perfective	0.5	Imperfective	0.5	NotDefaultFiller	1.0	Feminine	1.0	NoLeftmostPlacement	1.0	UnIterat	0.5	Iterat	0.5	NoRightmostPlacement	1.0	NotLeftConjunct	1.0	PersonFirst	0.25	PersonThird	0.25	PersonSecond	0.25	PersonZero	0.25	Active	0.333333333333	Passive	0.333333333333	VoiceSya	0.333333333333	VerbTransitive	0.25	VerbIntransitive	0.25	VerbIntransitiveSpecial	0.25	VerbTransitiveSpecial	0.25	NotRightConjunct	1.0	Plural_consonant	0.111111111111	Genitive_Locative_u	0.111111111111	Locative_u	0.111111111111	NoSpecialCaseForm	0.111111111111	SpecialVocative	0.111111111111	GenitivePlural_Zero	0.111111111111	SpecialPlual	0.111111111111	NominativePlural_a	0.111111111111	Genitive_u	0.111111111111	NoContrast	1.0	NormalCapitalization	1.0	V_Prefixoid	0.0416666666667	POL_Prefixoid	0.0416666666667	PO_Prefixoid	0.0416666666667	Letter_Prefixoid	0.0416666666667	InternMod_Prefixoid	0.0416666666667	Chem_Prefixoid	0.0416666666667	BES_Prefixoid	0.0416666666667	Chemical_Possible	0.0416666666667	VPOL_Prefixoid	0.0416666666667	Eval_Prefixoid	0.0416666666667	InternModEr_Prefixoid	0.0416666666667	Rus_Prefixoid	0.0416666666667	Intern_ReducedPrefixoid	0.0416666666667	NI_Prefixoid	0.0416666666667	Reduced_Prefixoid	0.0416666666667	NAI_Prefixoid	0.0416666666667	Intern_Prefixoid	0.0416666666667	BEZer_Prefixoid	0.0416666666667	InternHy_Prefixoid	0.0416666666667	KOE_Prefixoid	0.0416666666667	ProperNamePrefixoid	0.0416666666667	RusHy_Prefixoid	0.0416666666667	BEZ_Prefixoid	0.0416666666667	NE_Prefixoid	0.0416666666667	ParticipleShortForm	0.5	ParticipleFullForm	0.5	Singular	1.0	Four	0.2	SevenEight	0.2	Two	0.2	Three	0.2	FiveAndMore	0.2	AdjectiveFullForm	1.0	NounProperNameDimin	0.111111111111	NounProperName	0.111111111111	NounProperGeneral	0.111111111111	NounProperTown	0.111111111111	NounProperSurNameFlective	0.111111111111	NounProperPatronymic	0.111111111111	AdjectiveProper	0.111111111111	AbbrProperGeneral	0.111111111111	NounProperSurNameForeign	0.111111111111	NormalNumberParadigm	1.0	FullRealization	1.0
85	135	обороны	обороны	488244	488243	Inanimate	1.0	NonReflexive	0.25	ImperfectiveReflexivity	0.25	Reflexive	0.25	FullReflexivity	0.25	NormalMorphForm	1.0	DefectOne	0.2	DefectFour	0.2	Byt	0.2	DefectThree	0.2	DefectTwo	0.2	GTNoun	1.0	NotEllipted	1.0	VocalForm	0.5	NForm	0.5	NotControlled	1.0	ZeroTypeOfCoordination	1.0	NoCompositeness	1.0	DegreeComparative	0.333333333333	DegreeSuperlative	0.333333333333	DegreePositive	0.333333333333	Adverb_With_Hyphen	0.5	Adverb_Un_Hyphen	0.5	DeclensionNominal	1.0	Un_Comp_Suf	1.0	BiAspectual	0.333333333333	MonoAspectual	0.333333333333	Paired	0.333333333333	NoSynthComparative	0.25	FullSynthComparison	0.25	OnlySuperlative	0.25	NoSynthSuperlative	0.25	MTwo	0.333333333333	MOne	0.333333333333	MThree	0.333333333333	NormalClassifyingCapitalization	1.0	Past	0.333333333333	Future	0.333333333333	Present	0.333333333333	Noun	1.0	ZeroDoubleConjunct	1.0	NotCommonChild	1.0	Accusative	0.25	Genitive	0.25	Partitive	0.25	Nominative	0.25	RCDemonstrative	0.111111111111	RCNegative	0.111111111111	RCNoun	0.111111111111	RCPossessive	0.111111111111	RCIndefinite	0.111111111111	RCPersonal	0.111111111111	RCReflexive	0.111111111111	RCInterrogative	0.111111111111	RCAttributive	0.111111111111	NoPlacement	1.0	Perfective	0.5	Imperfective	0.5	NotDefaultFiller	1.0	Feminine	1.0	NoLeftmostPlacement	1.0	UnIterat	0.5	Iterat	0.5	NoRightmostPlacement	1.0	NotLeftConjunct	1.0	PersonFirst	0.25	PersonThird	0.25	PersonSecond	0.25	PersonZero	0.25	Active	0.333333333333	Passive	0.333333333333	VoiceSya	0.333333333333	VerbTransitive	0.25	VerbIntransitive	0.25	VerbIntransitiveSpecial	0.25	VerbTransitiveSpecial	0.25	NotRightConjunct	1.0	NoSpecialCaseForm	1.0	NoContrast	1.0	NormalCapitalization	1.0	V_Prefixoid	0.0416666666667	POL_Prefixoid	0.0416666666667	PO_Prefixoid	0.0416666666667	Letter_Prefixoid	0.0416666666667	InternMod_Prefixoid	0.0416666666667	Chem_Prefixoid	0.0416666666667	BES_Prefixoid	0.0416666666667	Chemical_Possible	0.0416666666667	VPOL_Prefixoid	0.0416666666667	Eval_Prefixoid	0.0416666666667	InternModEr_Prefixoid	0.0416666666667	Rus_Prefixoid	0.0416666666667	Intern_ReducedPrefixoid	0.0416666666667	NI_Prefixoid	0.0416666666667	Reduced_Prefixoid	0.0416666666667	NAI_Prefixoid	0.0416666666667	Intern_Prefixoid	0.0416666666667	BEZer_Prefixoid	0.0416666666667	InternHy_Prefixoid	0.0416666666667	KOE_Prefixoid	0.0416666666667	ProperNamePrefixoid	0.0416666666667	RusHy_Prefixoid	0.0416666666667	BEZ_Prefixoid	0.0416666666667	NE_Prefixoid	0.0416666666667	ParticipleShortForm	0.5	ParticipleFullForm	0.5	Plural	0.5	Singular	0.5	Four	0.2	SevenEight	0.2	Two	0.2	Three	0.2	FiveAndMore	0.2	AdjectiveFullForm	0.333333333333	AdjectiveShortFlectional	0.333333333333	AdjectiveShortForm	0.333333333333	NounProperNameDimin	0.111111111111	NounProperName	0.111111111111	NounProperGeneral	0.111111111111	NounProperTown	0.111111111111	NounProperSurNameFlective	0.111111111111	NounProperPatronymic	0.111111111111	AdjectiveProper	0.111111111111	AbbrProperGeneral	0.111111111111	NounProperSurNameForeign	0.111111111111	NormalNumberParadigm	1.0	FullRealization	1.0
85	143	США	США	488247	488244	Inanimate	1.0	NonReflexive	0.25	ImperfectiveReflexivity	0.25	Reflexive	0.25	FullReflexivity	0.25	NormalMorphForm	1.0	DefectOne	0.2	DefectFour	0.2	Byt	0.2	DefectThree	0.2	DefectTwo	0.2	GTNoun	1.0	NotEllipted	1.0	VocalForm	0.5	NForm	0.5	NotControlled	1.0	ZeroTypeOfCoordination	1.0	NoCompositeness	1.0	DegreeComparative	0.333333333333	DegreeSuperlative	0.333333333333	DegreePositive	0.333333333333	Adverb_With_Hyphen	0.5	Adverb_Un_Hyphen	0.5	Indeclinable	1.0	Un_Comp_Suf	1.0	BiAspectual	0.333333333333	MonoAspectual	0.333333333333	Paired	0.333333333333	NoSynthComparative	0.25	FullSynthComparison	0.25	OnlySuperlative	0.25	NoSynthSuperlative	0.25	MTwo	0.333333333333	MOne	0.333333333333	MThree	0.333333333333	NormalClassifyingCapitalization	1.0	Past	0.333333333333	Future	0.333333333333	Present	0.333333333333	Noun	1.0	ZeroDoubleConjunct	1.0	NotCommonChild	1.0	Accusative	0.125	Prepositional	0.125	Instrumental	0.125	Dative	0.125	Locative	0.125	Genitive	0.125	Partitive	0.125	Nominative	0.125	RCDemonstrative	0.111111111111	RCNegative	0.111111111111	RCNoun	0.111111111111	RCPossessive	0.111111111111	RCIndefinite	0.111111111111	RCPersonal	0.111111111111	RCReflexive	0.111111111111	RCInterrogative	0.111111111111	RCAttributive	0.111111111111	NoPlacement	1.0	Perfective	0.5	Imperfective	0.5	NotDefaultFiller	1.0	Feminine	0.25	Common	0.25	Masculine	0.25	Neuter	0.25	NoLeftmostPlacement	1.0	UnIterat	0.5	Iterat	0.5	NoRightmostPlacement	1.0	NotLeftConjunct	1.0	PersonFirst	0.25	PersonThird	0.25	PersonSecond	0.25	PersonZero	0.25	Active	0.333333333333	Passive	0.333333333333	VoiceSya	0.333333333333	VerbTransitive	0.25	VerbIntransitive	0.25	VerbIntransitiveSpecial	0.25	VerbTransitiveSpecial	0.25	NotRightConjunct	1.0	Plural_consonant	0.111111111111	Genitive_Locative_u	0.111111111111	Locative_u	0.111111111111	NoSpecialCaseForm	0.111111111111	SpecialVocative	0.111111111111	GenitivePlural_Zero	0.111111111111	SpecialPlual	0.111111111111	NominativePlural_a	0.111111111111	Genitive_u	0.111111111111	NoContrast	1.0	NormalCapitalization	1.0	V_Prefixoid	0.0416666666667	POL_Prefixoid	0.0416666666667	PO_Prefixoid	0.0416666666667	Letter_Prefixoid	0.0416666666667	InternMod_Prefixoid	0.0416666666667	Chem_Prefixoid	0.0416666666667	BES_Prefixoid	0.0416666666667	Chemical_Possible	0.0416666666667	VPOL_Prefixoid	0.0416666666667	Eval_Prefixoid	0.0416666666667	InternModEr_Prefixoid	0.0416666666667	Rus_Prefixoid	0.0416666666667	Intern_ReducedPrefixoid	0.0416666666667	NI_Prefixoid	0.0416666666667	Reduced_Prefixoid	0.0416666666667	NAI_Prefixoid	0.0416666666667	Intern_Prefixoid	0.0416666666667	BEZer_Prefixoid	0.0416666666667	InternHy_Prefixoid	0.0416666666667	KOE_Prefixoid	0.0416666666667	ProperNamePrefixoid	0.0416666666667	RusHy_Prefixoid	0.0416666666667	BEZ_Prefixoid	0.0416666666667	NE_Prefixoid	0.0416666666667	ParticipleShortForm	0.5	ParticipleFullForm	0.5	Plural	1.0	Four	0.2	SevenEight	0.2	Two	0.2	Three	0.2	FiveAndMore	0.2	AdjectiveFullForm	0.333333333333	AdjectiveShortFlectional	0.333333333333	AdjectiveShortForm	0.333333333333	NounProperGeneral	1.0	PluraliaTantum	1.0	FullRealization	1.0
85	148	НПРО	НПРО	488248	488247	ZeroTypeOfCoordination	1.0	NoPlacement	1.0	NormalCapitalization	1.0	NotDefaultFiller	1.0	NoContrast	1.0	NoLeftmostPlacement	1.0	FullRealization	1.0	NoRightmostPlacement	1.0	NormalNumberParadigm	1.0	NotLeftConjunct	1.0	NormalClassifyingCapitalization	1.0	ZeroDoubleConjunct	1.0	NotCommonChild	1.0	NotEllipted	1.0	NormalMorphForm	1.0	NotControlled	1.0	NotRightConjunct	1.0
91	-1			488276	488268
91	-1			488277	488264
91	0	Позиция	Позиция	488254	488253	Animate	0.166666666667	Inanimate	0.5	NonReflexive	0.166666666667	ImperfectiveReflexivity	0.166666666667	Reflexive	0.166666666667	FullReflexivity	0.166666666667	NormalMorphForm	1.0	DefectOne	0.133333333333	DefectFour	0.133333333333	Byt	0.133333333333	DefectThree	0.133333333333	DefectTwo	0.133333333333	GTNoun	0.666666666667	NotEllipted	1.0	VocalForm	0.333333333333	NForm	0.333333333333	NotControlled	1.0	ZeroTypeOfCoordination	1.0	NoCompositeness	0.666666666667	DegreeComparative	0.222222222222	DegreeSuperlative	0.222222222222	DegreePositive	0.222222222222	Adverb_With_Hyphen	0.333333333333	Adverb_Un_Hyphen	0.333333333333	DeclensionMixed	0.0833333333333	DeclensionAdjectival	0.0833333333333	DeclensionNominal	0.416666666667	Indeclinable	0.0833333333333	Comp_Noun	0.0833333333333	Comp_PunctuatorPostSeparable	0.0833333333333	Un_Comp_Suf	0.416666666667	Comp_PunctuatorPrefSeparable	0.0833333333333	BiAspectual	0.222222222222	MonoAspectual	0.222222222222	Paired	0.222222222222	NoSynthComparative	0.166666666667	FullSynthComparison	0.166666666667	OnlySuperlative	0.166666666667	NoSynthSuperlative	0.166666666667	MTwo	0.222222222222	MOne	0.222222222222	MThree	0.222222222222	NormalClassifyingCapitalization	1.0	Past	0.222222222222	Future	0.222222222222	Present	0.222222222222	Noun	0.666666666667	ZeroDoubleConjunct	1.0	NotCommonChild	1.0	Accusative	0.0416666666667	Prepositional	0.0416666666667	Instrumental	0.0416666666667	Dative	0.0416666666667	Locative	0.0416666666667	Genitive	0.0416666666667	Partitive	0.0416666666667	Nominative	0.375	RCDemonstrative	0.0740740740741	RCNegative	0.0740740740741	RCNoun	0.0740740740741	RCPossessive	0.0740740740741	RCIndefinite	0.0740740740741	RCPersonal	0.0740740740741	RCReflexive	0.0740740740741	RCInterrogative	0.0740740740741	RCAttributive	0.0740740740741	NoPlacement	1.0	Perfective	0.333333333333	Imperfective	0.333333333333	NotDefaultFiller	1.0	Feminine	0.416666666667	Common	0.0833333333333	Masculine	0.0833333333333	Neuter	0.0833333333333	NoLeftmostPlacement	1.0	UnIterat	0.333333333333	Iterat	0.333333333333	NoRightmostPlacement	1.0	NotLeftConjunct	1.0	PersonFirst	0.166666666667	PersonThird	0.166666666667	PersonSecond	0.166666666667	PersonZero	0.166666666667	Active	0.222222222222	Passive	0.222222222222	VoiceSya	0.222222222222	VerbTransitive	0.166666666667	VerbIntransitive	0.166666666667	VerbIntransitiveSpecial	0.166666666667	VerbTransitiveSpecial	0.166666666667	NotRightConjunct	1.0	Plural_consonant	0.037037037037	Genitive_Locative_u	0.037037037037	Locative_u	0.037037037037	NoSpecialCaseForm	0.37037037037	SpecialVocative	0.037037037037	GenitivePlural_Zero	0.037037037037	SpecialPlual	0.037037037037	NominativePlural_a	0.037037037037	Genitive_u	0.037037037037	NoContrast	1.0	NormalCapitalization	1.0	V_Prefixoid	0.0277777777778	POL_Prefixoid	0.0277777777778	PO_Prefixoid	0.0277777777778	Letter_Prefixoid	0.0277777777778	InternMod_Prefixoid	0.0277777777778	Chem_Prefixoid	0.0277777777778	BES_Prefixoid	0.0277777777778	Chemical_Possible	0.0277777777778	VPOL_Prefixoid	0.0277777777778	Eval_Prefixoid	0.0277777777778	InternModEr_Prefixoid	0.0277777777778	Rus_Prefixoid	0.0277777777778	Intern_ReducedPrefixoid	0.0277777777778	NI_Prefixoid	0.0277777777778	Reduced_Prefixoid	0.0277777777778	NAI_Prefixoid	0.0277777777778	Intern_Prefixoid	0.0277777777778	BEZer_Prefixoid	0.0277777777778	InternHy_Prefixoid	0.0277777777778	KOE_Prefixoid	0.0277777777778	ProperNamePrefixoid	0.0277777777778	RusHy_Prefixoid	0.0277777777778	BEZ_Prefixoid	0.0277777777778	NE_Prefixoid	0.0277777777778	ParticipleShortForm	0.333333333333	ParticipleFullForm	0.333333333333	Plural	0.166666666667	Singular	0.5	Four	0.133333333333	SevenEight	0.133333333333	Two	0.133333333333	Three	0.133333333333	FiveAndMore	0.133333333333	AdjectiveFullForm	0.222222222222	AdjectiveShortFlectional	0.222222222222	AdjectiveShortForm	0.222222222222	NounProperNameDimin	0.0740740740741	NounProperName	0.0740740740741	NounProperGeneral	0.0740740740741	NounProperTown	0.0740740740741	NounProperSurNameFlective	0.0740740740741	NounProperPatronymic	0.0740740740741	AdjectiveProper	0.0740740740741	AbbrProperGeneral	0.0740740740741	NounProperSurNameForeign	0.0740740740741	SingulariaTantum	0.111111111111	NormalNumberParadigm	0.777777777778	PluraliaTantum	0.111111111111	FullRealization	1.0
91	8	Качиньского	Качиньского	488255	488254	Animate	1.0	NonReflexive	0.25	ImperfectiveReflexivity	0.25	Reflexive	0.25	FullReflexivity	0.25	NormalMorphForm	1.0	DefectOne	0.2	DefectFour	0.2	Byt	0.2	DefectThree	0.2	DefectTwo	0.2	GTNoun	1.0	NotEllipted	1.0	VocalForm	0.5	NForm	0.5	NotControlled	1.0	ZeroTypeOfCoordination	1.0	NoCompositeness	1.0	DegreeComparative	0.333333333333	DegreeSuperlative	0.333333333333	DegreePositive	0.333333333333	Adverb_With_Hyphen	0.5	Adverb_Un_Hyphen	0.5	DeclensionAdjectival	1.0	Un_Comp_Suf	1.0	BiAspectual	0.333333333333	MonoAspectual	0.333333333333	Paired	0.333333333333	NoSynthComparative	0.25	FullSynthComparison	0.25	OnlySuperlative	0.25	NoSynthSuperlative	0.25	MTwo	0.333333333333	MOne	0.333333333333	MThree	0.333333333333	NormalClassifyingCapitalization	1.0	Past	0.333333333333	Future	0.333333333333	Present	0.333333333333	Noun	1.0	ZeroDoubleConjunct	1.0	NotCommonChild	1.0	Accusative	0.333333333333	Genitive	0.333333333333	Partitive	0.333333333333	RCDemonstrative	0.111111111111	RCNegative	0.111111111111	RCNoun	0.111111111111	RCPossessive	0.111111111111	RCIndefinite	0.111111111111	RCPersonal	0.111111111111	RCReflexive	0.111111111111	RCInterrogative	0.111111111111	RCAttributive	0.111111111111	NoPlacement	1.0	Perfective	0.5	Imperfective	0.5	NotDefaultFiller	1.0	Masculine	1.0	NoLeftmostPlacement	1.0	UnIterat	0.5	Iterat	0.5	NoRightmostPlacement	1.0	NotLeftConjunct	1.0	PersonFirst	0.25	PersonThird	0.25	PersonSecond	0.25	PersonZero	0.25	Active	0.333333333333	Passive	0.333333333333	VoiceSya	0.333333333333	VerbTransitive	0.25	VerbIntransitive	0.25	VerbIntransitiveSpecial	0.25	VerbTransitiveSpecial	0.25	NotRightConjunct	1.0	NoSpecialCaseForm	1.0	NoContrast	1.0	NormalCapitalization	1.0	V_Prefixoid	0.0416666666667	POL_Prefixoid	0.0416666666667	PO_Prefixoid	0.0416666666667	Letter_Prefixoid	0.0416666666667	InternMod_Prefixoid	0.0416666666667	Chem_Prefixoid	0.0416666666667	BES_Prefixoid	0.0416666666667	Chemical_Possible	0.0416666666667	VPOL_Prefixoid	0.0416666666667	Eval_Prefixoid	0.0416666666667	InternModEr_Prefixoid	0.0416666666667	Rus_Prefixoid	0.0416666666667	Intern_ReducedPrefixoid	0.0416666666667	NI_Prefixoid	0.0416666666667	Reduced_Prefixoid	0.0416666666667	NAI_Prefixoid	0.0416666666667	Intern_Prefixoid	0.0416666666667	BEZer_Prefixoid	0.0416666666667	InternHy_Prefixoid	0.0416666666667	KOE_Prefixoid	0.0416666666667	ProperNamePrefixoid	0.0416666666667	RusHy_Prefixoid	0.0416666666667	BEZ_Prefixoid	0.0416666666667	NE_Prefixoid	0.0416666666667	ParticipleShortForm	0.5	ParticipleFullForm	0.5	Singular	1.0	Four	0.2	SevenEight	0.2	Two	0.2	Three	0.2	FiveAndMore	0.2	AdjectiveFullForm	0.333333333333	AdjectiveShortFlectional	0.333333333333	AdjectiveShortForm	0.333333333333	NounProperSurNameFlective	1.0	NormalNumberParadigm	1.0	FullRealization	1.0
91	20	вызвала	вызвала	488253	-1	Animate	0.5	Inanimate	0.5	ImperfectiveReflexivity	1.0	NormalMorphForm	1.0	DefectOne	0.2	DefectFour	0.2	Byt	0.2	DefectThree	0.2	DefectTwo	0.2	GTVerb	1.0	NotEllipted	1.0	VocalForm	0.5	NForm	0.5	NotControlled	1.0	ZeroTypeOfCoordination	1.0	Composite_ComplexNumeral	0.0714285714286	Composite_cko	0.0714285714286	NoCompositeness	0.0714285714286	Composite_cki	0.0714285714286	Composite_o	0.0714285714286	Composite_NumeralFull	0.0714285714286	Composite_NumeralShort	0.0714285714286	Composite_null	0.0714285714286	Composite_iko	0.0714285714286	Composite_sko	0.0714285714286	Composite_e	0.0714285714286	Composite_Numeral	0.0714285714286	Composite_usek	0.0714285714286	Composite_ski	0.0714285714286	DegreeComparative	0.333333333333	DegreeSuperlative	0.333333333333	DegreePositive	0.333333333333	Adverb_With_Hyphen	0.5	Adverb_Un_Hyphen	0.5	DeclensionMixed	0.25	DeclensionAdjectival	0.25	DeclensionNominal	0.25	Indeclinable	0.25	Comp_PunctuatorPref	0.0625	Comp_Suffixoid_Num_IJ	0.0625	Comp_PunctuatorPostSeparable	0.0625	Un_Comp_Suf	0.0625	Comp_SuffixoidAbbr	0.0625	Comp_Noun	0.0625	Comp_Suffixoid_Num_J	0.0625	Comp_PunctuatorPost	0.0625	Comp_PunctuatorPrefSeparable	0.0625	Comp_Suffixoid_Num_OJ	0.0625	Comp_Prefixoid	0.0625	Comp_Suffixoid	0.0625	Comp_Suffixoid_Chem	0.0625	Comp_Suffixoid_Num_PercentYJ	0.0625	Comp_Suffixoid_Num_YJ	0.0625	Comp_Adj	0.0625	Paired	1.0	NoSynthComparative	0.25	FullSynthComparison	0.25	OnlySuperlative	0.25	NoSynthSuperlative	0.25	MTwo	0.333333333333	MOne	0.333333333333	MThree	0.333333333333	NormalClassifyingCapitalization	1.0	Past	1.0	Verb	1.0	ZeroDoubleConjunct	1.0	NotCommonChild	1.0	Accusative	0.0909090909091	Prepositional	0.0909090909091	Instrumental	0.0909090909091	Dative	0.0909090909091	ZeroCase	0.0909090909091	Locative	0.0909090909091	Genitive	0.0909090909091	Partitive	0.0909090909091	Nominative	0.0909090909091	DativeSpecial	0.0909090909091	Vocative	0.0909090909091	RCDemonstrative	0.111111111111	RCNegative	0.111111111111	RCNoun	0.111111111111	RCPossessive	0.111111111111	RCIndefinite	0.111111111111	RCPersonal	0.111111111111	RCReflexive	0.111111111111	RCInterrogative	0.111111111111	RCAttributive	0.111111111111	NoPlacement	1.0	Perfective	1.0	NotDefaultFiller	1.0	Feminine	1.0	NoLeftmostPlacement	1.0	UnIterat	1.0	NoRightmostPlacement	1.0	NotLeftConjunct	1.0	PersonFirst	0.25	PersonThird	0.25	PersonSecond	0.25	PersonZero	0.25	Active	1.0	VerbTransitive	1.0	NotRightConjunct	1.0	Plural_consonant	0.111111111111	Genitive_Locative_u	0.111111111111	Locative_u	0.111111111111	NoSpecialCaseForm	0.111111111111	SpecialVocative	0.111111111111	GenitivePlural_Zero	0.111111111111	SpecialPlual	0.111111111111	NominativePlural_a	0.111111111111	Genitive_u	0.111111111111	NoContrast	1.0	NormalCapitalization	1.0	V_Prefixoid	0.0416666666667	POL_Prefixoid	0.0416666666667	PO_Prefixoid	0.0416666666667	Letter_Prefixoid	0.0416666666667	InternMod_Prefixoid	0.0416666666667	Chem_Prefixoid	0.0416666666667	BES_Prefixoid	0.0416666666667	Chemical_Possible	0.0416666666667	VPOL_Prefixoid	0.0416666666667	Eval_Prefixoid	0.0416666666667	InternModEr_Prefixoid	0.0416666666667	Rus_Prefixoid	0.0416666666667	Intern_ReducedPrefixoid	0.0416666666667	NI_Prefixoid	0.0416666666667	Reduced_Prefixoid	0.0416666666667	NAI_Prefixoid	0.0416666666667	Intern_Prefixoid	0.0416666666667	BEZer_Prefixoid	0.0416666666667	InternHy_Prefixoid	0.0416666666667	KOE_Prefixoid	0.0416666666667	ProperNamePrefixoid	0.0416666666667	RusHy_Prefixoid	0.0416666666667	BEZ_Prefixoid	0.0416666666667	NE_Prefixoid	0.0416666666667	ParticipleShortForm	0.5	ParticipleFullForm	0.5	Singular	1.0	Four	0.2	SevenEight	0.2	Two	0.2	Three	0.2	FiveAndMore	0.2	AdjectiveFullForm	0.333333333333	AdjectiveShortFlectional	0.333333333333	AdjectiveShortForm	0.333333333333	NounProperNameDimin	0.111111111111	NounProperName	0.111111111111	NounProperGeneral	0.111111111111	NounProperTown	0.111111111111	NounProperSurNameFlective	0.111111111111	NounProperPatronymic	0.111111111111	AdjectiveProper	0.111111111111	AbbrProperGeneral	0.111111111111	NounProperSurNameForeign	0.111111111111	NormalNumberParadigm	1.0	FullRealization	1.0
91	28	недовольство	недовольство	488256	488253	Inanimate	1.0	NonReflexive	0.25	ImperfectiveReflexivity	0.25	Reflexive	0.25	FullReflexivity	0.25	NormalMorphForm	1.0	DefectOne	0.2	DefectFour	0.2	Byt	0.2	DefectThree	0.2	DefectTwo	0.2	GTNoun	1.0	NotEllipted	1.0	VocalForm	0.5	NForm	0.5	NotControlled	1.0	ZeroTypeOfCoordination	1.0	NoCompositeness	1.0	DegreeComparative	0.333333333333	DegreeSuperlative	0.333333333333	DegreePositive	0.333333333333	Adverb_With_Hyphen	0.5	Adverb_Un_Hyphen	0.5	DeclensionNominal	1.0	Un_Comp_Suf	1.0	BiAspectual	0.333333333333	MonoAspectual	0.333333333333	Paired	0.333333333333	NoSynthComparative	0.25	FullSynthComparison	0.25	OnlySuperlative	0.25	NoSynthSuperlative	0.25	MTwo	0.333333333333	MOne	0.333333333333	MThree	0.333333333333	NormalClassifyingCapitalization	1.0	Past	0.333333333333	Future	0.333333333333	Present	0.333333333333	Noun	1.0	ZeroDoubleConjunct	1.0	NotCommonChild	1.0	Accusative	0.5	Nominative	0.5	RCDemonstrative	0.111111111111	RCNegative	0.111111111111	RCNoun	0.111111111111	RCPossessive	0.111111111111	RCIndefinite	0.111111111111	RCPersonal	0.111111111111	RCReflexive	0.111111111111	RCInterrogative	0.111111111111	RCAttributive	0.111111111111	NoPlacement	1.0	Perfective	0.5	Imperfective	0.5	NotDefaultFiller	1.0	Neuter	1.0	NoLeftmostPlacement	1.0	UnIterat	0.5	Iterat	0.5	NoRightmostPlacement	1.0	NotLeftConjunct	1.0	PersonFirst	0.25	PersonThird	0.25	PersonSecond	0.25	PersonZero	0.25	Active	0.333333333333	Passive	0.333333333333	VoiceSya	0.333333333333	VerbTransitive	0.25	VerbIntransitive	0.25	VerbIntransitiveSpecial	0.25	VerbTransitiveSpecial	0.25	NotRightConjunct	1.0	NominativePlural_a	1.0	NoContrast	1.0	NormalCapitalization	1.0	V_Prefixoid	0.0416666666667	POL_Prefixoid	0.0416666666667	PO_Prefixoid	0.0416666666667	Letter_Prefixoid	0.0416666666667	InternMod_Prefixoid	0.0416666666667	Chem_Prefixoid	0.0416666666667	BES_Prefixoid	0.0416666666667	Chemical_Possible	0.0416666666667	VPOL_Prefixoid	0.0416666666667	Eval_Prefixoid	0.0416666666667	InternModEr_Prefixoid	0.0416666666667	Rus_Prefixoid	0.0416666666667	Intern_ReducedPrefixoid	0.0416666666667	NI_Prefixoid	0.0416666666667	Reduced_Prefixoid	0.0416666666667	NAI_Prefixoid	0.0416666666667	Intern_Prefixoid	0.0416666666667	BEZer_Prefixoid	0.0416666666667	InternHy_Prefixoid	0.0416666666667	KOE_Prefixoid	0.0416666666667	ProperNamePrefixoid	0.0416666666667	RusHy_Prefixoid	0.0416666666667	BEZ_Prefixoid	0.0416666666667	NE_Prefixoid	0.0416666666667	ParticipleShortForm	0.5	ParticipleFullForm	0.5	Singular	1.0	Four	0.2	SevenEight	0.2	Two	0.2	Three	0.2	FiveAndMore	0.2	AdjectiveFullForm	0.333333333333	AdjectiveShortFlectional	0.333333333333	AdjectiveShortForm	0.333333333333	NounProperNameDimin	0.111111111111	NounProperName	0.111111111111	NounProperGeneral	0.111111111111	NounProperTown	0.111111111111	NounProperSurNameFlective	0.111111111111	NounProperPatronymic	0.111111111111	AdjectiveProper	0.111111111111	AbbrProperGeneral	0.111111111111	NounProperSurNameForeign	0.111111111111	NormalNumberParadigm	1.0	FullRealization	1.0
91	41	Туска	Туска	488257	488256	Animate	1.0	NonReflexive	0.25	ImperfectiveReflexivity	0.25	Reflexive	0.25	FullReflexivity	0.25	NormalMorphForm	1.0	DefectOne	0.2	DefectFour	0.2	Byt	0.2	DefectThree	0.2	DefectTwo	0.2	GTNoun	1.0	NotEllipted	1.0	VocalForm	0.5	NForm	0.5	NotControlled	1.0	ZeroTypeOfCoordination	1.0	NoCompositeness	1.0	DegreeComparative	0.333333333333	DegreeSuperlative	0.333333333333	DegreePositive	0.333333333333	Adverb_With_Hyphen	0.5	Adverb_Un_Hyphen	0.5	DeclensionMixed	0.25	DeclensionAdjectival	0.25	DeclensionNominal	0.25	Indeclinable	0.25	Un_Comp_Suf	1.0	BiAspectual	0.333333333333	MonoAspectual	0.333333333333	Paired	0.333333333333	NoSynthComparative	0.25	FullSynthComparison	0.25	OnlySuperlative	0.25	NoSynthSuperlative	0.25	MTwo	0.333333333333	MOne	0.333333333333	MThree	0.333333333333	NormalClassifyingCapitalization	1.0	Past	0.333333333333	Future	0.333333333333	Present	0.333333333333	Noun	1.0	ZeroDoubleConjunct	1.0	NotCommonChild	1.0	Accusative	0.333333333333	Genitive	0.333333333333	Partitive	0.333333333333	RCDemonstrative	0.111111111111	RCNegative	0.111111111111	RCNoun	0.111111111111	RCPossessive	0.111111111111	RCIndefinite	0.111111111111	RCPersonal	0.111111111111	RCReflexive	0.111111111111	RCInterrogative	0.111111111111	RCAttributive	0.111111111111	NoPlacement	1.0	Perfective	0.5	Imperfective	0.5	NotDefaultFiller	1.0	Masculine	1.0	NoLeftmostPlacement	1.0	UnIterat	0.5	Iterat	0.5	NoRightmostPlacement	1.0	NotLeftConjunct	1.0	PersonFirst	0.25	PersonThird	0.25	PersonSecond	0.25	PersonZero	0.25	Active	0.333333333333	Passive	0.333333333333	VoiceSya	0.333333333333	VerbTransitive	0.25	VerbIntransitive	0.25	VerbIntransitiveSpecial	0.25	VerbTransitiveSpecial	0.25	NotRightConjunct	1.0	NoSpecialCaseForm	1.0	NoContrast	1.0	NormalCapitalization	1.0	V_Prefixoid	0.0416666666667	POL_Prefixoid	0.0416666666667	PO_Prefixoid	0.0416666666667	Letter_Prefixoid	0.0416666666667	InternMod_Prefixoid	0.0416666666667	Chem_Prefixoid	0.0416666666667	BES_Prefixoid	0.0416666666667	Chemical_Possible	0.0416666666667	VPOL_Prefixoid	0.0416666666667	Eval_Prefixoid	0.0416666666667	InternModEr_Prefixoid	0.0416666666667	Rus_Prefixoid	0.0416666666667	Intern_ReducedPrefixoid	0.0416666666667	NI_Prefixoid	0.0416666666667	Reduced_Prefixoid	0.0416666666667	NAI_Prefixoid	0.0416666666667	Intern_Prefixoid	0.0416666666667	BEZer_Prefixoid	0.0416666666667	InternHy_Prefixoid	0.0416666666667	KOE_Prefixoid	0.0416666666667	ProperNamePrefixoid	0.0416666666667	RusHy_Prefixoid	0.0416666666667	BEZ_Prefixoid	0.0416666666667	NE_Prefixoid	0.0416666666667	ParticipleShortForm	0.5	ParticipleFullForm	0.5	Singular	1.0	Four	0.2	SevenEight	0.2	Two	0.2	Three	0.2	FiveAndMore	0.2	AdjectiveFullForm	0.333333333333	AdjectiveShortFlectional	0.333333333333	AdjectiveShortForm	0.333333333333	NounProperSurNameForeign	1.0	NormalNumberParadigm	1.0	FullRealization	1.0
91	48	он	он	488259	488258	Animate	0.5	Inanimate	0.5	NonReflexive	0.25	ImperfectiveReflexivity	0.25	Reflexive	0.25	FullReflexivity	0.25	NormalMorphForm	1.0	DefectOne	0.2	DefectFour	0.2	Byt	0.2	DefectThree	0.2	DefectTwo	0.2	GTNoun	1.0	NotEllipted	1.0	VocalForm	0.5	NForm	0.5	NotControlled	1.0	ZeroTypeOfCoordination	1.0	Composite_ComplexNumeral	0.0714285714286	Composite_cko	0.0714285714286	NoCompositeness	0.0714285714286	Composite_cki	0.0714285714286	Composite_o	0.0714285714286	Composite_NumeralFull	0.0714285714286	Composite_NumeralShort	0.0714285714286	Composite_null	0.0714285714286	Composite_iko	0.0714285714286	Composite_sko	0.0714285714286	Composite_e	0.0714285714286	Composite_Numeral	0.0714285714286	Composite_usek	0.0714285714286	Composite_ski	0.0714285714286	DegreeComparative	0.333333333333	DegreeSuperlative	0.333333333333	DegreePositive	0.333333333333	Adverb_With_Hyphen	0.5	Adverb_Un_Hyphen	0.5	DeclensionMixed	0.25	DeclensionAdjectival	0.25	DeclensionNominal	0.25	Indeclinable	0.25	Comp_PunctuatorPref	0.0625	Comp_Suffixoid_Num_IJ	0.0625	Comp_PunctuatorPostSeparable	0.0625	Un_Comp_Suf	0.0625	Comp_SuffixoidAbbr	0.0625	Comp_Noun	0.0625	Comp_Suffixoid_Num_J	0.0625	Comp_PunctuatorPost	0.0625	Comp_PunctuatorPrefSeparable	0.0625	Comp_Suffixoid_Num_OJ	0.0625	Comp_Prefixoid	0.0625	Comp_Suffixoid	0.0625	Comp_Suffixoid_Chem	0.0625	Comp_Suffixoid_Num_PercentYJ	0.0625	Comp_Suffixoid_Num_YJ	0.0625	Comp_Adj	0.0625	BiAspectual	0.333333333333	MonoAspectual	0.333333333333	Paired	0.333333333333	NoSynthComparative	0.25	FullSynthComparison	0.25	OnlySuperlative	0.25	NoSynthSuperlative	0.25	MTwo	0.333333333333	MOne	0.333333333333	MThree	0.333333333333	NormalClassifyingCapitalization	1.0	Past	0.333333333333	Future	0.333333333333	Present	0.333333333333	Pronoun	1.0	ZeroDoubleConjunct	1.0	NotCommonChild	1.0	Nominative	1.0	RCPersonal	1.0	NoPlacement	1.0	Perfective	0.5	Imperfective	0.5	NotDefaultFiller	1.0	Masculine	1.0	NoLeftmostPlacement	1.0	UnIterat	0.5	Iterat	0.5	NoRightmostPlacement	1.0	NotLeftConjunct	1.0	PersonThird	1.0	Active	0.333333333333	Passive	0.333333333333	VoiceSya	0.333333333333	VerbTransitive	0.25	VerbIntransitive	0.25	VerbIntransitiveSpecial	0.25	VerbTransitiveSpecial	0.25	NotRightConjunct	1.0	Plural_consonant	0.111111111111	Genitive_Locative_u	0.111111111111	Locative_u	0.111111111111	NoSpecialCaseForm	0.111111111111	SpecialVocative	0.111111111111	GenitivePlural_Zero	0.111111111111	SpecialPlual	0.111111111111	NominativePlural_a	0.111111111111	Genitive_u	0.111111111111	NoContrast	1.0	NormalCapitalization	1.0	V_Prefixoid	0.0416666666667	POL_Prefixoid	0.0416666666667	PO_Prefixoid	0.0416666666667	Letter_Prefixoid	0.0416666666667	InternMod_Prefixoid	0.0416666666667	Chem_Prefixoid	0.0416666666667	BES_Prefixoid	0.0416666666667	Chemical_Possible	0.0416666666667	VPOL_Prefixoid	0.0416666666667	Eval_Prefixoid	0.0416666666667	InternModEr_Prefixoid	0.0416666666667	Rus_Prefixoid	0.0416666666667	Intern_ReducedPrefixoid	0.0416666666667	NI_Prefixoid	0.0416666666667	Reduced_Prefixoid	0.0416666666667	NAI_Prefixoid	0.0416666666667	Intern_Prefixoid	0.0416666666667	BEZer_Prefixoid	0.0416666666667	InternHy_Prefixoid	0.0416666666667	KOE_Prefixoid	0.0416666666667	ProperNamePrefixoid	0.0416666666667	RusHy_Prefixoid	0.0416666666667	BEZ_Prefixoid	0.0416666666667	NE_Prefixoid	0.0416666666667	ParticipleShortForm	0.5	ParticipleFullForm	0.5	Singular	1.0	Four	0.2	SevenEight	0.2	Two	0.2	Three	0.2	FiveAndMore	0.2	AdjectiveFullForm	0.333333333333	AdjectiveShortFlectional	0.333333333333	AdjectiveShortForm	0.333333333333	NounProperNameDimin	0.111111111111	NounProperName	0.111111111111	NounProperGeneral	0.111111111111	NounProperTown	0.111111111111	NounProperSurNameFlective	0.111111111111	NounProperPatronymic	0.111111111111	AdjectiveProper	0.111111111111	AbbrProperGeneral	0.111111111111	NounProperSurNameForeign	0.111111111111	NormalNumberParadigm	1.0	FullRealization	1.0
91	51	отметил	отметил	488258	488253	Animate	0.5	Inanimate	0.5	FullReflexivity	1.0	NormalMorphForm	1.0	DefectOne	0.2	DefectFour	0.2	Byt	0.2	DefectThree	0.2	DefectTwo	0.2	GTVerb	1.0	NotEllipted	1.0	VocalForm	0.5	NForm	0.5	NotControlled	1.0	ZeroTypeOfCoordination	1.0	Composite_ComplexNumeral	0.0714285714286	Composite_cko	0.0714285714286	NoCompositeness	0.0714285714286	Composite_cki	0.0714285714286	Composite_o	0.0714285714286	Composite_NumeralFull	0.0714285714286	Composite_NumeralShort	0.0714285714286	Composite_null	0.0714285714286	Composite_iko	0.0714285714286	Composite_sko	0.0714285714286	Composite_e	0.0714285714286	Composite_Numeral	0.0714285714286	Composite_usek	0.0714285714286	Composite_ski	0.0714285714286	DegreeComparative	0.333333333333	DegreeSuperlative	0.333333333333	DegreePositive	0.333333333333	Adverb_With_Hyphen	0.5	Adverb_Un_Hyphen	0.5	DeclensionMixed	0.25	DeclensionAdjectival	0.25	DeclensionNominal	0.25	Indeclinable	0.25	Comp_PunctuatorPref	0.0625	Comp_Suffixoid_Num_IJ	0.0625	Comp_PunctuatorPostSeparable	0.0625	Un_Comp_Suf	0.0625	Comp_SuffixoidAbbr	0.0625	Comp_Noun	0.0625	Comp_Suffixoid_Num_J	0.0625	Comp_PunctuatorPost	0.0625	Comp_PunctuatorPrefSeparable	0.0625	Comp_Suffixoid_Num_OJ	0.0625	Comp_Prefixoid	0.0625	Comp_Suffixoid	0.0625	Comp_Suffixoid_Chem	0.0625	Comp_Suffixoid_Num_PercentYJ	0.0625	Comp_Suffixoid_Num_YJ	0.0625	Comp_Adj	0.0625	Paired	1.0	NoSynthComparative	0.25	FullSynthComparison	0.25	OnlySuperlative	0.25	NoSynthSuperlative	0.25	MTwo	0.333333333333	MOne	0.333333333333	MThree	0.333333333333	NormalClassifyingCapitalization	1.0	Past	1.0	Verb	1.0	ZeroDoubleConjunct	1.0	NotCommonChild	1.0	Accusative	0.0909090909091	Prepositional	0.0909090909091	Instrumental	0.0909090909091	Dative	0.0909090909091	ZeroCase	0.0909090909091	Locative	0.0909090909091	Genitive	0.0909090909091	Partitive	0.0909090909091	Nominative	0.0909090909091	DativeSpecial	0.0909090909091	Vocative	0.0909090909091	RCDemonstrative	0.111111111111	RCNegative	0.111111111111	RCNoun	0.111111111111	RCPossessive	0.111111111111	RCIndefinite	0.111111111111	RCPersonal	0.111111111111	RCReflexive	0.111111111111	RCInterrogative	0.111111111111	RCAttributive	0.111111111111	NoPlacement	1.0	Perfective	1.0	NotDefaultFiller	1.0	Masculine	1.0	NoLeftmostPlacement	1.0	UnIterat	1.0	NoRightmostPlacement	1.0	NotLeftConjunct	1.0	PersonFirst	0.25	PersonThird	0.25	PersonSecond	0.25	PersonZero	0.25	Active	1.0	VerbTransitive	1.0	NotRightConjunct	1.0	Plural_consonant	0.111111111111	Genitive_Locative_u	0.111111111111	Locative_u	0.111111111111	NoSpecialCaseForm	0.111111111111	SpecialVocative	0.111111111111	GenitivePlural_Zero	0.111111111111	SpecialPlual	0.111111111111	NominativePlural_a	0.111111111111	Genitive_u	0.111111111111	NoContrast	1.0	NormalCapitalization	1.0	V_Prefixoid	0.0416666666667	POL_Prefixoid	0.0416666666667	PO_Prefixoid	0.0416666666667	Letter_Prefixoid	0.0416666666667	InternMod_Prefixoid	0.0416666666667	Chem_Prefixoid	0.0416666666667	BES_Prefixoid	0.0416666666667	Chemical_Possible	0.0416666666667	VPOL_Prefixoid	0.0416666666667	Eval_Prefixoid	0.0416666666667	InternModEr_Prefixoid	0.0416666666667	Rus_Prefixoid	0.0416666666667	Intern_ReducedPrefixoid	0.0416666666667	NI_Prefixoid	0.0416666666667	Reduced_Prefixoid	0.0416666666667	NAI_Prefixoid	0.0416666666667	Intern_Prefixoid	0.0416666666667	BEZer_Prefixoid	0.0416666666667	InternHy_Prefixoid	0.0416666666667	KOE_Prefixoid	0.0416666666667	ProperNamePrefixoid	0.0416666666667	RusHy_Prefixoid	0.0416666666667	BEZ_Prefixoid	0.0416666666667	NE_Prefixoid	0.0416666666667	ParticipleShortForm	0.5	ParticipleFullForm	0.5	Singular	1.0	Four	0.2	SevenEight	0.2	Two	0.2	Three	0.2	FiveAndMore	0.2	AdjectiveFullForm	0.333333333333	AdjectiveShortFlectional	0.333333333333	AdjectiveShortForm	0.333333333333	NounProperNameDimin	0.111111111111	NounProperName	0.111111111111	NounProperGeneral	0.111111111111	NounProperTown	0.111111111111	NounProperSurNameFlective	0.111111111111	NounProperPatronymic	0.111111111111	AdjectiveProper	0.111111111111	AbbrProperGeneral	0.111111111111	NounProperSurNameForeign	0.111111111111	NormalNumberParadigm	1.0	FullRealization	1.0
91	60	что	что	488261	488260	Animate	0.125	Inanimate	0.375	NonReflexive	0.125	ImperfectiveReflexivity	0.125	Reflexive	0.125	FullReflexivity	0.125	NormalMorphForm	1.0	DefectOne	0.1	DefectFour	0.1	Byt	0.1	DefectThree	0.1	DefectTwo	0.1	GTInvariable	0.25	GTNoun	0.25	NotEllipted	1.0	VocalForm	0.25	NForm	0.25	NotControlled	1.0	ZeroTypeOfCoordination	1.0	Composite_ComplexNumeral	0.0357142857143	Composite_cko	0.0357142857143	NoCompositeness	0.0357142857143	Composite_cki	0.0357142857143	Composite_o	0.0357142857143	Composite_NumeralFull	0.0357142857143	Composite_NumeralShort	0.0357142857143	Composite_null	0.0357142857143	Composite_iko	0.0357142857143	Composite_sko	0.0357142857143	Composite_e	0.0357142857143	Composite_Numeral	0.0357142857143	Composite_usek	0.0357142857143	Composite_ski	0.0357142857143	DegreeComparative	0.166666666667	DegreeSuperlative	0.166666666667	DegreePositive	0.166666666667	Adverb_With_Hyphen	0.25	Adverb_Un_Hyphen	0.25	DeclensionMixed	0.125	DeclensionAdjectival	0.125	DeclensionNominal	0.125	Indeclinable	0.125	Comp_PunctuatorPref	0.03125	Comp_Suffixoid_Num_IJ	0.03125	Comp_PunctuatorPostSeparable	0.03125	Un_Comp_Suf	0.03125	Comp_SuffixoidAbbr	0.03125	Comp_Noun	0.03125	Comp_Suffixoid_Num_J	0.03125	Comp_PunctuatorPost	0.03125	Comp_PunctuatorPrefSeparable	0.03125	Comp_Suffixoid_Num_OJ	0.03125	Comp_Prefixoid	0.03125	Comp_Suffixoid	0.03125	Comp_Suffixoid_Chem	0.03125	Comp_Suffixoid_Num_PercentYJ	0.03125	Comp_Suffixoid_Num_YJ	0.03125	Comp_Adj	0.03125	BiAspectual	0.166666666667	MonoAspectual	0.166666666667	Paired	0.166666666667	NoSynthComparative	0.125	FullSynthComparison	0.125	OnlySuperlative	0.125	NoSynthSuperlative	0.125	MTwo	0.166666666667	MOne	0.166666666667	MThree	0.166666666667	NormalClassifyingCapitalization	1.0	Past	0.166666666667	Future	0.166666666667	Present	0.166666666667	Conjunction	0.25	Pronoun	0.25	ZeroDoubleConjunct	1.0	NotCommonChild	1.0	Accusative	0.147727272727	Prepositional	0.0227272727273	Instrumental	0.0227272727273	Dative	0.0227272727273	ZeroCase	0.0227272727273	Locative	0.0227272727273	Genitive	0.0227272727273	Partitive	0.0227272727273	Nominative	0.147727272727	DativeSpecial	0.0227272727273	Vocative	0.0227272727273	RCDemonstrative	0.0277777777778	RCNegative	0.0277777777778	RCNoun	0.0277777777778	RCPossessive	0.0277777777778	RCIndefinite	0.0277777777778	RCPersonal	0.0277777777778	RCReflexive	0.0277777777778	RCInterrogative	0.277777777778	RCAttributive	0.0277777777778	NoPlacement	1.0	Perfective	0.25	Imperfective	0.25	NotDefaultFiller	1.0	Feminine	0.0625	Common	0.0625	Masculine	0.0625	Neuter	0.3125	NoLeftmostPlacement	1.0	UnIterat	0.25	Iterat	0.25	NoRightmostPlacement	1.0	NotLeftConjunct	1.0	PersonFirst	0.125	PersonThird	0.125	PersonSecond	0.125	PersonZero	0.125	Active	0.166666666667	Passive	0.166666666667	VoiceSya	0.166666666667	VerbTransitive	0.125	VerbIntransitive	0.125	VerbIntransitiveSpecial	0.125	VerbTransitiveSpecial	0.125	NotRightConjunct	1.0	Plural_consonant	0.0555555555556	Genitive_Locative_u	0.0555555555556	Locative_u	0.0555555555556	NoSpecialCaseForm	0.0555555555556	SpecialVocative	0.0555555555556	GenitivePlural_Zero	0.0555555555556	SpecialPlual	0.0555555555556	NominativePlural_a	0.0555555555556	Genitive_u	0.0555555555556	NoContrast	1.0	NormalCapitalization	1.0	V_Prefixoid	0.0208333333333	POL_Prefixoid	0.0208333333333	PO_Prefixoid	0.0208333333333	Letter_Prefixoid	0.0208333333333	InternMod_Prefixoid	0.0208333333333	Chem_Prefixoid	0.0208333333333	BES_Prefixoid	0.0208333333333	Chemical_Possible	0.0208333333333	VPOL_Prefixoid	0.0208333333333	Eval_Prefixoid	0.0208333333333	InternModEr_Prefixoid	0.0208333333333	Rus_Prefixoid	0.0208333333333	Intern_ReducedPrefixoid	0.0208333333333	NI_Prefixoid	0.0208333333333	Reduced_Prefixoid	0.0208333333333	NAI_Prefixoid	0.0208333333333	Intern_Prefixoid	0.0208333333333	BEZer_Prefixoid	0.0208333333333	InternHy_Prefixoid	0.0208333333333	KOE_Prefixoid	0.0208333333333	ProperNamePrefixoid	0.0208333333333	RusHy_Prefixoid	0.0208333333333	BEZ_Prefixoid	0.0208333333333	NE_Prefixoid	0.0208333333333	ParticipleShortForm	0.25	ParticipleFullForm	0.25	Plural	0.125	Singular	0.375	Four	0.1	SevenEight	0.1	Two	0.1	Three	0.1	FiveAndMore	0.1	AdjectiveFullForm	0.166666666667	AdjectiveShortFlectional	0.166666666667	AdjectiveShortForm	0.166666666667	NounProperNameDimin	0.0555555555556	NounProperName	0.0555555555556	NounProperGeneral	0.0555555555556	NounProperTown	0.0555555555556	NounProperSurNameFlective	0.0555555555556	NounProperPatronymic	0.0555555555556	AdjectiveProper	0.0555555555556	AbbrProperGeneral	0.0555555555556	NounProperSurNameForeign	0.0555555555556	NormalNumberParadigm	1.0	FullRealization	1.0
91	64	такие	такие	488263	488262	Animate	0.5	Inanimate	0.5	NonReflexive	0.25	ImperfectiveReflexivity	0.25	Reflexive	0.25	FullReflexivity	0.25	NormalMorphForm	1.0	DefectOne	0.2	DefectFour	0.2	Byt	0.2	DefectThree	0.2	DefectTwo	0.2	GTAdjectiveAttributive	1.0	NotEllipted	1.0	VocalForm	0.5	NForm	0.5	NotControlled	1.0	ZeroTypeOfCoordination	1.0	Composite_ComplexNumeral	0.0714285714286	Composite_cko	0.0714285714286	NoCompositeness	0.0714285714286	Composite_cki	0.0714285714286	Composite_o	0.0714285714286	Composite_NumeralFull	0.0714285714286	Composite_NumeralShort	0.0714285714286	Composite_null	0.0714285714286	Composite_iko	0.0714285714286	Composite_sko	0.0714285714286	Composite_e	0.0714285714286	Composite_Numeral	0.0714285714286	Composite_usek	0.0714285714286	Composite_ski	0.0714285714286	DegreeComparative	0.333333333333	DegreeSuperlative	0.333333333333	DegreePositive	0.333333333333	Adverb_With_Hyphen	0.5	Adverb_Un_Hyphen	0.5	DeclensionMixed	0.25	DeclensionAdjectival	0.25	DeclensionNominal	0.25	Indeclinable	0.25	Comp_PunctuatorPref	0.0625	Comp_Suffixoid_Num_IJ	0.0625	Comp_PunctuatorPostSeparable	0.0625	Un_Comp_Suf	0.0625	Comp_SuffixoidAbbr	0.0625	Comp_Noun	0.0625	Comp_Suffixoid_Num_J	0.0625	Comp_PunctuatorPost	0.0625	Comp_PunctuatorPrefSeparable	0.0625	Comp_Suffixoid_Num_OJ	0.0625	Comp_Prefixoid	0.0625	Comp_Suffixoid	0.0625	Comp_Suffixoid_Chem	0.0625	Comp_Suffixoid_Num_PercentYJ	0.0625	Comp_Suffixoid_Num_YJ	0.0625	Comp_Adj	0.0625	BiAspectual	0.333333333333	MonoAspectual	0.333333333333	Paired	0.333333333333	NoSynthComparative	0.25	FullSynthComparison	0.25	OnlySuperlative	0.25	NoSynthSuperlative	0.25	MTwo	0.333333333333	MOne	0.333333333333	MThree	0.333333333333	NormalClassifyingCapitalization	1.0	Past	0.333333333333	Future	0.333333333333	Present	0.333333333333	Pronoun	1.0	ZeroDoubleConjunct	1.0	NotCommonChild	1.0	Accusative	0.5	Nominative	0.5	RCDemonstrative	1.0	NoPlacement	1.0	Perfective	0.5	Imperfective	0.5	NotDefaultFiller	1.0	Feminine	0.25	Common	0.25	Masculine	0.25	Neuter	0.25	NoLeftmostPlacement	1.0	UnIterat	0.5	Iterat	0.5	NoRightmostPlacement	1.0	NotLeftConjunct	1.0	PersonFirst	0.25	PersonThird	0.25	PersonSecond	0.25	PersonZero	0.25	Active	0.333333333333	Passive	0.333333333333	VoiceSya	0.333333333333	VerbTransitive	0.25	VerbIntransitive	0.25	VerbIntransitiveSpecial	0.25	VerbTransitiveSpecial	0.25	NotRightConjunct	1.0	Plural_consonant	0.111111111111	Genitive_Locative_u	0.111111111111	Locative_u	0.111111111111	NoSpecialCaseForm	0.111111111111	SpecialVocative	0.111111111111	GenitivePlural_Zero	0.111111111111	SpecialPlual	0.111111111111	NominativePlural_a	0.111111111111	Genitive_u	0.111111111111	NoContrast	1.0	NormalCapitalization	1.0	V_Prefixoid	0.0416666666667	POL_Prefixoid	0.0416666666667	PO_Prefixoid	0.0416666666667	Letter_Prefixoid	0.0416666666667	InternMod_Prefixoid	0.0416666666667	Chem_Prefixoid	0.0416666666667	BES_Prefixoid	0.0416666666667	Chemical_Possible	0.0416666666667	VPOL_Prefixoid	0.0416666666667	Eval_Prefixoid	0.0416666666667	InternModEr_Prefixoid	0.0416666666667	Rus_Prefixoid	0.0416666666667	Intern_ReducedPrefixoid	0.0416666666667	NI_Prefixoid	0.0416666666667	Reduced_Prefixoid	0.0416666666667	NAI_Prefixoid	0.0416666666667	Intern_Prefixoid	0.0416666666667	BEZer_Prefixoid	0.0416666666667	InternHy_Prefixoid	0.0416666666667	KOE_Prefixoid	0.0416666666667	ProperNamePrefixoid	0.0416666666667	RusHy_Prefixoid	0.0416666666667	BEZ_Prefixoid	0.0416666666667	NE_Prefixoid	0.0416666666667	ParticipleShortForm	0.5	ParticipleFullForm	0.5	Plural	1.0	Four	0.2	SevenEight	0.2	Two	0.2	Three	0.2	FiveAndMore	0.2	AdjectiveFullForm	1.0	NounProperNameDimin	0.111111111111	NounProperName	0.111111111111	NounProperGeneral	0.111111111111	NounProperTown	0.111111111111	NounProperSurNameFlective	0.111111111111	NounProperPatronymic	0.111111111111	AdjectiveProper	0.111111111111	AbbrProperGeneral	0.111111111111	NounProperSurNameForeign	0.111111111111	NormalNumberParadigm	1.0	FullRealization	1.0
91	70	заявления	заявления	488262	488260	Inanimate	1.0	NonReflexive	0.25	ImperfectiveReflexivity	0.25	Reflexive	0.25	FullReflexivity	0.25	NormalMorphForm	1.0	DefectOne	0.2	DefectFour	0.2	Byt	0.2	DefectThree	0.2	DefectTwo	0.2	GTNoun	1.0	NotEllipted	1.0	VocalForm	0.5	NForm	0.5	NotControlled	1.0	ZeroTypeOfCoordination	1.0	NoCompositeness	1.0	DegreeComparative	0.333333333333	DegreeSuperlative	0.333333333333	DegreePositive	0.333333333333	Adverb_With_Hyphen	0.5	Adverb_Un_Hyphen	0.5	DeclensionNominal	1.0	Un_Comp_Suf	1.0	BiAspectual	0.333333333333	MonoAspectual	0.333333333333	Paired	0.333333333333	NoSynthComparative	0.25	FullSynthComparison	0.25	OnlySuperlative	0.25	NoSynthSuperlative	0.25	MTwo	0.333333333333	MOne	0.333333333333	MThree	0.333333333333	NormalClassifyingCapitalization	1.0	Past	0.333333333333	Future	0.333333333333	Present	0.333333333333	Noun	1.0	ZeroDoubleConjunct	1.0	NotCommonChild	1.0	Accusative	0.25	Genitive	0.25	Partitive	0.25	Nominative	0.25	RCDemonstrative	0.111111111111	RCNegative	0.111111111111	RCNoun	0.111111111111	RCPossessive	0.111111111111	RCIndefinite	0.111111111111	RCPersonal	0.111111111111	RCReflexive	0.111111111111	RCInterrogative	0.111111111111	RCAttributive	0.111111111111	NoPlacement	1.0	Perfective	0.5	Imperfective	0.5	NotDefaultFiller	1.0	Neuter	1.0	NoLeftmostPlacement	1.0	UnIterat	0.5	Iterat	0.5	NoRightmostPlacement	1.0	NotLeftConjunct	1.0	PersonFirst	0.25	PersonThird	0.25	PersonSecond	0.25	PersonZero	0.25	Active	0.333333333333	Passive	0.333333333333	VoiceSya	0.333333333333	VerbTransitive	0.25	VerbIntransitive	0.25	VerbIntransitiveSpecial	0.25	VerbTransitiveSpecial	0.25	NotRightConjunct	1.0	NoSpecialCaseForm	1.0	NoContrast	1.0	NormalCapitalization	1.0	V_Prefixoid	0.0416666666667	POL_Prefixoid	0.0416666666667	PO_Prefixoid	0.0416666666667	Letter_Prefixoid	0.0416666666667	InternMod_Prefixoid	0.0416666666667	Chem_Prefixoid	0.0416666666667	BES_Prefixoid	0.0416666666667	Chemical_Possible	0.0416666666667	VPOL_Prefixoid	0.0416666666667	Eval_Prefixoid	0.0416666666667	InternModEr_Prefixoid	0.0416666666667	Rus_Prefixoid	0.0416666666667	Intern_ReducedPrefixoid	0.0416666666667	NI_Prefixoid	0.0416666666667	Reduced_Prefixoid	0.0416666666667	NAI_Prefixoid	0.0416666666667	Intern_Prefixoid	0.0416666666667	BEZer_Prefixoid	0.0416666666667	InternHy_Prefixoid	0.0416666666667	KOE_Prefixoid	0.0416666666667	ProperNamePrefixoid	0.0416666666667	RusHy_Prefixoid	0.0416666666667	BEZ_Prefixoid	0.0416666666667	NE_Prefixoid	0.0416666666667	ParticipleShortForm	0.5	ParticipleFullForm	0.5	Plural	0.5	Singular	0.5	Four	0.2	SevenEight	0.2	Two	0.2	Three	0.2	FiveAndMore	0.2	AdjectiveFullForm	0.333333333333	AdjectiveShortFlectional	0.333333333333	AdjectiveShortForm	0.333333333333	NounProperNameDimin	0.111111111111	NounProperName	0.111111111111	NounProperGeneral	0.111111111111	NounProperTown	0.111111111111	NounProperSurNameFlective	0.111111111111	NounProperPatronymic	0.111111111111	AdjectiveProper	0.111111111111	AbbrProperGeneral	0.111111111111	NounProperSurNameForeign	0.111111111111	NormalNumberParadigm	1.0	FullRealization	1.0
91	80	могут	могут	488260	488258	Animate	0.5	Inanimate	0.5	NonReflexive	1.0	NormalMorphForm	1.0	DefectOne	0.2	DefectFour	0.2	Byt	0.2	DefectThree	0.2	DefectTwo	0.2	GTVerb	1.0	NotEllipted	1.0	VocalForm	0.5	NForm	0.5	NotControlled	1.0	ZeroTypeOfCoordination	1.0	Composite_ComplexNumeral	0.0714285714286	Composite_cko	0.0714285714286	NoCompositeness	0.0714285714286	Composite_cki	0.0714285714286	Composite_o	0.0714285714286	Composite_NumeralFull	0.0714285714286	Composite_NumeralShort	0.0714285714286	Composite_null	0.0714285714286	Composite_iko	0.0714285714286	Composite_sko	0.0714285714286	Composite_e	0.0714285714286	Composite_Numeral	0.0714285714286	Composite_usek	0.0714285714286	Composite_ski	0.0714285714286	DegreeComparative	0.333333333333	DegreeSuperlative	0.333333333333	DegreePositive	0.333333333333	Adverb_With_Hyphen	0.5	Adverb_Un_Hyphen	0.5	DeclensionMixed	0.25	DeclensionAdjectival	0.25	DeclensionNominal	0.25	Indeclinable	0.25	Comp_PunctuatorPref	0.0625	Comp_Suffixoid_Num_IJ	0.0625	Comp_PunctuatorPostSeparable	0.0625	Un_Comp_Suf	0.0625	Comp_SuffixoidAbbr	0.0625	Comp_Noun	0.0625	Comp_Suffixoid_Num_J	0.0625	Comp_PunctuatorPost	0.0625	Comp_PunctuatorPrefSeparable	0.0625	Comp_Suffixoid_Num_OJ	0.0625	Comp_Prefixoid	0.0625	Comp_Suffixoid	0.0625	Comp_Suffixoid_Chem	0.0625	Comp_Suffixoid_Num_PercentYJ	0.0625	Comp_Suffixoid_Num_YJ	0.0625	Comp_Adj	0.0625	MonoAspectual	1.0	NoSynthComparative	0.25	FullSynthComparison	0.25	OnlySuperlative	0.25	NoSynthSuperlative	0.25	MTwo	0.333333333333	MOne	0.333333333333	MThree	0.333333333333	NormalClassifyingCapitalization	1.0	Present	1.0	Verb	1.0	ZeroDoubleConjunct	1.0	NotCommonChild	1.0	Accusative	0.0909090909091	Prepositional	0.0909090909091	Instrumental	0.0909090909091	Dative	0.0909090909091	ZeroCase	0.0909090909091	Locative	0.0909090909091	Genitive	0.0909090909091	Partitive	0.0909090909091	Nominative	0.0909090909091	DativeSpecial	0.0909090909091	Vocative	0.0909090909091	RCDemonstrative	0.111111111111	RCNegative	0.111111111111	RCNoun	0.111111111111	RCPossessive	0.111111111111	RCIndefinite	0.111111111111	RCPersonal	0.111111111111	RCReflexive	0.111111111111	RCInterrogative	0.111111111111	RCAttributive	0.111111111111	NoPlacement	1.0	Imperfective	1.0	NotDefaultFiller	1.0	Feminine	0.25	Common	0.25	Masculine	0.25	Neuter	0.25	NoLeftmostPlacement	1.0	UnIterat	1.0	NoRightmostPlacement	1.0	NotLeftConjunct	1.0	PersonThird	1.0	Active	1.0	VerbIntransitive	1.0	NotRightConjunct	1.0	Plural_consonant	0.111111111111	Genitive_Locative_u	0.111111111111	Locative_u	0.111111111111	NoSpecialCaseForm	0.111111111111	SpecialVocative	0.111111111111	GenitivePlural_Zero	0.111111111111	SpecialPlual	0.111111111111	NominativePlural_a	0.111111111111	Genitive_u	0.111111111111	NoContrast	1.0	NormalCapitalization	1.0	V_Prefixoid	0.0416666666667	POL_Prefixoid	0.0416666666667	PO_Prefixoid	0.0416666666667	Letter_Prefixoid	0.0416666666667	InternMod_Prefixoid	0.0416666666667	Chem_Prefixoid	0.0416666666667	BES_Prefixoid	0.0416666666667	Chemical_Possible	0.0416666666667	VPOL_Prefixoid	0.0416666666667	Eval_Prefixoid	0.0416666666667	InternModEr_Prefixoid	0.0416666666667	Rus_Prefixoid	0.0416666666667	Intern_ReducedPrefixoid	0.0416666666667	NI_Prefixoid	0.0416666666667	Reduced_Prefixoid	0.0416666666667	NAI_Prefixoid	0.0416666666667	Intern_Prefixoid	0.0416666666667	BEZer_Prefixoid	0.0416666666667	InternHy_Prefixoid	0.0416666666667	KOE_Prefixoid	0.0416666666667	ProperNamePrefixoid	0.0416666666667	RusHy_Prefixoid	0.0416666666667	BEZ_Prefixoid	0.0416666666667	NE_Prefixoid	0.0416666666667	ParticipleShortForm	0.5	ParticipleFullForm	0.5	Plural	1.0	Four	0.2	SevenEight	0.2	Two	0.2	Three	0.2	FiveAndMore	0.2	AdjectiveFullForm	0.333333333333	AdjectiveShortFlectional	0.333333333333	AdjectiveShortForm	0.333333333333	NounProperNameDimin	0.111111111111	NounProperName	0.111111111111	NounProperGeneral	0.111111111111	NounProperTown	0.111111111111	NounProperSurNameFlective	0.111111111111	NounProperPatronymic	0.111111111111	AdjectiveProper	0.111111111111	AbbrProperGeneral	0.111111111111	NounProperSurNameForeign	0.111111111111	NormalNumberParadigm	1.0	FullRealization	1.0
91	86	ухудшить	ухудшить	488264	488260	Animate	0.5	Inanimate	0.5	FullReflexivity	1.0	NormalMorphForm	1.0	DefectOne	0.2	DefectFour	0.2	Byt	0.2	DefectThree	0.2	DefectTwo	0.2	GTInfinitive	1.0	NotEllipted	1.0	VocalForm	0.5	NForm	0.5	NotControlled	1.0	ZeroTypeOfCoordination	1.0	Composite_ComplexNumeral	0.0714285714286	Composite_cko	0.0714285714286	NoCompositeness	0.0714285714286	Composite_cki	0.0714285714286	Composite_o	0.0714285714286	Composite_NumeralFull	0.0714285714286	Composite_NumeralShort	0.0714285714286	Composite_null	0.0714285714286	Composite_iko	0.0714285714286	Composite_sko	0.0714285714286	Composite_e	0.0714285714286	Composite_Numeral	0.0714285714286	Composite_usek	0.0714285714286	Composite_ski	0.0714285714286	DegreeComparative	0.333333333333	DegreeSuperlative	0.333333333333	DegreePositive	0.333333333333	Adverb_With_Hyphen	0.5	Adverb_Un_Hyphen	0.5	DeclensionMixed	0.25	DeclensionAdjectival	0.25	DeclensionNominal	0.25	Indeclinable	0.25	Comp_PunctuatorPref	0.0625	Comp_Suffixoid_Num_IJ	0.0625	Comp_PunctuatorPostSeparable	0.0625	Un_Comp_Suf	0.0625	Comp_SuffixoidAbbr	0.0625	Comp_Noun	0.0625	Comp_Suffixoid_Num_J	0.0625	Comp_PunctuatorPost	0.0625	Comp_PunctuatorPrefSeparable	0.0625	Comp_Suffixoid_Num_OJ	0.0625	Comp_Prefixoid	0.0625	Comp_Suffixoid	0.0625	Comp_Suffixoid_Chem	0.0625	Comp_Suffixoid_Num_PercentYJ	0.0625	Comp_Suffixoid_Num_YJ	0.0625	Comp_Adj	0.0625	Paired	1.0	NoSynthComparative	0.25	FullSynthComparison	0.25	OnlySuperlative	0.25	NoSynthSuperlative	0.25	MTwo	0.333333333333	MOne	0.333333333333	MThree	0.333333333333	NormalClassifyingCapitalization	1.0	Past	0.333333333333	Future	0.333333333333	Present	0.333333333333	Verb	1.0	ZeroDoubleConjunct	1.0	NotCommonChild	1.0	Accusative	0.0909090909091	Prepositional	0.0909090909091	Instrumental	0.0909090909091	Dative	0.0909090909091	ZeroCase	0.0909090909091	Locative	0.0909090909091	Genitive	0.0909090909091	Partitive	0.0909090909091	Nominative	0.0909090909091	DativeSpecial	0.0909090909091	Vocative	0.0909090909091	RCDemonstrative	0.111111111111	RCNegative	0.111111111111	RCNoun	0.111111111111	RCPossessive	0.111111111111	RCIndefinite	0.111111111111	RCPersonal	0.111111111111	RCReflexive	0.111111111111	RCInterrogative	0.111111111111	RCAttributive	0.111111111111	NoPlacement	1.0	Perfective	1.0	NotDefaultFiller	1.0	Feminine	0.25	Common	0.25	Masculine	0.25	Neuter	0.25	NoLeftmostPlacement	1.0	UnIterat	1.0	NoRightmostPlacement	1.0	NotLeftConjunct	1.0	PersonZero	1.0	Active	1.0	VerbTransitive	1.0	NotRightConjunct	1.0	Plural_consonant	0.111111111111	Genitive_Locative_u	0.111111111111	Locative_u	0.111111111111	NoSpecialCaseForm	0.111111111111	SpecialVocative	0.111111111111	GenitivePlural_Zero	0.111111111111	SpecialPlual	0.111111111111	NominativePlural_a	0.111111111111	Genitive_u	0.111111111111	NoContrast	1.0	NormalCapitalization	1.0	V_Prefixoid	0.0416666666667	POL_Prefixoid	0.0416666666667	PO_Prefixoid	0.0416666666667	Letter_Prefixoid	0.0416666666667	InternMod_Prefixoid	0.0416666666667	Chem_Prefixoid	0.0416666666667	BES_Prefixoid	0.0416666666667	Chemical_Possible	0.0416666666667	VPOL_Prefixoid	0.0416666666667	Eval_Prefixoid	0.0416666666667	InternModEr_Prefixoid	0.0416666666667	Rus_Prefixoid	0.0416666666667	Intern_ReducedPrefixoid	0.0416666666667	NI_Prefixoid	0.0416666666667	Reduced_Prefixoid	0.0416666666667	NAI_Prefixoid	0.0416666666667	Intern_Prefixoid	0.0416666666667	BEZer_Prefixoid	0.0416666666667	InternHy_Prefixoid	0.0416666666667	KOE_Prefixoid	0.0416666666667	ProperNamePrefixoid	0.0416666666667	RusHy_Prefixoid	0.0416666666667	BEZ_Prefixoid	0.0416666666667	NE_Prefixoid	0.0416666666667	ParticipleShortForm	0.5	ParticipleFullForm	0.5	Plural	0.5	Singular	0.5	Four	0.2	SevenEight	0.2	Two	0.2	Three	0.2	FiveAndMore	0.2	AdjectiveFullForm	0.333333333333	AdjectiveShortFlectional	0.333333333333	AdjectiveShortForm	0.333333333333	NounProperNameDimin	0.111111111111	NounProperName	0.111111111111	NounProperGeneral	0.111111111111	NounProperTown	0.111111111111	NounProperSurNameFlective	0.111111111111	NounProperPatronymic	0.111111111111	AdjectiveProper	0.111111111111	AbbrProperGeneral	0.111111111111	NounProperSurNameForeign	0.111111111111	NormalNumberParadigm	1.0	FullRealization	1.0
91	95	отношения	отношения	488265	488264	Inanimate	1.0	NonReflexive	0.25	ImperfectiveReflexivity	0.25	Reflexive	0.25	FullReflexivity	0.25	NormalMorphForm	1.0	DefectOne	0.2	DefectFour	0.2	Byt	0.2	DefectThree	0.2	DefectTwo	0.2	GTNoun	1.0	NotEllipted	1.0	VocalForm	0.5	NForm	0.5	NotControlled	1.0	ZeroTypeOfCoordination	1.0	NoCompositeness	1.0	DegreeComparative	0.333333333333	DegreeSuperlative	0.333333333333	DegreePositive	0.333333333333	Adverb_With_Hyphen	0.5	Adverb_Un_Hyphen	0.5	DeclensionNominal	1.0	Un_Comp_Suf	1.0	BiAspectual	0.333333333333	MonoAspectual	0.333333333333	Paired	0.333333333333	NoSynthComparative	0.25	FullSynthComparison	0.25	OnlySuperlative	0.25	NoSynthSuperlative	0.25	MTwo	0.333333333333	MOne	0.333333333333	MThree	0.333333333333	NormalClassifyingCapitalization	1.0	Past	0.333333333333	Future	0.333333333333	Present	0.333333333333	Noun	1.0	ZeroDoubleConjunct	1.0	NotCommonChild	1.0	Accusative	0.25	Genitive	0.25	Partitive	0.25	Nominative	0.25	RCDemonstrative	0.111111111111	RCNegative	0.111111111111	RCNoun	0.111111111111	RCPossessive	0.111111111111	RCIndefinite	0.111111111111	RCPersonal	0.111111111111	RCReflexive	0.111111111111	RCInterrogative	0.111111111111	RCAttributive	0.111111111111	NoPlacement	1.0	Perfective	0.5	Imperfective	0.5	NotDefaultFiller	1.0	Neuter	1.0	NoLeftmostPlacement	1.0	UnIterat	0.5	Iterat	0.5	NoRightmostPlacement	1.0	NotLeftConjunct	1.0	PersonFirst	0.25	PersonThird	0.25	PersonSecond	0.25	PersonZero	0.25	Active	0.333333333333	Passive	0.333333333333	VoiceSya	0.333333333333	VerbTransitive	0.25	VerbIntransitive	0.25	VerbIntransitiveSpecial	0.25	VerbTransitiveSpecial	0.25	NotRightConjunct	1.0	NoSpecialCaseForm	1.0	NoContrast	1.0	NormalCapitalization	1.0	V_Prefixoid	0.0416666666667	POL_Prefixoid	0.0416666666667	PO_Prefixoid	0.0416666666667	Letter_Prefixoid	0.0416666666667	InternMod_Prefixoid	0.0416666666667	Chem_Prefixoid	0.0416666666667	BES_Prefixoid	0.0416666666667	Chemical_Possible	0.0416666666667	VPOL_Prefixoid	0.0416666666667	Eval_Prefixoid	0.0416666666667	InternModEr_Prefixoid	0.0416666666667	Rus_Prefixoid	0.0416666666667	Intern_ReducedPrefixoid	0.0416666666667	NI_Prefixoid	0.0416666666667	Reduced_Prefixoid	0.0416666666667	NAI_Prefixoid	0.0416666666667	Intern_Prefixoid	0.0416666666667	BEZer_Prefixoid	0.0416666666667	InternHy_Prefixoid	0.0416666666667	KOE_Prefixoid	0.0416666666667	ProperNamePrefixoid	0.0416666666667	RusHy_Prefixoid	0.0416666666667	BEZ_Prefixoid	0.0416666666667	NE_Prefixoid	0.0416666666667	ParticipleShortForm	0.5	ParticipleFullForm	0.5	Plural	0.5	Singular	0.5	Four	0.2	SevenEight	0.2	Two	0.2	Three	0.2	FiveAndMore	0.2	AdjectiveFullForm	0.333333333333	AdjectiveShortFlectional	0.333333333333	AdjectiveShortForm	0.333333333333	NounProperNameDimin	0.111111111111	NounProperName	0.111111111111	NounProperGeneral	0.111111111111	NounProperTown	0.111111111111	NounProperSurNameFlective	0.111111111111	NounProperPatronymic	0.111111111111	AdjectiveProper	0.111111111111	AbbrProperGeneral	0.111111111111	NounProperSurNameForeign	0.111111111111	NormalNumberParadigm	1.0	FullRealization	1.0
91	105	с	с	488267	488266	Animate	0.166666666667	Inanimate	0.5	NonReflexive	0.166666666667	ImperfectiveReflexivity	0.166666666667	Reflexive	0.166666666667	FullReflexivity	0.166666666667	NormalMorphForm	1.0	DefectOne	0.133333333333	DefectFour	0.133333333333	Byt	0.133333333333	DefectThree	0.133333333333	DefectTwo	0.133333333333	GTInvariable	0.333333333333	GTNoun	0.333333333333	NotEllipted	1.0	VocalForm	0.333333333333	NForm	0.333333333333	NotControlled	1.0	ZeroTypeOfCoordination	1.0	Composite_ComplexNumeral	0.0238095238095	Composite_cko	0.0238095238095	NoCompositeness	0.357142857143	Composite_cki	0.0238095238095	Composite_o	0.0238095238095	Composite_NumeralFull	0.0238095238095	Composite_NumeralShort	0.0238095238095	Composite_null	0.0238095238095	Composite_iko	0.0238095238095	Composite_sko	0.0238095238095	Composite_e	0.0238095238095	Composite_Numeral	0.0238095238095	Composite_usek	0.0238095238095	Composite_ski	0.0238095238095	DegreeComparative	0.222222222222	DegreeSuperlative	0.222222222222	DegreePositive	0.222222222222	Adverb_With_Hyphen	0.333333333333	Adverb_Un_Hyphen	0.333333333333	DeclensionMixed	0.0833333333333	DeclensionAdjectival	0.0833333333333	DeclensionNominal	0.0833333333333	Indeclinable	0.416666666667	Comp_PunctuatorPref	0.0208333333333	Comp_Suffixoid_Num_IJ	0.0208333333333	Comp_PunctuatorPostSeparable	0.1875	Un_Comp_Suf	0.0208333333333	Comp_SuffixoidAbbr	0.0208333333333	Comp_Noun	0.0208333333333	Comp_Suffixoid_Num_J	0.0208333333333	Comp_PunctuatorPost	0.0208333333333	Comp_PunctuatorPrefSeparable	0.1875	Comp_Suffixoid_Num_OJ	0.0208333333333	Comp_Prefixoid	0.0208333333333	Comp_Suffixoid	0.0208333333333	Comp_Suffixoid_Chem	0.0208333333333	Comp_Suffixoid_Num_PercentYJ	0.0208333333333	Comp_Suffixoid_Num_YJ	0.0208333333333	Comp_Adj	0.0208333333333	BiAspectual	0.222222222222	MonoAspectual	0.222222222222	Paired	0.222222222222	NoSynthComparative	0.166666666667	FullSynthComparison	0.166666666667	OnlySuperlative	0.166666666667	NoSynthSuperlative	0.166666666667	MTwo	0.222222222222	MOne	0.222222222222	MThree	0.222222222222	NormalClassifyingCapitalization	1.0	Past	0.222222222222	Future	0.222222222222	Present	0.222222222222	Preposition	0.333333333333	Noun	0.333333333333	ZeroDoubleConjunct	1.0	NotCommonChild	1.0	Accusative	0.0719696969697	Prepositional	0.0719696969697	Instrumental	0.0719696969697	Dative	0.0719696969697	ZeroCase	0.030303030303	Locative	0.0719696969697	Genitive	0.0719696969697	Partitive	0.0719696969697	Nominative	0.0719696969697	DativeSpecial	0.030303030303	Vocative	0.030303030303	RCDemonstrative	0.0740740740741	RCNegative	0.0740740740741	RCNoun	0.0740740740741	RCPossessive	0.0740740740741	RCIndefinite	0.0740740740741	RCPersonal	0.0740740740741	RCReflexive	0.0740740740741	RCInterrogative	0.0740740740741	RCAttributive	0.0740740740741	NoPlacement	1.0	Perfective	0.333333333333	Imperfective	0.333333333333	NotDefaultFiller	1.0	Feminine	0.25	Common	0.0833333333333	Masculine	0.0833333333333	Neuter	0.25	NoLeftmostPlacement	1.0	UnIterat	0.333333333333	Iterat	0.333333333333	NoRightmostPlacement	1.0	NotLeftConjunct	1.0	PersonFirst	0.166666666667	PersonThird	0.166666666667	PersonSecond	0.166666666667	PersonZero	0.166666666667	Active	0.222222222222	Passive	0.222222222222	VoiceSya	0.222222222222	VerbTransitive	0.166666666667	VerbIntransitive	0.166666666667	VerbIntransitiveSpecial	0.166666666667	VerbTransitiveSpecial	0.166666666667	NotRightConjunct	1.0	Plural_consonant	0.0740740740741	Genitive_Locative_u	0.0740740740741	Locative_u	0.0740740740741	NoSpecialCaseForm	0.0740740740741	SpecialVocative	0.0740740740741	GenitivePlural_Zero	0.0740740740741	SpecialPlual	0.0740740740741	NominativePlural_a	0.0740740740741	Genitive_u	0.0740740740741	NoContrast	1.0	NormalCapitalization	1.0	V_Prefixoid	0.0277777777778	POL_Prefixoid	0.0277777777778	PO_Prefixoid	0.0277777777778	Letter_Prefixoid	0.0277777777778	InternMod_Prefixoid	0.0277777777778	Chem_Prefixoid	0.0277777777778	BES_Prefixoid	0.0277777777778	Chemical_Possible	0.0277777777778	VPOL_Prefixoid	0.0277777777778	Eval_Prefixoid	0.0277777777778	InternModEr_Prefixoid	0.0277777777778	Rus_Prefixoid	0.0277777777778	Intern_ReducedPrefixoid	0.0277777777778	NI_Prefixoid	0.0277777777778	Reduced_Prefixoid	0.0277777777778	NAI_Prefixoid	0.0277777777778	Intern_Prefixoid	0.0277777777778	BEZer_Prefixoid	0.0277777777778	InternHy_Prefixoid	0.0277777777778	KOE_Prefixoid	0.0277777777778	ProperNamePrefixoid	0.0277777777778	RusHy_Prefixoid	0.0277777777778	BEZ_Prefixoid	0.0277777777778	NE_Prefixoid	0.0277777777778	ParticipleShortForm	0.333333333333	ParticipleFullForm	0.333333333333	Plural	0.333333333333	Singular	0.333333333333	Four	0.133333333333	SevenEight	0.133333333333	Two	0.133333333333	Three	0.133333333333	FiveAndMore	0.133333333333	AdjectiveFullForm	0.222222222222	AdjectiveShortFlectional	0.222222222222	AdjectiveShortForm	0.222222222222	NounProperNameDimin	0.0740740740741	NounProperName	0.0740740740741	NounProperGeneral	0.0740740740741	NounProperTown	0.0740740740741	NounProperSurNameFlective	0.0740740740741	NounProperPatronymic	0.0740740740741	AdjectiveProper	0.0740740740741	AbbrProperGeneral	0.0740740740741	NounProperSurNameForeign	0.0740740740741	SingulariaTantum	0.166666666667	NormalNumberParadigm	0.833333333333	FullRealization	1.0
91	107	Россией	Россией	488266	488265	Inanimate	1.0	NonReflexive	0.25	ImperfectiveReflexivity	0.25	Reflexive	0.25	FullReflexivity	0.25	NormalMorphForm	1.0	DefectOne	0.2	DefectFour	0.2	Byt	0.2	DefectThree	0.2	DefectTwo	0.2	GTNoun	1.0	NotEllipted	1.0	VocalForm	0.5	NForm	0.5	NotControlled	1.0	ZeroTypeOfCoordination	1.0	NoCompositeness	1.0	DegreeComparative	0.333333333333	DegreeSuperlative	0.333333333333	DegreePositive	0.333333333333	Adverb_With_Hyphen	0.5	Adverb_Un_Hyphen	0.5	DeclensionNominal	1.0	Un_Comp_Suf	1.0	BiAspectual	0.333333333333	MonoAspectual	0.333333333333	Paired	0.333333333333	NoSynthComparative	0.25	FullSynthComparison	0.25	OnlySuperlative	0.25	NoSynthSuperlative	0.25	MTwo	0.333333333333	MOne	0.333333333333	MThree	0.333333333333	NormalClassifyingCapitalization	1.0	Past	0.333333333333	Future	0.333333333333	Present	0.333333333333	Noun	1.0	ZeroDoubleConjunct	1.0	NotCommonChild	1.0	Instrumental	1.0	RCDemonstrative	0.111111111111	RCNegative	0.111111111111	RCNoun	0.111111111111	RCPossessive	0.111111111111	RCIndefinite	0.111111111111	RCPersonal	0.111111111111	RCReflexive	0.111111111111	RCInterrogative	0.111111111111	RCAttributive	0.111111111111	NoPlacement	1.0	Perfective	0.5	Imperfective	0.5	NotDefaultFiller	1.0	Feminine	1.0	NoLeftmostPlacement	1.0	UnIterat	0.5	Iterat	0.5	NoRightmostPlacement	1.0	NotLeftConjunct	1.0	PersonFirst	0.25	PersonThird	0.25	PersonSecond	0.25	PersonZero	0.25	Active	0.333333333333	Passive	0.333333333333	VoiceSya	0.333333333333	VerbTransitive	0.25	VerbIntransitive	0.25	VerbIntransitiveSpecial	0.25	VerbTransitiveSpecial	0.25	NotRightConjunct	1.0	NoSpecialCaseForm	1.0	NoContrast	1.0	NormalCapitalization	1.0	V_Prefixoid	0.0416666666667	POL_Prefixoid	0.0416666666667	PO_Prefixoid	0.0416666666667	Letter_Prefixoid	0.0416666666667	InternMod_Prefixoid	0.0416666666667	Chem_Prefixoid	0.0416666666667	BES_Prefixoid	0.0416666666667	Chemical_Possible	0.0416666666667	VPOL_Prefixoid	0.0416666666667	Eval_Prefixoid	0.0416666666667	InternModEr_Prefixoid	0.0416666666667	Rus_Prefixoid	0.0416666666667	Intern_ReducedPrefixoid	0.0416666666667	NI_Prefixoid	0.0416666666667	Reduced_Prefixoid	0.0416666666667	NAI_Prefixoid	0.0416666666667	Intern_Prefixoid	0.0416666666667	BEZer_Prefixoid	0.0416666666667	InternHy_Prefixoid	0.0416666666667	KOE_Prefixoid	0.0416666666667	ProperNamePrefixoid	0.0416666666667	RusHy_Prefixoid	0.0416666666667	BEZ_Prefixoid	0.0416666666667	NE_Prefixoid	0.0416666666667	ParticipleShortForm	0.5	ParticipleFullForm	0.5	Singular	1.0	Four	0.2	SevenEight	0.2	Two	0.2	Three	0.2	FiveAndMore	0.2	AdjectiveFullForm	0.333333333333	AdjectiveShortFlectional	0.333333333333	AdjectiveShortForm	0.333333333333	NounProperGeneral	1.0	SingulariaTantum	1.0	FullRealization	1.0
91	116	конфликт	конфликт	488269	488268	Inanimate	1.0	NonReflexive	0.25	ImperfectiveReflexivity	0.25	Reflexive	0.25	FullReflexivity	0.25	NormalMorphForm	1.0	DefectOne	0.2	DefectFour	0.2	Byt	0.2	DefectThree	0.2	DefectTwo	0.2	GTNoun	1.0	NotEllipted	1.0	VocalForm	0.5	NForm	0.5	NotControlled	1.0	ZeroTypeOfCoordination	1.0	NoCompositeness	1.0	DegreeComparative	0.333333333333	DegreeSuperlative	0.333333333333	DegreePositive	0.333333333333	Adverb_With_Hyphen	0.5	Adverb_Un_Hyphen	0.5	DeclensionNominal	1.0	Un_Comp_Suf	1.0	BiAspectual	0.333333333333	MonoAspectual	0.333333333333	Paired	0.333333333333	NoSynthComparative	0.25	FullSynthComparison	0.25	OnlySuperlative	0.25	NoSynthSuperlative	0.25	MTwo	0.333333333333	MOne	0.333333333333	MThree	0.333333333333	NormalClassifyingCapitalization	1.0	Past	0.333333333333	Future	0.333333333333	Present	0.333333333333	Noun	1.0	ZeroDoubleConjunct	1.0	NotCommonChild	1.0	Accusative	0.5	Nominative	0.5	RCDemonstrative	0.111111111111	RCNegative	0.111111111111	RCNoun	0.111111111111	RCPossessive	0.111111111111	RCIndefinite	0.111111111111	RCPersonal	0.111111111111	RCReflexive	0.111111111111	RCInterrogative	0.111111111111	RCAttributive	0.111111111111	NoPlacement	1.0	Perfective	0.5	Imperfective	0.5	NotDefaultFiller	1.0	Masculine	1.0	NoLeftmostPlacement	1.0	UnIterat	0.5	Iterat	0.5	NoRightmostPlacement	1.0	NotLeftConjunct	1.0	PersonFirst	0.25	PersonThird	0.25	PersonSecond	0.25	PersonZero	0.25	Active	0.333333333333	Passive	0.333333333333	VoiceSya	0.333333333333	VerbTransitive	0.25	VerbIntransitive	0.25	VerbIntransitiveSpecial	0.25	VerbTransitiveSpecial	0.25	NotRightConjunct	1.0	NoSpecialCaseForm	1.0	NoContrast	1.0	NormalCapitalization	1.0	V_Prefixoid	0.0416666666667	POL_Prefixoid	0.0416666666667	PO_Prefixoid	0.0416666666667	Letter_Prefixoid	0.0416666666667	InternMod_Prefixoid	0.0416666666667	Chem_Prefixoid	0.0416666666667	BES_Prefixoid	0.0416666666667	Chemical_Possible	0.0416666666667	VPOL_Prefixoid	0.0416666666667	Eval_Prefixoid	0.0416666666667	InternModEr_Prefixoid	0.0416666666667	Rus_Prefixoid	0.0416666666667	Intern_ReducedPrefixoid	0.0416666666667	NI_Prefixoid	0.0416666666667	Reduced_Prefixoid	0.0416666666667	NAI_Prefixoid	0.0416666666667	Intern_Prefixoid	0.0416666666667	BEZer_Prefixoid	0.0416666666667	InternHy_Prefixoid	0.0416666666667	KOE_Prefixoid	0.0416666666667	ProperNamePrefixoid	0.0416666666667	RusHy_Prefixoid	0.0416666666667	BEZ_Prefixoid	0.0416666666667	NE_Prefixoid	0.0416666666667	ParticipleShortForm	0.5	ParticipleFullForm	0.5	Singular	1.0	Four	0.2	SevenEight	0.2	Two	0.2	Three	0.2	FiveAndMore	0.2	AdjectiveFullForm	0.333333333333	AdjectiveShortFlectional	0.333333333333	AdjectiveShortForm	0.333333333333	NounProperNameDimin	0.111111111111	NounProperName	0.111111111111	NounProperGeneral	0.111111111111	NounProperTown	0.111111111111	NounProperSurNameFlective	0.111111111111	NounProperPatronymic	0.111111111111	AdjectiveProper	0.111111111111	AbbrProperGeneral	0.111111111111	NounProperSurNameForeign	0.111111111111	NormalNumberParadigm	1.0	FullRealization	1.0
91	125	с	с	488271	488270	Animate	0.166666666667	Inanimate	0.5	NonReflexive	0.166666666667	ImperfectiveReflexivity	0.166666666667	Reflexive	0.166666666667	FullReflexivity	0.166666666667	NormalMorphForm	1.0	DefectOne	0.133333333333	DefectFour	0.133333333333	Byt	0.133333333333	DefectThree	0.133333333333	DefectTwo	0.133333333333	GTInvariable	0.333333333333	GTNoun	0.333333333333	NotEllipted	1.0	VocalForm	0.333333333333	NForm	0.333333333333	NotControlled	1.0	ZeroTypeOfCoordination	1.0	Composite_ComplexNumeral	0.0238095238095	Composite_cko	0.0238095238095	NoCompositeness	0.357142857143	Composite_cki	0.0238095238095	Composite_o	0.0238095238095	Composite_NumeralFull	0.0238095238095	Composite_NumeralShort	0.0238095238095	Composite_null	0.0238095238095	Composite_iko	0.0238095238095	Composite_sko	0.0238095238095	Composite_e	0.0238095238095	Composite_Numeral	0.0238095238095	Composite_usek	0.0238095238095	Composite_ski	0.0238095238095	DegreeComparative	0.222222222222	DegreeSuperlative	0.222222222222	DegreePositive	0.222222222222	Adverb_With_Hyphen	0.333333333333	Adverb_Un_Hyphen	0.333333333333	DeclensionMixed	0.0833333333333	DeclensionAdjectival	0.0833333333333	DeclensionNominal	0.0833333333333	Indeclinable	0.416666666667	Comp_PunctuatorPref	0.0208333333333	Comp_Suffixoid_Num_IJ	0.0208333333333	Comp_PunctuatorPostSeparable	0.1875	Un_Comp_Suf	0.0208333333333	Comp_SuffixoidAbbr	0.0208333333333	Comp_Noun	0.0208333333333	Comp_Suffixoid_Num_J	0.0208333333333	Comp_PunctuatorPost	0.0208333333333	Comp_PunctuatorPrefSeparable	0.1875	Comp_Suffixoid_Num_OJ	0.0208333333333	Comp_Prefixoid	0.0208333333333	Comp_Suffixoid	0.0208333333333	Comp_Suffixoid_Chem	0.0208333333333	Comp_Suffixoid_Num_PercentYJ	0.0208333333333	Comp_Suffixoid_Num_YJ	0.0208333333333	Comp_Adj	0.0208333333333	BiAspectual	0.222222222222	MonoAspectual	0.222222222222	Paired	0.222222222222	NoSynthComparative	0.166666666667	FullSynthComparison	0.166666666667	OnlySuperlative	0.166666666667	NoSynthSuperlative	0.166666666667	MTwo	0.222222222222	MOne	0.222222222222	MThree	0.222222222222	NormalClassifyingCapitalization	1.0	Past	0.222222222222	Future	0.222222222222	Present	0.222222222222	Preposition	0.333333333333	Noun	0.333333333333	ZeroDoubleConjunct	1.0	NotCommonChild	1.0	Accusative	0.0719696969697	Prepositional	0.0719696969697	Instrumental	0.0719696969697	Dative	0.0719696969697	ZeroCase	0.030303030303	Locative	0.0719696969697	Genitive	0.0719696969697	Partitive	0.0719696969697	Nominative	0.0719696969697	DativeSpecial	0.030303030303	Vocative	0.030303030303	RCDemonstrative	0.0740740740741	RCNegative	0.0740740740741	RCNoun	0.0740740740741	RCPossessive	0.0740740740741	RCIndefinite	0.0740740740741	RCPersonal	0.0740740740741	RCReflexive	0.0740740740741	RCInterrogative	0.0740740740741	RCAttributive	0.0740740740741	NoPlacement	1.0	Perfective	0.333333333333	Imperfective	0.333333333333	NotDefaultFiller	1.0	Feminine	0.25	Common	0.0833333333333	Masculine	0.0833333333333	Neuter	0.25	NoLeftmostPlacement	1.0	UnIterat	0.333333333333	Iterat	0.333333333333	NoRightmostPlacement	1.0	NotLeftConjunct	1.0	PersonFirst	0.166666666667	PersonThird	0.166666666667	PersonSecond	0.166666666667	PersonZero	0.166666666667	Active	0.222222222222	Passive	0.222222222222	VoiceSya	0.222222222222	VerbTransitive	0.166666666667	VerbIntransitive	0.166666666667	VerbIntransitiveSpecial	0.166666666667	VerbTransitiveSpecial	0.166666666667	NotRightConjunct	1.0	Plural_consonant	0.0740740740741	Genitive_Locative_u	0.0740740740741	Locative_u	0.0740740740741	NoSpecialCaseForm	0.0740740740741	SpecialVocative	0.0740740740741	GenitivePlural_Zero	0.0740740740741	SpecialPlual	0.0740740740741	NominativePlural_a	0.0740740740741	Genitive_u	0.0740740740741	NoContrast	1.0	NormalCapitalization	1.0	V_Prefixoid	0.0277777777778	POL_Prefixoid	0.0277777777778	PO_Prefixoid	0.0277777777778	Letter_Prefixoid	0.0277777777778	InternMod_Prefixoid	0.0277777777778	Chem_Prefixoid	0.0277777777778	BES_Prefixoid	0.0277777777778	Chemical_Possible	0.0277777777778	VPOL_Prefixoid	0.0277777777778	Eval_Prefixoid	0.0277777777778	InternModEr_Prefixoid	0.0277777777778	Rus_Prefixoid	0.0277777777778	Intern_ReducedPrefixoid	0.0277777777778	NI_Prefixoid	0.0277777777778	Reduced_Prefixoid	0.0277777777778	NAI_Prefixoid	0.0277777777778	Intern_Prefixoid	0.0277777777778	BEZer_Prefixoid	0.0277777777778	InternHy_Prefixoid	0.0277777777778	KOE_Prefixoid	0.0277777777778	ProperNamePrefixoid	0.0277777777778	RusHy_Prefixoid	0.0277777777778	BEZ_Prefixoid	0.0277777777778	NE_Prefixoid	0.0277777777778	ParticipleShortForm	0.333333333333	ParticipleFullForm	0.333333333333	Plural	0.333333333333	Singular	0.333333333333	Four	0.133333333333	SevenEight	0.133333333333	Two	0.133333333333	Three	0.133333333333	FiveAndMore	0.133333333333	AdjectiveFullForm	0.222222222222	AdjectiveShortFlectional	0.222222222222	AdjectiveShortForm	0.222222222222	NounProperNameDimin	0.0740740740741	NounProperName	0.0740740740741	NounProperGeneral	0.0740740740741	NounProperTown	0.0740740740741	NounProperSurNameFlective	0.0740740740741	NounProperPatronymic	0.0740740740741	AdjectiveProper	0.0740740740741	AbbrProperGeneral	0.0740740740741	NounProperSurNameForeign	0.0740740740741	SingulariaTantum	0.166666666667	NormalNumberParadigm	0.833333333333	FullRealization	1.0
91	127	которой	которой	488270	488269	Animate	0.5	Inanimate	0.5	NonReflexive	0.25	ImperfectiveReflexivity	0.25	Reflexive	0.25	FullReflexivity	0.25	NormalMorphForm	1.0	DefectOne	0.2	DefectFour	0.2	Byt	0.2	DefectThree	0.2	DefectTwo	0.2	GTAdjectiveAttributive	1.0	NotEllipted	1.0	VocalForm	0.5	NForm	0.5	NotControlled	1.0	ZeroTypeOfCoordination	1.0	Composite_ComplexNumeral	0.0714285714286	Composite_cko	0.0714285714286	NoCompositeness	0.0714285714286	Composite_cki	0.0714285714286	Composite_o	0.0714285714286	Composite_NumeralFull	0.0714285714286	Composite_NumeralShort	0.0714285714286	Composite_null	0.0714285714286	Composite_iko	0.0714285714286	Composite_sko	0.0714285714286	Composite_e	0.0714285714286	Composite_Numeral	0.0714285714286	Composite_usek	0.0714285714286	Composite_ski	0.0714285714286	DegreeComparative	0.333333333333	DegreeSuperlative	0.333333333333	DegreePositive	0.333333333333	Adverb_With_Hyphen	0.5	Adverb_Un_Hyphen	0.5	DeclensionMixed	0.25	DeclensionAdjectival	0.25	DeclensionNominal	0.25	Indeclinable	0.25	Comp_PunctuatorPref	0.0625	Comp_Suffixoid_Num_IJ	0.0625	Comp_PunctuatorPostSeparable	0.0625	Un_Comp_Suf	0.0625	Comp_SuffixoidAbbr	0.0625	Comp_Noun	0.0625	Comp_Suffixoid_Num_J	0.0625	Comp_PunctuatorPost	0.0625	Comp_PunctuatorPrefSeparable	0.0625	Comp_Suffixoid_Num_OJ	0.0625	Comp_Prefixoid	0.0625	Comp_Suffixoid	0.0625	Comp_Suffixoid_Chem	0.0625	Comp_Suffixoid_Num_PercentYJ	0.0625	Comp_Suffixoid_Num_YJ	0.0625	Comp_Adj	0.0625	BiAspectual	0.333333333333	MonoAspectual	0.333333333333	Paired	0.333333333333	NoSynthComparative	0.25	FullSynthComparison	0.25	OnlySuperlative	0.25	NoSynthSuperlative	0.25	MTwo	0.333333333333	MOne	0.333333333333	MThree	0.333333333333	NormalClassifyingCapitalization	1.0	Past	0.333333333333	Future	0.333333333333	Present	0.333333333333	Pronoun	1.0	ZeroDoubleConjunct	1.0	NotCommonChild	1.0	Prepositional	0.166666666667	Instrumental	0.166666666667	Dative	0.166666666667	Locative	0.166666666667	Genitive	0.166666666667	Partitive	0.166666666667	RCInterrogative	1.0	NoPlacement	1.0	Perfective	0.5	Imperfective	0.5	NotDefaultFiller	1.0	Feminine	1.0	NoLeftmostPlacement	1.0	UnIterat	0.5	Iterat	0.5	NoRightmostPlacement	1.0	NotLeftConjunct	1.0	PersonFirst	0.25	PersonThird	0.25	PersonSecond	0.25	PersonZero	0.25	Active	0.333333333333	Passive	0.333333333333	VoiceSya	0.333333333333	VerbTransitive	0.25	VerbIntransitive	0.25	VerbIntransitiveSpecial	0.25	VerbTransitiveSpecial	0.25	NotRightConjunct	1.0	Plural_consonant	0.111111111111	Genitive_Locative_u	0.111111111111	Locative_u	0.111111111111	NoSpecialCaseForm	0.111111111111	SpecialVocative	0.111111111111	GenitivePlural_Zero	0.111111111111	SpecialPlual	0.111111111111	NominativePlural_a	0.111111111111	Genitive_u	0.111111111111	NoContrast	1.0	NormalCapitalization	1.0	V_Prefixoid	0.0416666666667	POL_Prefixoid	0.0416666666667	PO_Prefixoid	0.0416666666667	Letter_Prefixoid	0.0416666666667	InternMod_Prefixoid	0.0416666666667	Chem_Prefixoid	0.0416666666667	BES_Prefixoid	0.0416666666667	Chemical_Possible	0.0416666666667	VPOL_Prefixoid	0.0416666666667	Eval_Prefixoid	0.0416666666667	InternModEr_Prefixoid	0.0416666666667	Rus_Prefixoid	0.0416666666667	Intern_ReducedPrefixoid	0.0416666666667	NI_Prefixoid	0.0416666666667	Reduced_Prefixoid	0.0416666666667	NAI_Prefixoid	0.0416666666667	Intern_Prefixoid	0.0416666666667	BEZer_Prefixoid	0.0416666666667	InternHy_Prefixoid	0.0416666666667	KOE_Prefixoid	0.0416666666667	ProperNamePrefixoid	0.0416666666667	RusHy_Prefixoid	0.0416666666667	BEZ_Prefixoid	0.0416666666667	NE_Prefixoid	0.0416666666667	ParticipleShortForm	0.5	ParticipleFullForm	0.5	Singular	1.0	Four	0.2	SevenEight	0.2	Two	0.2	Three	0.2	FiveAndMore	0.2	AdjectiveFullForm	1.0	NounProperNameDimin	0.111111111111	NounProperName	0.111111111111	NounProperGeneral	0.111111111111	NounProperTown	0.111111111111	NounProperSurNameFlective	0.111111111111	NounProperPatronymic	0.111111111111	AdjectiveProper	0.111111111111	AbbrProperGeneral	0.111111111111	NounProperSurNameForeign	0.111111111111	NormalNumberParadigm	1.0	FullRealization	1.0
91	135	не	не	488272	488268	Animate	0.5	Inanimate	0.5	NonReflexive	0.25	ImperfectiveReflexivity	0.25	Reflexive	0.25	FullReflexivity	0.25	NormalMorphForm	1.0	DefectOne	0.2	DefectFour	0.2	Byt	0.2	DefectThree	0.2	DefectTwo	0.2	GTInvariable	1.0	NotEllipted	1.0	VocalForm	0.5	NForm	0.5	NotControlled	1.0	ZeroTypeOfCoordination	1.0	Composite_ComplexNumeral	0.0714285714286	Composite_cko	0.0714285714286	NoCompositeness	0.0714285714286	Composite_cki	0.0714285714286	Composite_o	0.0714285714286	Composite_NumeralFull	0.0714285714286	Composite_NumeralShort	0.0714285714286	Composite_null	0.0714285714286	Composite_iko	0.0714285714286	Composite_sko	0.0714285714286	Composite_e	0.0714285714286	Composite_Numeral	0.0714285714286	Composite_usek	0.0714285714286	Composite_ski	0.0714285714286	DegreeComparative	0.333333333333	DegreeSuperlative	0.333333333333	DegreePositive	0.333333333333	Adverb_With_Hyphen	0.5	Adverb_Un_Hyphen	0.5	DeclensionMixed	0.25	DeclensionAdjectival	0.25	DeclensionNominal	0.25	Indeclinable	0.25	Comp_PunctuatorPref	0.0625	Comp_Suffixoid_Num_IJ	0.0625	Comp_PunctuatorPostSeparable	0.0625	Un_Comp_Suf	0.0625	Comp_SuffixoidAbbr	0.0625	Comp_Noun	0.0625	Comp_Suffixoid_Num_J	0.0625	Comp_PunctuatorPost	0.0625	Comp_PunctuatorPrefSeparable	0.0625	Comp_Suffixoid_Num_OJ	0.0625	Comp_Prefixoid	0.0625	Comp_Suffixoid	0.0625	Comp_Suffixoid_Chem	0.0625	Comp_Suffixoid_Num_PercentYJ	0.0625	Comp_Suffixoid_Num_YJ	0.0625	Comp_Adj	0.0625	BiAspectual	0.333333333333	MonoAspectual	0.333333333333	Paired	0.333333333333	NoSynthComparative	0.25	FullSynthComparison	0.25	OnlySuperlative	0.25	NoSynthSuperlative	0.25	MTwo	0.333333333333	MOne	0.333333333333	MThree	0.333333333333	NormalClassifyingCapitalization	1.0	Past	0.333333333333	Future	0.333333333333	Present	0.333333333333	Particle	1.0	ZeroDoubleConjunct	1.0	NotCommonChild	1.0	Accusative	0.0909090909091	Prepositional	0.0909090909091	Instrumental	0.0909090909091	Dative	0.0909090909091	ZeroCase	0.0909090909091	Locative	0.0909090909091	Genitive	0.0909090909091	Partitive	0.0909090909091	Nominative	0.0909090909091	DativeSpecial	0.0909090909091	Vocative	0.0909090909091	RCDemonstrative	0.111111111111	RCNegative	0.111111111111	RCNoun	0.111111111111	RCPossessive	0.111111111111	RCIndefinite	0.111111111111	RCPersonal	0.111111111111	RCReflexive	0.111111111111	RCInterrogative	0.111111111111	RCAttributive	0.111111111111	NoPlacement	1.0	Perfective	0.5	Imperfective	0.5	NotDefaultFiller	1.0	Feminine	0.25	Common	0.25	Masculine	0.25	Neuter	0.25	NoLeftmostPlacement	1.0	UnIterat	0.5	Iterat	0.5	NoRightmostPlacement	1.0	NotLeftConjunct	1.0	PersonFirst	0.25	PersonThird	0.25	PersonSecond	0.25	PersonZero	0.25	Active	0.333333333333	Passive	0.333333333333	VoiceSya	0.333333333333	VerbTransitive	0.25	VerbIntransitive	0.25	VerbIntransitiveSpecial	0.25	VerbTransitiveSpecial	0.25	NotRightConjunct	1.0	Plural_consonant	0.111111111111	Genitive_Locative_u	0.111111111111	Locative_u	0.111111111111	NoSpecialCaseForm	0.111111111111	SpecialVocative	0.111111111111	GenitivePlural_Zero	0.111111111111	SpecialPlual	0.111111111111	NominativePlural_a	0.111111111111	Genitive_u	0.111111111111	NoContrast	1.0	NormalCapitalization	1.0	V_Prefixoid	0.0416666666667	POL_Prefixoid	0.0416666666667	PO_Prefixoid	0.0416666666667	Letter_Prefixoid	0.0416666666667	InternMod_Prefixoid	0.0416666666667	Chem_Prefixoid	0.0416666666667	BES_Prefixoid	0.0416666666667	Chemical_Possible	0.0416666666667	VPOL_Prefixoid	0.0416666666667	Eval_Prefixoid	0.0416666666667	InternModEr_Prefixoid	0.0416666666667	Rus_Prefixoid	0.0416666666667	Intern_ReducedPrefixoid	0.0416666666667	NI_Prefixoid	0.0416666666667	Reduced_Prefixoid	0.0416666666667	NAI_Prefixoid	0.0416666666667	Intern_Prefixoid	0.0416666666667	BEZer_Prefixoid	0.0416666666667	InternHy_Prefixoid	0.0416666666667	KOE_Prefixoid	0.0416666666667	ProperNamePrefixoid	0.0416666666667	RusHy_Prefixoid	0.0416666666667	BEZ_Prefixoid	0.0416666666667	NE_Prefixoid	0.0416666666667	ParticipleShortForm	0.5	ParticipleFullForm	0.5	Plural	0.5	Singular	0.5	Four	0.2	SevenEight	0.2	Two	0.2	Three	0.2	FiveAndMore	0.2	AdjectiveFullForm	0.333333333333	AdjectiveShortFlectional	0.333333333333	AdjectiveShortForm	0.333333333333	NounProperNameDimin	0.111111111111	NounProperName	0.111111111111	NounProperGeneral	0.111111111111	NounProperTown	0.111111111111	NounProperSurNameFlective	0.111111111111	NounProperPatronymic	0.111111111111	AdjectiveProper	0.111111111111	AbbrProperGeneral	0.111111111111	NounProperSurNameForeign	0.111111111111	NormalNumberParadigm	1.0	FullRealization	1.0
91	138	входит	входит	488268	488266	Animate	0.5	Inanimate	0.5	NonReflexive	1.0	NormalMorphForm	1.0	DefectOne	0.2	DefectFour	0.2	Byt	0.2	DefectThree	0.2	DefectTwo	0.2	GTVerb	1.0	NotEllipted	1.0	VocalForm	0.5	NForm	0.5	NotControlled	1.0	ZeroTypeOfCoordination	1.0	Composite_ComplexNumeral	0.0714285714286	Composite_cko	0.0714285714286	NoCompositeness	0.0714285714286	Composite_cki	0.0714285714286	Composite_o	0.0714285714286	Composite_NumeralFull	0.0714285714286	Composite_NumeralShort	0.0714285714286	Composite_null	0.0714285714286	Composite_iko	0.0714285714286	Composite_sko	0.0714285714286	Composite_e	0.0714285714286	Composite_Numeral	0.0714285714286	Composite_usek	0.0714285714286	Composite_ski	0.0714285714286	DegreeComparative	0.333333333333	DegreeSuperlative	0.333333333333	DegreePositive	0.333333333333	Adverb_With_Hyphen	0.5	Adverb_Un_Hyphen	0.5	DeclensionMixed	0.25	DeclensionAdjectival	0.25	DeclensionNominal	0.25	Indeclinable	0.25	Comp_PunctuatorPref	0.0625	Comp_Suffixoid_Num_IJ	0.0625	Comp_PunctuatorPostSeparable	0.0625	Un_Comp_Suf	0.0625	Comp_SuffixoidAbbr	0.0625	Comp_Noun	0.0625	Comp_Suffixoid_Num_J	0.0625	Comp_PunctuatorPost	0.0625	Comp_PunctuatorPrefSeparable	0.0625	Comp_Suffixoid_Num_OJ	0.0625	Comp_Prefixoid	0.0625	Comp_Suffixoid	0.0625	Comp_Suffixoid_Chem	0.0625	Comp_Suffixoid_Num_PercentYJ	0.0625	Comp_Suffixoid_Num_YJ	0.0625	Comp_Adj	0.0625	Paired	1.0	NoSynthComparative	0.25	FullSynthComparison	0.25	OnlySuperlative	0.25	NoSynthSuperlative	0.25	MTwo	0.333333333333	MOne	0.333333333333	MThree	0.333333333333	NormalClassifyingCapitalization	1.0	Present	1.0	Verb	1.0	ZeroDoubleConjunct	1.0	NotCommonChild	1.0	Accusative	0.0909090909091	Prepositional	0.0909090909091	Instrumental	0.0909090909091	Dative	0.0909090909091	ZeroCase	0.0909090909091	Locative	0.0909090909091	Genitive	0.0909090909091	Partitive	0.0909090909091	Nominative	0.0909090909091	DativeSpecial	0.0909090909091	Vocative	0.0909090909091	RCDemonstrative	0.111111111111	RCNegative	0.111111111111	RCNoun	0.111111111111	RCPossessive	0.111111111111	RCIndefinite	0.111111111111	RCPersonal	0.111111111111	RCReflexive	0.111111111111	RCInterrogative	0.111111111111	RCAttributive	0.111111111111	NoPlacement	1.0	Imperfective	1.0	NotDefaultFiller	1.0	Feminine	0.25	Common	0.25	Masculine	0.25	Neuter	0.25	NoLeftmostPlacement	1.0	UnIterat	1.0	NoRightmostPlacement	1.0	NotLeftConjunct	1.0	PersonThird	1.0	Active	1.0	VerbIntransitive	1.0	NotRightConjunct	1.0	Plural_consonant	0.111111111111	Genitive_Locative_u	0.111111111111	Locative_u	0.111111111111	NoSpecialCaseForm	0.111111111111	SpecialVocative	0.111111111111	GenitivePlural_Zero	0.111111111111	SpecialPlual	0.111111111111	NominativePlural_a	0.111111111111	Genitive_u	0.111111111111	NoContrast	1.0	NormalCapitalization	1.0	V_Prefixoid	0.0416666666667	POL_Prefixoid	0.0416666666667	PO_Prefixoid	0.0416666666667	Letter_Prefixoid	0.0416666666667	InternMod_Prefixoid	0.0416666666667	Chem_Prefixoid	0.0416666666667	BES_Prefixoid	0.0416666666667	Chemical_Possible	0.0416666666667	VPOL_Prefixoid	0.0416666666667	Eval_Prefixoid	0.0416666666667	InternModEr_Prefixoid	0.0416666666667	Rus_Prefixoid	0.0416666666667	Intern_ReducedPrefixoid	0.0416666666667	NI_Prefixoid	0.0416666666667	Reduced_Prefixoid	0.0416666666667	NAI_Prefixoid	0.0416666666667	Intern_Prefixoid	0.0416666666667	BEZer_Prefixoid	0.0416666666667	InternHy_Prefixoid	0.0416666666667	KOE_Prefixoid	0.0416666666667	ProperNamePrefixoid	0.0416666666667	RusHy_Prefixoid	0.0416666666667	BEZ_Prefixoid	0.0416666666667	NE_Prefixoid	0.0416666666667	ParticipleShortForm	0.5	ParticipleFullForm	0.5	Singular	1.0	Four	0.2	SevenEight	0.2	Two	0.2	Three	0.2	FiveAndMore	0.2	AdjectiveFullForm	0.333333333333	AdjectiveShortFlectional	0.333333333333	AdjectiveShortForm	0.333333333333	NounProperNameDimin	0.111111111111	NounProperName	0.111111111111	NounProperGeneral	0.111111111111	NounProperTown	0.111111111111	NounProperSurNameFlective	0.111111111111	NounProperPatronymic	0.111111111111	AdjectiveProper	0.111111111111	AbbrProperGeneral	0.111111111111	NounProperSurNameForeign	0.111111111111	NormalNumberParadigm	1.0	FullRealization	1.0
91	145	в	в	488274	488273	Animate	0.25	Inanimate	0.75	NonReflexive	0.25	ImperfectiveReflexivity	0.25	Reflexive	0.25	FullReflexivity	0.25	NormalMorphForm	1.0	DefectOne	0.2	DefectFour	0.2	Byt	0.2	DefectThree	0.2	DefectTwo	0.2	GTInvariable	0.5	GTNoun	0.5	NotEllipted	1.0	VocalForm	0.5	NForm	0.5	NotControlled	1.0	ZeroTypeOfCoordination	1.0	Composite_ComplexNumeral	0.0357142857143	Composite_cko	0.0357142857143	NoCompositeness	0.535714285714	Composite_cki	0.0357142857143	Composite_o	0.0357142857143	Composite_NumeralFull	0.0357142857143	Composite_NumeralShort	0.0357142857143	Composite_null	0.0357142857143	Composite_iko	0.0357142857143	Composite_sko	0.0357142857143	Composite_e	0.0357142857143	Composite_Numeral	0.0357142857143	Composite_usek	0.0357142857143	Composite_ski	0.0357142857143	DegreeComparative	0.333333333333	DegreeSuperlative	0.333333333333	DegreePositive	0.333333333333	Adverb_With_Hyphen	0.5	Adverb_Un_Hyphen	0.5	DeclensionMixed	0.125	DeclensionAdjectival	0.125	DeclensionNominal	0.125	Indeclinable	0.625	Comp_PunctuatorPref	0.03125	Comp_Suffixoid_Num_IJ	0.03125	Comp_PunctuatorPostSeparable	0.53125	Un_Comp_Suf	0.03125	Comp_SuffixoidAbbr	0.03125	Comp_Noun	0.03125	Comp_Suffixoid_Num_J	0.03125	Comp_PunctuatorPost	0.03125	Comp_PunctuatorPrefSeparable	0.03125	Comp_Suffixoid_Num_OJ	0.03125	Comp_Prefixoid	0.03125	Comp_Suffixoid	0.03125	Comp_Suffixoid_Chem	0.03125	Comp_Suffixoid_Num_PercentYJ	0.03125	Comp_Suffixoid_Num_YJ	0.03125	Comp_Adj	0.03125	BiAspectual	0.333333333333	MonoAspectual	0.333333333333	Paired	0.333333333333	NoSynthComparative	0.25	FullSynthComparison	0.25	OnlySuperlative	0.25	NoSynthSuperlative	0.25	MTwo	0.333333333333	MOne	0.333333333333	MThree	0.333333333333	NormalClassifyingCapitalization	1.0	Past	0.333333333333	Future	0.333333333333	Present	0.333333333333	Preposition	0.5	Noun	0.5	ZeroDoubleConjunct	1.0	NotCommonChild	1.0	Accusative	0.107954545455	Prepositional	0.107954545455	Instrumental	0.107954545455	Dative	0.107954545455	ZeroCase	0.0454545454545	Locative	0.107954545455	Genitive	0.107954545455	Partitive	0.107954545455	Nominative	0.107954545455	DativeSpecial	0.0454545454545	Vocative	0.0454545454545	RCDemonstrative	0.111111111111	RCNegative	0.111111111111	RCNoun	0.111111111111	RCPossessive	0.111111111111	RCIndefinite	0.111111111111	RCPersonal	0.111111111111	RCReflexive	0.111111111111	RCInterrogative	0.111111111111	RCAttributive	0.111111111111	NoPlacement	1.0	Perfective	0.5	Imperfective	0.5	NotDefaultFiller	1.0	Feminine	0.125	Common	0.125	Masculine	0.625	Neuter	0.125	NoLeftmostPlacement	1.0	UnIterat	0.5	Iterat	0.5	NoRightmostPlacement	1.0	NotLeftConjunct	1.0	PersonFirst	0.25	PersonThird	0.25	PersonSecond	0.25	PersonZero	0.25	Active	0.333333333333	Passive	0.333333333333	VoiceSya	0.333333333333	VerbTransitive	0.25	VerbIntransitive	0.25	VerbIntransitiveSpecial	0.25	VerbTransitiveSpecial	0.25	NotRightConjunct	1.0	Plural_consonant	0.111111111111	Genitive_Locative_u	0.111111111111	Locative_u	0.111111111111	NoSpecialCaseForm	0.111111111111	SpecialVocative	0.111111111111	GenitivePlural_Zero	0.111111111111	SpecialPlual	0.111111111111	NominativePlural_a	0.111111111111	Genitive_u	0.111111111111	NoContrast	1.0	NormalCapitalization	1.0	V_Prefixoid	0.0416666666667	POL_Prefixoid	0.0416666666667	PO_Prefixoid	0.0416666666667	Letter_Prefixoid	0.0416666666667	InternMod_Prefixoid	0.0416666666667	Chem_Prefixoid	0.0416666666667	BES_Prefixoid	0.0416666666667	Chemical_Possible	0.0416666666667	VPOL_Prefixoid	0.0416666666667	Eval_Prefixoid	0.0416666666667	InternModEr_Prefixoid	0.0416666666667	Rus_Prefixoid	0.0416666666667	Intern_ReducedPrefixoid	0.0416666666667	NI_Prefixoid	0.0416666666667	Reduced_Prefixoid	0.0416666666667	NAI_Prefixoid	0.0416666666667	Intern_Prefixoid	0.0416666666667	BEZer_Prefixoid	0.0416666666667	InternHy_Prefixoid	0.0416666666667	KOE_Prefixoid	0.0416666666667	ProperNamePrefixoid	0.0416666666667	RusHy_Prefixoid	0.0416666666667	BEZ_Prefixoid	0.0416666666667	NE_Prefixoid	0.0416666666667	ParticipleShortForm	0.5	ParticipleFullForm	0.5	Plural	0.5	Singular	0.5	Four	0.2	SevenEight	0.2	Two	0.2	Three	0.2	FiveAndMore	0.2	AdjectiveFullForm	0.333333333333	AdjectiveShortFlectional	0.333333333333	AdjectiveShortForm	0.333333333333	NounProperNameDimin	0.111111111111	NounProperName	0.111111111111	NounProperGeneral	0.111111111111	NounProperTown	0.111111111111	NounProperSurNameFlective	0.111111111111	NounProperPatronymic	0.111111111111	AdjectiveProper	0.111111111111	AbbrProperGeneral	0.111111111111	NounProperSurNameForeign	0.111111111111	NormalNumberParadigm	1.0	FullRealization	1.0
91	147	интересы	интересы	488273	488268	Inanimate	1.0	NonReflexive	0.25	ImperfectiveReflexivity	0.25	Reflexive	0.25	FullReflexivity	0.25	NormalMorphForm	1.0	DefectOne	0.2	DefectFour	0.2	Byt	0.2	DefectThree	0.2	DefectTwo	0.2	GTNoun	1.0	NotEllipted	1.0	VocalForm	0.5	NForm	0.5	NotControlled	1.0	ZeroTypeOfCoordination	1.0	NoCompositeness	1.0	DegreeComparative	0.333333333333	DegreeSuperlative	0.333333333333	DegreePositive	0.333333333333	Adverb_With_Hyphen	0.5	Adverb_Un_Hyphen	0.5	DeclensionNominal	1.0	Un_Comp_Suf	1.0	BiAspectual	0.333333333333	MonoAspectual	0.333333333333	Paired	0.333333333333	NoSynthComparative	0.25	FullSynthComparison	0.25	OnlySuperlative	0.25	NoSynthSuperlative	0.25	MTwo	0.333333333333	MOne	0.333333333333	MThree	0.333333333333	NormalClassifyingCapitalization	1.0	Past	0.333333333333	Future	0.333333333333	Present	0.333333333333	Noun	1.0	ZeroDoubleConjunct	1.0	NotCommonChild	1.0	Accusative	0.5	Nominative	0.5	RCDemonstrative	0.111111111111	RCNegative	0.111111111111	RCNoun	0.111111111111	RCPossessive	0.111111111111	RCIndefinite	0.111111111111	RCPersonal	0.111111111111	RCReflexive	0.111111111111	RCInterrogative	0.111111111111	RCAttributive	0.111111111111	NoPlacement	1.0	Perfective	0.5	Imperfective	0.5	NotDefaultFiller	1.0	Masculine	1.0	NoLeftmostPlacement	1.0	UnIterat	0.5	Iterat	0.5	NoRightmostPlacement	1.0	NotLeftConjunct	1.0	PersonFirst	0.25	PersonThird	0.25	PersonSecond	0.25	PersonZero	0.25	Active	0.333333333333	Passive	0.333333333333	VoiceSya	0.333333333333	VerbTransitive	0.25	VerbIntransitive	0.25	VerbIntransitiveSpecial	0.25	VerbTransitiveSpecial	0.25	NotRightConjunct	1.0	NoSpecialCaseForm	1.0	NoContrast	1.0	NormalCapitalization	1.0	V_Prefixoid	0.0416666666667	POL_Prefixoid	0.0416666666667	PO_Prefixoid	0.0416666666667	Letter_Prefixoid	0.0416666666667	InternMod_Prefixoid	0.0416666666667	Chem_Prefixoid	0.0416666666667	BES_Prefixoid	0.0416666666667	Chemical_Possible	0.0416666666667	VPOL_Prefixoid	0.0416666666667	Eval_Prefixoid	0.0416666666667	InternModEr_Prefixoid	0.0416666666667	Rus_Prefixoid	0.0416666666667	Intern_ReducedPrefixoid	0.0416666666667	NI_Prefixoid	0.0416666666667	Reduced_Prefixoid	0.0416666666667	NAI_Prefixoid	0.0416666666667	Intern_Prefixoid	0.0416666666667	BEZer_Prefixoid	0.0416666666667	InternHy_Prefixoid	0.0416666666667	KOE_Prefixoid	0.0416666666667	ProperNamePrefixoid	0.0416666666667	RusHy_Prefixoid	0.0416666666667	BEZ_Prefixoid	0.0416666666667	NE_Prefixoid	0.0416666666667	ParticipleShortForm	0.5	ParticipleFullForm	0.5	Plural	1.0	Four	0.2	SevenEight	0.2	Two	0.2	Three	0.2	FiveAndMore	0.2	AdjectiveFullForm	0.333333333333	AdjectiveShortFlectional	0.333333333333	AdjectiveShortForm	0.333333333333	NounProperNameDimin	0.111111111111	NounProperName	0.111111111111	NounProperGeneral	0.111111111111	NounProperTown	0.111111111111	NounProperSurNameFlective	0.111111111111	NounProperPatronymic	0.111111111111	AdjectiveProper	0.111111111111	AbbrProperGeneral	0.111111111111	NounProperSurNameForeign	0.111111111111	NormalNumberParadigm	1.0	FullRealization	1.0
91	156	Польши	Польши	488275	488273	Inanimate	1.0	NonReflexive	0.25	ImperfectiveReflexivity	0.25	Reflexive	0.25	FullReflexivity	0.25	NormalMorphForm	1.0	DefectOne	0.2	DefectFour	0.2	Byt	0.2	DefectThree	0.2	DefectTwo	0.2	GTNoun	1.0	NotEllipted	1.0	VocalForm	0.5	NForm	0.5	NotControlled	1.0	ZeroTypeOfCoordination	1.0	NoCompositeness	1.0	DegreeComparative	0.333333333333	DegreeSuperlative	0.333333333333	DegreePositive	0.333333333333	Adverb_With_Hyphen	0.5	Adverb_Un_Hyphen	0.5	DeclensionNominal	1.0	Un_Comp_Suf	1.0	BiAspectual	0.333333333333	MonoAspectual	0.333333333333	Paired	0.333333333333	NoSynthComparative	0.25	FullSynthComparison	0.25	OnlySuperlative	0.25	NoSynthSuperlative	0.25	MTwo	0.333333333333	MOne	0.333333333333	MThree	0.333333333333	NormalClassifyingCapitalization	1.0	Past	0.333333333333	Future	0.333333333333	Present	0.333333333333	Noun	1.0	ZeroDoubleConjunct	1.0	NotCommonChild	1.0	Genitive	0.5	Partitive	0.5	RCDemonstrative	0.111111111111	RCNegative	0.111111111111	RCNoun	0.111111111111	RCPossessive	0.111111111111	RCIndefinite	0.111111111111	RCPersonal	0.111111111111	RCReflexive	0.111111111111	RCInterrogative	0.111111111111	RCAttributive	0.111111111111	NoPlacement	1.0	Perfective	0.5	Imperfective	0.5	NotDefaultFiller	1.0	Feminine	1.0	NoLeftmostPlacement	1.0	UnIterat	0.5	Iterat	0.5	NoRightmostPlacement	1.0	NotLeftConjunct	1.0	PersonFirst	0.25	PersonThird	0.25	PersonSecond	0.25	PersonZero	0.25	Active	0.333333333333	Passive	0.333333333333	VoiceSya	0.333333333333	VerbTransitive	0.25	VerbIntransitive	0.25	VerbIntransitiveSpecial	0.25	VerbTransitiveSpecial	0.25	NotRightConjunct	1.0	NoSpecialCaseForm	1.0	NoContrast	1.0	NormalCapitalization	1.0	V_Prefixoid	0.0416666666667	POL_Prefixoid	0.0416666666667	PO_Prefixoid	0.0416666666667	Letter_Prefixoid	0.0416666666667	InternMod_Prefixoid	0.0416666666667	Chem_Prefixoid	0.0416666666667	BES_Prefixoid	0.0416666666667	Chemical_Possible	0.0416666666667	VPOL_Prefixoid	0.0416666666667	Eval_Prefixoid	0.0416666666667	InternModEr_Prefixoid	0.0416666666667	Rus_Prefixoid	0.0416666666667	Intern_ReducedPrefixoid	0.0416666666667	NI_Prefixoid	0.0416666666667	Reduced_Prefixoid	0.0416666666667	NAI_Prefixoid	0.0416666666667	Intern_Prefixoid	0.0416666666667	BEZer_Prefixoid	0.0416666666667	InternHy_Prefixoid	0.0416666666667	KOE_Prefixoid	0.0416666666667	ProperNamePrefixoid	0.0416666666667	RusHy_Prefixoid	0.0416666666667	BEZ_Prefixoid	0.0416666666667	NE_Prefixoid	0.0416666666667	ParticipleShortForm	0.5	ParticipleFullForm	0.5	Singular	1.0	Four	0.2	SevenEight	0.2	Two	0.2	Three	0.2	FiveAndMore	0.2	AdjectiveFullForm	0.333333333333	AdjectiveShortFlectional	0.333333333333	AdjectiveShortForm	0.333333333333	NounProperGeneral	1.0	SingulariaTantum	1.0	FullRealization	1.0
95	0	В	В	488282	488281	Animate	0.125	Inanimate	0.625	NonReflexive	0.1875	ImperfectiveReflexivity	0.1875	Reflexive	0.1875	FullReflexivity	0.1875	NormalMorphForm	1.0	DefectOne	0.15	DefectFour	0.15	Byt	0.15	DefectThree	0.15	DefectTwo	0.15	GTInvariable	0.25	GTNoun	0.5	NotEllipted	1.0	VocalForm	0.375	NForm	0.375	NotControlled	1.0	ZeroTypeOfCoordination	1.0	Composite_ComplexNumeral	0.0178571428571	Composite_cko	0.0178571428571	NoCompositeness	0.517857142857	Composite_cki	0.0178571428571	Composite_o	0.0178571428571	Composite_NumeralFull	0.0178571428571	Composite_NumeralShort	0.0178571428571	Composite_null	0.0178571428571	Composite_iko	0.0178571428571	Composite_sko	0.0178571428571	Composite_e	0.0178571428571	Composite_Numeral	0.0178571428571	Composite_usek	0.0178571428571	Composite_ski	0.0178571428571	DegreeComparative	0.25	DegreeSuperlative	0.25	DegreePositive	0.25	Adverb_With_Hyphen	0.375	Adverb_Un_Hyphen	0.375	DeclensionMixed	0.0625	DeclensionAdjectival	0.0625	DeclensionNominal	0.0625	Indeclinable	0.5625	Comp_PunctuatorPref	0.015625	Comp_Suffixoid_Num_IJ	0.015625	Comp_PunctuatorPostSeparable	0.515625	Un_Comp_Suf	0.015625	Comp_SuffixoidAbbr	0.015625	Comp_Noun	0.015625	Comp_Suffixoid_Num_J	0.015625	Comp_PunctuatorPost	0.015625	Comp_PunctuatorPrefSeparable	0.015625	Comp_Suffixoid_Num_OJ	0.015625	Comp_Prefixoid	0.015625	Comp_Suffixoid	0.015625	Comp_Suffixoid_Chem	0.015625	Comp_Suffixoid_Num_PercentYJ	0.015625	Comp_Suffixoid_Num_YJ	0.015625	Comp_Adj	0.015625	BiAspectual	0.25	MonoAspectual	0.25	Paired	0.25	NoSynthComparative	0.1875	FullSynthComparison	0.1875	OnlySuperlative	0.1875	NoSynthSuperlative	0.1875	MTwo	0.25	MOne	0.25	MThree	0.25	NormalClassifyingCapitalization	1.0	Past	0.25	Future	0.25	Present	0.25	Preposition	0.25	Noun	0.5	ZeroDoubleConjunct	1.0	NotCommonChild	1.0	Accusative	0.0852272727273	Prepositional	0.0852272727273	Instrumental	0.0852272727273	Dative	0.0852272727273	ZeroCase	0.0227272727273	Locative	0.0852272727273	Genitive	0.0852272727273	Partitive	0.0852272727273	Nominative	0.0852272727273	DativeSpecial	0.0227272727273	Vocative	0.0227272727273	RCDemonstrative	0.0833333333333	RCNegative	0.0833333333333	RCNoun	0.0833333333333	RCPossessive	0.0833333333333	RCIndefinite	0.0833333333333	RCPersonal	0.0833333333333	RCReflexive	0.0833333333333	RCInterrogative	0.0833333333333	RCAttributive	0.0833333333333	NoPlacement	1.0	Perfective	0.375	Imperfective	0.375	NotDefaultFiller	1.0	Feminine	0.125	Common	0.125	Masculine	0.375	Neuter	0.125	NoLeftmostPlacement	1.0	UnIterat	0.375	Iterat	0.375	NoRightmostPlacement	1.0	NotLeftConjunct	1.0	PersonFirst	0.1875	PersonThird	0.1875	PersonSecond	0.1875	PersonZero	0.1875	Active	0.25	Passive	0.25	VoiceSya	0.25	VerbTransitive	0.1875	VerbIntransitive	0.1875	VerbIntransitiveSpecial	0.1875	VerbTransitiveSpecial	0.1875	NotRightConjunct	1.0	Plural_consonant	0.0833333333333	Genitive_Locative_u	0.0833333333333	Locative_u	0.0833333333333	NoSpecialCaseForm	0.0833333333333	SpecialVocative	0.0833333333333	GenitivePlural_Zero	0.0833333333333	SpecialPlual	0.0833333333333	NominativePlural_a	0.0833333333333	Genitive_u	0.0833333333333	NoContrast	1.0	NormalCapitalization	1.0	V_Prefixoid	0.03125	POL_Prefixoid	0.03125	PO_Prefixoid	0.03125	Letter_Prefixoid	0.03125	InternMod_Prefixoid	0.03125	Chem_Prefixoid	0.03125	BES_Prefixoid	0.03125	Chemical_Possible	0.03125	VPOL_Prefixoid	0.03125	Eval_Prefixoid	0.03125	InternModEr_Prefixoid	0.03125	Rus_Prefixoid	0.03125	Intern_ReducedPrefixoid	0.03125	NI_Prefixoid	0.03125	Reduced_Prefixoid	0.03125	NAI_Prefixoid	0.03125	Intern_Prefixoid	0.03125	BEZer_Prefixoid	0.03125	InternHy_Prefixoid	0.03125	KOE_Prefixoid	0.03125	ProperNamePrefixoid	0.03125	RusHy_Prefixoid	0.03125	BEZ_Prefixoid	0.03125	NE_Prefixoid	0.03125	ParticipleShortForm	0.375	ParticipleFullForm	0.375	Plural	0.375	Singular	0.375	Four	0.15	SevenEight	0.15	Two	0.15	Three	0.15	FiveAndMore	0.15	AdjectiveFullForm	0.25	AdjectiveShortFlectional	0.25	AdjectiveShortForm	0.25	NounProperNameDimin	0.0833333333333	NounProperName	0.0833333333333	NounProperGeneral	0.0833333333333	NounProperTown	0.0833333333333	NounProperSurNameFlective	0.0833333333333	NounProperPatronymic	0.0833333333333	AdjectiveProper	0.0833333333333	AbbrProperGeneral	0.0833333333333	NounProperSurNameForeign	0.0833333333333	NormalNumberParadigm	1.0	FullRealization	1.0
95	2	сентябре	сентябре	488281	488280	Inanimate	1.0	NonReflexive	0.25	ImperfectiveReflexivity	0.25	Reflexive	0.25	FullReflexivity	0.25	NormalMorphForm	1.0	DefectOne	0.2	DefectFour	0.2	Byt	0.2	DefectThree	0.2	DefectTwo	0.2	GTNoun	1.0	NotEllipted	1.0	VocalForm	0.5	NForm	0.5	NotControlled	1.0	ZeroTypeOfCoordination	1.0	NoCompositeness	1.0	DegreeComparative	0.333333333333	DegreeSuperlative	0.333333333333	DegreePositive	0.333333333333	Adverb_With_Hyphen	0.5	Adverb_Un_Hyphen	0.5	DeclensionNominal	1.0	Un_Comp_Suf	1.0	BiAspectual	0.333333333333	MonoAspectual	0.333333333333	Paired	0.333333333333	NoSynthComparative	0.25	FullSynthComparison	0.25	OnlySuperlative	0.25	NoSynthSuperlative	0.25	MTwo	0.333333333333	MOne	0.333333333333	MThree	0.333333333333	NormalClassifyingCapitalization	1.0	Past	0.333333333333	Future	0.333333333333	Present	0.333333333333	Noun	1.0	ZeroDoubleConjunct	1.0	NotCommonChild	1.0	Prepositional	0.5	Locative	0.5	RCDemonstrative	0.111111111111	RCNegative	0.111111111111	RCNoun	0.111111111111	RCPossessive	0.111111111111	RCIndefinite	0.111111111111	RCPersonal	0.111111111111	RCReflexive	0.111111111111	RCInterrogative	0.111111111111	RCAttributive	0.111111111111	NoPlacement	1.0	Perfective	0.5	Imperfective	0.5	NotDefaultFiller	1.0	Masculine	1.0	NoLeftmostPlacement	1.0	UnIterat	0.5	Iterat	0.5	NoRightmostPlacement	1.0	NotLeftConjunct	1.0	PersonFirst	0.25	PersonThird	0.25	PersonSecond	0.25	PersonZero	0.25	Active	0.333333333333	Passive	0.333333333333	VoiceSya	0.333333333333	VerbTransitive	0.25	VerbIntransitive	0.25	VerbIntransitiveSpecial	0.25	VerbTransitiveSpecial	0.25	NotRightConjunct	1.0	NoSpecialCaseForm	1.0	NoContrast	1.0	NormalCapitalization	1.0	V_Prefixoid	0.0416666666667	POL_Prefixoid	0.0416666666667	PO_Prefixoid	0.0416666666667	Letter_Prefixoid	0.0416666666667	InternMod_Prefixoid	0.0416666666667	Chem_Prefixoid	0.0416666666667	BES_Prefixoid	0.0416666666667	Chemical_Possible	0.0416666666667	VPOL_Prefixoid	0.0416666666667	Eval_Prefixoid	0.0416666666667	InternModEr_Prefixoid	0.0416666666667	Rus_Prefixoid	0.0416666666667	Intern_ReducedPrefixoid	0.0416666666667	NI_Prefixoid	0.0416666666667	Reduced_Prefixoid	0.0416666666667	NAI_Prefixoid	0.0416666666667	Intern_Prefixoid	0.0416666666667	BEZer_Prefixoid	0.0416666666667	InternHy_Prefixoid	0.0416666666667	KOE_Prefixoid	0.0416666666667	ProperNamePrefixoid	0.0416666666667	RusHy_Prefixoid	0.0416666666667	BEZ_Prefixoid	0.0416666666667	NE_Prefixoid	0.0416666666667	ParticipleShortForm	0.5	ParticipleFullForm	0.5	Singular	1.0	Four	0.2	SevenEight	0.2	Two	0.2	Three	0.2	FiveAndMore	0.2	AdjectiveFullForm	0.333333333333	AdjectiveShortFlectional	0.333333333333	AdjectiveShortForm	0.333333333333	NounProperNameDimin	0.111111111111	NounProperName	0.111111111111	NounProperGeneral	0.111111111111	NounProperTown	0.111111111111	NounProperSurNameFlective	0.111111111111	NounProperPatronymic	0.111111111111	AdjectiveProper	0.111111111111	AbbrProperGeneral	0.111111111111	NounProperSurNameForeign	0.111111111111	NormalNumberParadigm	1.0	FullRealization	1.0
95	11	2009	2009	488284	488283	ZeroTypeOfCoordination	1.0	NoPlacement	1.0	NormalCapitalization	1.0	NotDefaultFiller	1.0	NoContrast	1.0	NoLeftmostPlacement	1.0	FullRealization	1.0	NoRightmostPlacement	1.0	NormalNumberParadigm	1.0	NotLeftConjunct	1.0	NormalClassifyingCapitalization	1.0	ZeroDoubleConjunct	1.0	NotCommonChild	1.0	NotEllipted	1.0	NormalMorphForm	1.0	NotControlled	1.0	NotRightConjunct	1.0
95	16	года	года	488283	488281	Inanimate	1.0	NonReflexive	0.25	ImperfectiveReflexivity	0.25	Reflexive	0.25	FullReflexivity	0.25	NormalMorphForm	1.0	DefectOne	0.2	DefectFour	0.2	Byt	0.2	DefectThree	0.2	DefectTwo	0.2	GTNoun	1.0	NotEllipted	1.0	VocalForm	0.5	NForm	0.5	NotControlled	1.0	ZeroTypeOfCoordination	1.0	NoCompositeness	1.0	DegreeComparative	0.333333333333	DegreeSuperlative	0.333333333333	DegreePositive	0.333333333333	Adverb_With_Hyphen	0.5	Adverb_Un_Hyphen	0.5	DeclensionNominal	1.0	Un_Comp_Suf	1.0	BiAspectual	0.333333333333	MonoAspectual	0.333333333333	Paired	0.333333333333	NoSynthComparative	0.25	FullSynthComparison	0.25	OnlySuperlative	0.25	NoSynthSuperlative	0.25	MTwo	0.333333333333	MOne	0.333333333333	MThree	0.333333333333	NormalClassifyingCapitalization	1.0	Past	0.333333333333	Future	0.333333333333	Present	0.333333333333	Noun	1.0	ZeroDoubleConjunct	1.0	NotCommonChild	1.0	Accusative	0.416666666667	Genitive	0.166666666667	Nominative	0.416666666667	RCDemonstrative	0.111111111111	RCNegative	0.111111111111	RCNoun	0.111111111111	RCPossessive	0.111111111111	RCIndefinite	0.111111111111	RCPersonal	0.111111111111	RCReflexive	0.111111111111	RCInterrogative	0.111111111111	RCAttributive	0.111111111111	NoPlacement	1.0	Perfective	0.5	Imperfective	0.5	NotDefaultFiller	1.0	Masculine	1.0	NoLeftmostPlacement	1.0	UnIterat	0.5	Iterat	0.5	NoRightmostPlacement	1.0	NotLeftConjunct	1.0	PersonFirst	0.25	PersonThird	0.25	PersonSecond	0.25	PersonZero	0.25	Active	0.333333333333	Passive	0.333333333333	VoiceSya	0.333333333333	VerbTransitive	0.25	VerbIntransitive	0.25	VerbIntransitiveSpecial	0.25	VerbTransitiveSpecial	0.25	NotRightConjunct	1.0	NoSpecialCaseForm	1.0	NoContrast	1.0	NormalCapitalization	1.0	V_Prefixoid	0.0416666666667	POL_Prefixoid	0.0416666666667	PO_Prefixoid	0.0416666666667	Letter_Prefixoid	0.0416666666667	InternMod_Prefixoid	0.0416666666667	Chem_Prefixoid	0.0416666666667	BES_Prefixoid	0.0416666666667	Chemical_Possible	0.0416666666667	VPOL_Prefixoid	0.0416666666667	Eval_Prefixoid	0.0416666666667	InternModEr_Prefixoid	0.0416666666667	Rus_Prefixoid	0.0416666666667	Intern_ReducedPrefixoid	0.0416666666667	NI_Prefixoid	0.0416666666667	Reduced_Prefixoid	0.0416666666667	NAI_Prefixoid	0.0416666666667	Intern_Prefixoid	0.0416666666667	BEZer_Prefixoid	0.0416666666667	InternHy_Prefixoid	0.0416666666667	KOE_Prefixoid	0.0416666666667	ProperNamePrefixoid	0.0416666666667	RusHy_Prefixoid	0.0416666666667	BEZ_Prefixoid	0.0416666666667	NE_Prefixoid	0.0416666666667	ParticipleShortForm	0.5	ParticipleFullForm	0.5	Plural	0.75	Singular	0.25	Four	0.2	SevenEight	0.2	Two	0.2	Three	0.2	FiveAndMore	0.2	AdjectiveFullForm	0.333333333333	AdjectiveShortFlectional	0.333333333333	AdjectiveShortForm	0.333333333333	NounProperNameDimin	0.111111111111	NounProperName	0.111111111111	NounProperGeneral	0.111111111111	NounProperTown	0.111111111111	NounProperSurNameFlective	0.111111111111	NounProperPatronymic	0.111111111111	AdjectiveProper	0.111111111111	AbbrProperGeneral	0.111111111111	NounProperSurNameForeign	0.111111111111	NonCountForm	0.75	NormalNumberParadigm	0.25	FullRealization	1.0
95	21	президент	президент	488285	488280	Animate	1.0	NonReflexive	0.25	ImperfectiveReflexivity	0.25	Reflexive	0.25	FullReflexivity	0.25	NormalMorphForm	1.0	DefectOne	0.2	DefectFour	0.2	Byt	0.2	DefectThree	0.2	DefectTwo	0.2	GTNoun	1.0	NotEllipted	1.0	VocalForm	0.5	NForm	0.5	NotControlled	1.0	ZeroTypeOfCoordination	1.0	NoCompositeness	1.0	DegreeComparative	0.333333333333	DegreeSuperlative	0.333333333333	DegreePositive	0.333333333333	Adverb_With_Hyphen	0.5	Adverb_Un_Hyphen	0.5	DeclensionNominal	1.0	Un_Comp_Suf	1.0	BiAspectual	0.333333333333	MonoAspectual	0.333333333333	Paired	0.333333333333	NoSynthComparative	0.25	FullSynthComparison	0.25	OnlySuperlative	0.25	NoSynthSuperlative	0.25	MTwo	0.333333333333	MOne	0.333333333333	MThree	0.333333333333	NormalClassifyingCapitalization	1.0	Past	0.333333333333	Future	0.333333333333	Present	0.333333333333	Noun	1.0	ZeroDoubleConjunct	1.0	NotCommonChild	1.0	Nominative	1.0	RCDemonstrative	0.111111111111	RCNegative	0.111111111111	RCNoun	0.111111111111	RCPossessive	0.111111111111	RCIndefinite	0.111111111111	RCPersonal	0.111111111111	RCReflexive	0.111111111111	RCInterrogative	0.111111111111	RCAttributive	0.111111111111	NoPlacement	1.0	Perfective	0.5	Imperfective	0.5	NotDefaultFiller	1.0	Masculine	1.0	NoLeftmostPlacement	1.0	UnIterat	0.5	Iterat	0.5	NoRightmostPlacement	1.0	NotLeftConjunct	1.0	PersonFirst	0.25	PersonThird	0.25	PersonSecond	0.25	PersonZero	0.25	Active	0.333333333333	Passive	0.333333333333	VoiceSya	0.333333333333	VerbTransitive	0.25	VerbIntransitive	0.25	VerbIntransitiveSpecial	0.25	VerbTransitiveSpecial	0.25	NotRightConjunct	1.0	NoSpecialCaseForm	1.0	NoContrast	1.0	NormalCapitalization	1.0	V_Prefixoid	0.0416666666667	POL_Prefixoid	0.0416666666667	PO_Prefixoid	0.0416666666667	Letter_Prefixoid	0.0416666666667	InternMod_Prefixoid	0.0416666666667	Chem_Prefixoid	0.0416666666667	BES_Prefixoid	0.0416666666667	Chemical_Possible	0.0416666666667	VPOL_Prefixoid	0.0416666666667	Eval_Prefixoid	0.0416666666667	InternModEr_Prefixoid	0.0416666666667	Rus_Prefixoid	0.0416666666667	Intern_ReducedPrefixoid	0.0416666666667	NI_Prefixoid	0.0416666666667	Reduced_Prefixoid	0.0416666666667	NAI_Prefixoid	0.0416666666667	Intern_Prefixoid	0.0416666666667	BEZer_Prefixoid	0.0416666666667	InternHy_Prefixoid	0.0416666666667	KOE_Prefixoid	0.0416666666667	ProperNamePrefixoid	0.0416666666667	RusHy_Prefixoid	0.0416666666667	BEZ_Prefixoid	0.0416666666667	NE_Prefixoid	0.0416666666667	ParticipleShortForm	0.5	ParticipleFullForm	0.5	Singular	1.0	Four	0.2	SevenEight	0.2	Two	0.2	Three	0.2	FiveAndMore	0.2	AdjectiveFullForm	0.333333333333	AdjectiveShortFlectional	0.333333333333	AdjectiveShortForm	0.333333333333	NounProperNameDimin	0.111111111111	NounProperName	0.111111111111	NounProperGeneral	0.111111111111	NounProperTown	0.111111111111	NounProperSurNameFlective	0.111111111111	NounProperPatronymic	0.111111111111	AdjectiveProper	0.111111111111	AbbrProperGeneral	0.111111111111	NounProperSurNameForeign	0.111111111111	NormalNumberParadigm	1.0	FullRealization	1.0
95	31	США	США	488286	488285	Inanimate	0.5	NonReflexive	0.125	ImperfectiveReflexivity	0.125	Reflexive	0.125	FullReflexivity	0.125	NormalMorphForm	1.0	DefectOne	0.1	DefectFour	0.1	Byt	0.1	DefectThree	0.1	DefectTwo	0.1	GTNoun	0.5	NotEllipted	1.0	VocalForm	0.25	NForm	0.25	NotControlled	1.0	ZeroTypeOfCoordination	1.0	NoCompositeness	0.5	DegreeComparative	0.166666666667	DegreeSuperlative	0.166666666667	DegreePositive	0.166666666667	Adverb_With_Hyphen	0.25	Adverb_Un_Hyphen	0.25	Indeclinable	0.5	Un_Comp_Suf	0.5	BiAspectual	0.166666666667	MonoAspectual	0.166666666667	Paired	0.166666666667	NoSynthComparative	0.125	FullSynthComparison	0.125	OnlySuperlative	0.125	NoSynthSuperlative	0.125	MTwo	0.166666666667	MOne	0.166666666667	MThree	0.166666666667	NormalClassifyingCapitalization	1.0	Past	0.166666666667	Future	0.166666666667	Present	0.166666666667	Noun	0.5	ZeroDoubleConjunct	1.0	NotCommonChild	1.0	Accusative	0.0625	Prepositional	0.0625	Instrumental	0.0625	Dative	0.0625	Locative	0.0625	Genitive	0.0625	Partitive	0.0625	Nominative	0.0625	RCDemonstrative	0.0555555555556	RCNegative	0.0555555555556	RCNoun	0.0555555555556	RCPossessive	0.0555555555556	RCIndefinite	0.0555555555556	RCPersonal	0.0555555555556	RCReflexive	0.0555555555556	RCInterrogative	0.0555555555556	RCAttributive	0.0555555555556	NoPlacement	1.0	Perfective	0.25	Imperfective	0.25	NotDefaultFiller	1.0	Feminine	0.125	Common	0.125	Masculine	0.125	Neuter	0.125	NoLeftmostPlacement	1.0	UnIterat	0.25	Iterat	0.25	NoRightmostPlacement	1.0	NotLeftConjunct	1.0	PersonFirst	0.125	PersonThird	0.125	PersonSecond	0.125	PersonZero	0.125	Active	0.166666666667	Passive	0.166666666667	VoiceSya	0.166666666667	VerbTransitive	0.125	VerbIntransitive	0.125	VerbIntransitiveSpecial	0.125	VerbTransitiveSpecial	0.125	NotRightConjunct	1.0	Plural_consonant	0.0555555555556	Genitive_Locative_u	0.0555555555556	Locative_u	0.0555555555556	NoSpecialCaseForm	0.0555555555556	SpecialVocative	0.0555555555556	GenitivePlural_Zero	0.0555555555556	SpecialPlual	0.0555555555556	NominativePlural_a	0.0555555555556	Genitive_u	0.0555555555556	NoContrast	1.0	NormalCapitalization	1.0	V_Prefixoid	0.0208333333333	POL_Prefixoid	0.0208333333333	PO_Prefixoid	0.0208333333333	Letter_Prefixoid	0.0208333333333	InternMod_Prefixoid	0.0208333333333	Chem_Prefixoid	0.0208333333333	BES_Prefixoid	0.0208333333333	Chemical_Possible	0.0208333333333	VPOL_Prefixoid	0.0208333333333	Eval_Prefixoid	0.0208333333333	InternModEr_Prefixoid	0.0208333333333	Rus_Prefixoid	0.0208333333333	Intern_ReducedPrefixoid	0.0208333333333	NI_Prefixoid	0.0208333333333	Reduced_Prefixoid	0.0208333333333	NAI_Prefixoid	0.0208333333333	Intern_Prefixoid	0.0208333333333	BEZer_Prefixoid	0.0208333333333	InternHy_Prefixoid	0.0208333333333	KOE_Prefixoid	0.0208333333333	ProperNamePrefixoid	0.0208333333333	RusHy_Prefixoid	0.0208333333333	BEZ_Prefixoid	0.0208333333333	NE_Prefixoid	0.0208333333333	ParticipleShortForm	0.25	ParticipleFullForm	0.25	Plural	0.5	Four	0.1	SevenEight	0.1	Two	0.1	Three	0.1	FiveAndMore	0.1	AdjectiveFullForm	0.166666666667	AdjectiveShortFlectional	0.166666666667	AdjectiveShortForm	0.166666666667	NounProperGeneral	0.5	NormalNumberParadigm	0.5	PluraliaTantum	0.5	FullRealization	1.0
95	35	Барак	Барак	488287	488285	Animate	0.666666666667	Inanimate	0.333333333333	NonReflexive	0.25	ImperfectiveReflexivity	0.25	Reflexive	0.25	FullReflexivity	0.25	NormalMorphForm	1.0	DefectOne	0.2	DefectFour	0.2	Byt	0.2	DefectThree	0.2	DefectTwo	0.2	GTNoun	1.0	NotEllipted	1.0	VocalForm	0.5	NForm	0.5	NotControlled	1.0	ZeroTypeOfCoordination	1.0	NoCompositeness	1.0	DegreeComparative	0.333333333333	DegreeSuperlative	0.333333333333	DegreePositive	0.333333333333	Adverb_With_Hyphen	0.5	Adverb_Un_Hyphen	0.5	DeclensionMixed	0.333333333333	DeclensionNominal	0.666666666667	Un_Comp_Suf	1.0	BiAspectual	0.333333333333	MonoAspectual	0.333333333333	Paired	0.333333333333	NoSynthComparative	0.25	FullSynthComparison	0.25	OnlySuperlative	0.25	NoSynthSuperlative	0.25	MTwo	0.333333333333	MOne	0.333333333333	MThree	0.333333333333	NormalClassifyingCapitalization	1.0	Past	0.333333333333	Future	0.333333333333	Present	0.333333333333	Noun	1.0	ZeroDoubleConjunct	1.0	NotCommonChild	1.0	Accusative	0.277777777778	Genitive	0.111111111111	Partitive	0.111111111111	Nominative	0.5	RCDemonstrative	0.111111111111	RCNegative	0.111111111111	RCNoun	0.111111111111	RCPossessive	0.111111111111	RCIndefinite	0.111111111111	RCPersonal	0.111111111111	RCReflexive	0.111111111111	RCInterrogative	0.111111111111	RCAttributive	0.111111111111	NoPlacement	1.0	Perfective	0.5	Imperfective	0.5	NotDefaultFiller	1.0	Masculine	1.0	NoLeftmostPlacement	1.0	UnIterat	0.5	Iterat	0.5	NoRightmostPlacement	1.0	NotLeftConjunct	1.0	PersonFirst	0.25	PersonThird	0.25	PersonSecond	0.25	PersonZero	0.25	Active	0.333333333333	Passive	0.333333333333	VoiceSya	0.333333333333	VerbTransitive	0.25	VerbIntransitive	0.25	VerbIntransitiveSpecial	0.25	VerbTransitiveSpecial	0.25	NotRightConjunct	1.0	NoSpecialCaseForm	1.0	NoContrast	1.0	NormalCapitalization	1.0	V_Prefixoid	0.0416666666667	POL_Prefixoid	0.0416666666667	PO_Prefixoid	0.0416666666667	Letter_Prefixoid	0.0416666666667	InternMod_Prefixoid	0.0416666666667	Chem_Prefixoid	0.0416666666667	BES_Prefixoid	0.0416666666667	Chemical_Possible	0.0416666666667	VPOL_Prefixoid	0.0416666666667	Eval_Prefixoid	0.0416666666667	InternModEr_Prefixoid	0.0416666666667	Rus_Prefixoid	0.0416666666667	Intern_ReducedPrefixoid	0.0416666666667	NI_Prefixoid	0.0416666666667	Reduced_Prefixoid	0.0416666666667	NAI_Prefixoid	0.0416666666667	Intern_Prefixoid	0.0416666666667	BEZer_Prefixoid	0.0416666666667	InternHy_Prefixoid	0.0416666666667	KOE_Prefixoid	0.0416666666667	ProperNamePrefixoid	0.0416666666667	RusHy_Prefixoid	0.0416666666667	BEZ_Prefixoid	0.0416666666667	NE_Prefixoid	0.0416666666667	ParticipleShortForm	0.5	ParticipleFullForm	0.5	Plural	0.333333333333	Singular	0.666666666667	Four	0.2	SevenEight	0.2	Two	0.2	Three	0.2	FiveAndMore	0.2	AdjectiveFullForm	0.333333333333	AdjectiveShortFlectional	0.333333333333	AdjectiveShortForm	0.333333333333	NounProperNameDimin	0.037037037037	NounProperName	0.37037037037	NounProperGeneral	0.037037037037	NounProperTown	0.037037037037	NounProperSurNameFlective	0.037037037037	NounProperPatronymic	0.037037037037	AdjectiveProper	0.037037037037	AbbrProperGeneral	0.037037037037	NounProperSurNameForeign	0.37037037037	NormalNumberParadigm	1.0	FullRealization	1.0
95	41	Обама	Обама	488288	488287	Animate	1.0	NonReflexive	0.25	ImperfectiveReflexivity	0.25	Reflexive	0.25	FullReflexivity	0.25	NormalMorphForm	1.0	DefectOne	0.2	DefectFour	0.2	Byt	0.2	DefectThree	0.2	DefectTwo	0.2	GTNoun	1.0	NotEllipted	1.0	VocalForm	0.5	NForm	0.5	NotControlled	1.0	ZeroTypeOfCoordination	1.0	NoCompositeness	1.0	DegreeComparative	0.333333333333	DegreeSuperlative	0.333333333333	DegreePositive	0.333333333333	Adverb_With_Hyphen	0.5	Adverb_Un_Hyphen	0.5	DeclensionMixed	0.125	DeclensionAdjectival	0.125	DeclensionNominal	0.125	Indeclinable	0.625	Un_Comp_Suf	1.0	BiAspectual	0.333333333333	MonoAspectual	0.333333333333	Paired	0.333333333333	NoSynthComparative	0.25	FullSynthComparison	0.25	OnlySuperlative	0.25	NoSynthSuperlative	0.25	MTwo	0.333333333333	MOne	0.333333333333	MThree	0.333333333333	NormalClassifyingCapitalization	1.0	Past	0.333333333333	Future	0.333333333333	Present	0.333333333333	Noun	1.0	ZeroDoubleConjunct	1.0	NotCommonChild	1.0	Accusative	0.0625	Prepositional	0.0625	Instrumental	0.0625	Dative	0.0625	Locative	0.0625	Genitive	0.0625	Partitive	0.0625	Nominative	0.5625	RCDemonstrative	0.111111111111	RCNegative	0.111111111111	RCNoun	0.111111111111	RCPossessive	0.111111111111	RCIndefinite	0.111111111111	RCPersonal	0.111111111111	RCReflexive	0.111111111111	RCInterrogative	0.111111111111	RCAttributive	0.111111111111	NoPlacement	1.0	Perfective	0.5	Imperfective	0.5	NotDefaultFiller	1.0	Feminine	0.75	Masculine	0.25	NoLeftmostPlacement	1.0	UnIterat	0.5	Iterat	0.5	NoRightmostPlacement	1.0	NotLeftConjunct	1.0	PersonFirst	0.25	PersonThird	0.25	PersonSecond	0.25	PersonZero	0.25	Active	0.333333333333	Passive	0.333333333333	VoiceSya	0.333333333333	VerbTransitive	0.25	VerbIntransitive	0.25	VerbIntransitiveSpecial	0.25	VerbTransitiveSpecial	0.25	NotRightConjunct	1.0	NoSpecialCaseForm	1.0	NoContrast	1.0	NormalCapitalization	1.0	V_Prefixoid	0.0416666666667	POL_Prefixoid	0.0416666666667	PO_Prefixoid	0.0416666666667	Letter_Prefixoid	0.0416666666667	InternMod_Prefixoid	0.0416666666667	Chem_Prefixoid	0.0416666666667	BES_Prefixoid	0.0416666666667	Chemical_Possible	0.0416666666667	VPOL_Prefixoid	0.0416666666667	Eval_Prefixoid	0.0416666666667	InternModEr_Prefixoid	0.0416666666667	Rus_Prefixoid	0.0416666666667	Intern_ReducedPrefixoid	0.0416666666667	NI_Prefixoid	0.0416666666667	Reduced_Prefixoid	0.0416666666667	NAI_Prefixoid	0.0416666666667	Intern_Prefixoid	0.0416666666667	BEZer_Prefixoid	0.0416666666667	InternHy_Prefixoid	0.0416666666667	KOE_Prefixoid	0.0416666666667	ProperNamePrefixoid	0.0416666666667	RusHy_Prefixoid	0.0416666666667	BEZ_Prefixoid	0.0416666666667	NE_Prefixoid	0.0416666666667	ParticipleShortForm	0.5	ParticipleFullForm	0.5	Plural	0.25	Singular	0.75	Four	0.2	SevenEight	0.2	Two	0.2	Three	0.2	FiveAndMore	0.2	AdjectiveFullForm	0.333333333333	AdjectiveShortFlectional	0.333333333333	AdjectiveShortForm	0.333333333333	NounProperSurNameForeign	1.0	NormalNumberParadigm	1.0	FullRealization	1.0
95	47	объявил	объявил	488280	-1	Animate	0.5	Inanimate	0.5	ImperfectiveReflexivity	1.0	NormalMorphForm	1.0	DefectOne	0.2	DefectFour	0.2	Byt	0.2	DefectThree	0.2	DefectTwo	0.2	GTVerb	1.0	NotEllipted	1.0	VocalForm	0.5	NForm	0.5	NotControlled	1.0	ZeroTypeOfCoordination	1.0	Composite_ComplexNumeral	0.0714285714286	Composite_cko	0.0714285714286	NoCompositeness	0.0714285714286	Composite_cki	0.0714285714286	Composite_o	0.0714285714286	Composite_NumeralFull	0.0714285714286	Composite_NumeralShort	0.0714285714286	Composite_null	0.0714285714286	Composite_iko	0.0714285714286	Composite_sko	0.0714285714286	Composite_e	0.0714285714286	Composite_Numeral	0.0714285714286	Composite_usek	0.0714285714286	Composite_ski	0.0714285714286	DegreeComparative	0.333333333333	DegreeSuperlative	0.333333333333	DegreePositive	0.333333333333	Adverb_With_Hyphen	0.5	Adverb_Un_Hyphen	0.5	DeclensionMixed	0.25	DeclensionAdjectival	0.25	DeclensionNominal	0.25	Indeclinable	0.25	Comp_PunctuatorPref	0.0625	Comp_Suffixoid_Num_IJ	0.0625	Comp_PunctuatorPostSeparable	0.0625	Un_Comp_Suf	0.0625	Comp_SuffixoidAbbr	0.0625	Comp_Noun	0.0625	Comp_Suffixoid_Num_J	0.0625	Comp_PunctuatorPost	0.0625	Comp_PunctuatorPrefSeparable	0.0625	Comp_Suffixoid_Num_OJ	0.0625	Comp_Prefixoid	0.0625	Comp_Suffixoid	0.0625	Comp_Suffixoid_Chem	0.0625	Comp_Suffixoid_Num_PercentYJ	0.0625	Comp_Suffixoid_Num_YJ	0.0625	Comp_Adj	0.0625	Paired	1.0	NoSynthComparative	0.25	FullSynthComparison	0.25	OnlySuperlative	0.25	NoSynthSuperlative	0.25	MTwo	0.333333333333	MOne	0.333333333333	MThree	0.333333333333	NormalClassifyingCapitalization	1.0	Past	1.0	Verb	1.0	ZeroDoubleConjunct	1.0	NotCommonChild	1.0	Accusative	0.0909090909091	Prepositional	0.0909090909091	Instrumental	0.0909090909091	Dative	0.0909090909091	ZeroCase	0.0909090909091	Locative	0.0909090909091	Genitive	0.0909090909091	Partitive	0.0909090909091	Nominative	0.0909090909091	DativeSpecial	0.0909090909091	Vocative	0.0909090909091	RCDemonstrative	0.111111111111	RCNegative	0.111111111111	RCNoun	0.111111111111	RCPossessive	0.111111111111	RCIndefinite	0.111111111111	RCPersonal	0.111111111111	RCReflexive	0.111111111111	RCInterrogative	0.111111111111	RCAttributive	0.111111111111	NoPlacement	1.0	Perfective	1.0	NotDefaultFiller	1.0	Masculine	1.0	NoLeftmostPlacement	1.0	UnIterat	1.0	NoRightmostPlacement	1.0	NotLeftConjunct	1.0	PersonFirst	0.25	PersonThird	0.25	PersonSecond	0.25	PersonZero	0.25	Active	1.0	VerbTransitive	1.0	NotRightConjunct	1.0	Plural_consonant	0.111111111111	Genitive_Locative_u	0.111111111111	Locative_u	0.111111111111	NoSpecialCaseForm	0.111111111111	SpecialVocative	0.111111111111	GenitivePlural_Zero	0.111111111111	SpecialPlual	0.111111111111	NominativePlural_a	0.111111111111	Genitive_u	0.111111111111	NoContrast	1.0	NormalCapitalization	1.0	V_Prefixoid	0.0416666666667	POL_Prefixoid	0.0416666666667	PO_Prefixoid	0.0416666666667	Letter_Prefixoid	0.0416666666667	InternMod_Prefixoid	0.0416666666667	Chem_Prefixoid	0.0416666666667	BES_Prefixoid	0.0416666666667	Chemical_Possible	0.0416666666667	VPOL_Prefixoid	0.0416666666667	Eval_Prefixoid	0.0416666666667	InternModEr_Prefixoid	0.0416666666667	Rus_Prefixoid	0.0416666666667	Intern_ReducedPrefixoid	0.0416666666667	NI_Prefixoid	0.0416666666667	Reduced_Prefixoid	0.0416666666667	NAI_Prefixoid	0.0416666666667	Intern_Prefixoid	0.0416666666667	BEZer_Prefixoid	0.0416666666667	InternHy_Prefixoid	0.0416666666667	KOE_Prefixoid	0.0416666666667	ProperNamePrefixoid	0.0416666666667	RusHy_Prefixoid	0.0416666666667	BEZ_Prefixoid	0.0416666666667	NE_Prefixoid	0.0416666666667	ParticipleShortForm	0.5	ParticipleFullForm	0.5	Singular	1.0	Four	0.2	SevenEight	0.2	Two	0.2	Three	0.2	FiveAndMore	0.2	AdjectiveFullForm	0.333333333333	AdjectiveShortFlectional	0.333333333333	AdjectiveShortForm	0.333333333333	NounProperNameDimin	0.111111111111	NounProperName	0.111111111111	NounProperGeneral	0.111111111111	NounProperTown	0.111111111111	NounProperSurNameFlective	0.111111111111	NounProperPatronymic	0.111111111111	AdjectiveProper	0.111111111111	AbbrProperGeneral	0.111111111111	NounProperSurNameForeign	0.111111111111	NormalNumberParadigm	1.0	FullRealization	1.0
95	55	о	о	488290	488289	Animate	0.333333333333	Inanimate	0.666666666667	NonReflexive	0.25	ImperfectiveReflexivity	0.25	Reflexive	0.25	FullReflexivity	0.25	NormalMorphForm	1.0	DefectOne	0.2	DefectFour	0.2	Byt	0.2	DefectThree	0.2	DefectTwo	0.2	GTInvariable	0.666666666667	GTNoun	0.333333333333	NotEllipted	1.0	VocalForm	0.5	NForm	0.5	NotControlled	1.0	ZeroTypeOfCoordination	1.0	Composite_ComplexNumeral	0.047619047619	Composite_cko	0.047619047619	NoCompositeness	0.380952380952	Composite_cki	0.047619047619	Composite_o	0.047619047619	Composite_NumeralFull	0.047619047619	Composite_NumeralShort	0.047619047619	Composite_null	0.047619047619	Composite_iko	0.047619047619	Composite_sko	0.047619047619	Composite_e	0.047619047619	Composite_Numeral	0.047619047619	Composite_usek	0.047619047619	Composite_ski	0.047619047619	DegreeComparative	0.333333333333	DegreeSuperlative	0.333333333333	DegreePositive	0.333333333333	Adverb_With_Hyphen	0.5	Adverb_Un_Hyphen	0.5	DeclensionMixed	0.166666666667	DeclensionAdjectival	0.166666666667	DeclensionNominal	0.166666666667	Indeclinable	0.5	Comp_PunctuatorPref	0.0416666666667	Comp_Suffixoid_Num_IJ	0.0416666666667	Comp_PunctuatorPostSeparable	0.0416666666667	Un_Comp_Suf	0.0416666666667	Comp_SuffixoidAbbr	0.0416666666667	Comp_Noun	0.0416666666667	Comp_Suffixoid_Num_J	0.0416666666667	Comp_PunctuatorPost	0.0416666666667	Comp_PunctuatorPrefSeparable	0.375	Comp_Suffixoid_Num_OJ	0.0416666666667	Comp_Prefixoid	0.0416666666667	Comp_Suffixoid	0.0416666666667	Comp_Suffixoid_Chem	0.0416666666667	Comp_Suffixoid_Num_PercentYJ	0.0416666666667	Comp_Suffixoid_Num_YJ	0.0416666666667	Comp_Adj	0.0416666666667	BiAspectual	0.333333333333	MonoAspectual	0.333333333333	Paired	0.333333333333	NoSynthComparative	0.25	FullSynthComparison	0.25	OnlySuperlative	0.25	NoSynthSuperlative	0.25	MTwo	0.333333333333	MOne	0.333333333333	MThree	0.333333333333	NormalClassifyingCapitalization	1.0	Past	0.333333333333	Future	0.333333333333	Present	0.333333333333	Preposition	0.333333333333	Noun	0.333333333333	Interjection	0.333333333333	ZeroDoubleConjunct	1.0	NotCommonChild	1.0	Accusative	0.102272727273	Prepositional	0.102272727273	Instrumental	0.102272727273	Dative	0.102272727273	ZeroCase	0.0606060606061	Locative	0.102272727273	Genitive	0.102272727273	Partitive	0.102272727273	Nominative	0.102272727273	DativeSpecial	0.0606060606061	Vocative	0.0606060606061	RCDemonstrative	0.111111111111	RCNegative	0.111111111111	RCNoun	0.111111111111	RCPossessive	0.111111111111	RCIndefinite	0.111111111111	RCPersonal	0.111111111111	RCReflexive	0.111111111111	RCInterrogative	0.111111111111	RCAttributive	0.111111111111	NoPlacement	1.0	Perfective	0.5	Imperfective	0.5	NotDefaultFiller	1.0	Feminine	0.166666666667	Common	0.166666666667	Masculine	0.5	Neuter	0.166666666667	NoLeftmostPlacement	1.0	UnIterat	0.5	Iterat	0.5	NoRightmostPlacement	1.0	NotLeftConjunct	1.0	PersonFirst	0.25	PersonThird	0.25	PersonSecond	0.25	PersonZero	0.25	Active	0.333333333333	Passive	0.333333333333	VoiceSya	0.333333333333	VerbTransitive	0.25	VerbIntransitive	0.25	VerbIntransitiveSpecial	0.25	VerbTransitiveSpecial	0.25	NotRightConjunct	1.0	Plural_consonant	0.111111111111	Genitive_Locative_u	0.111111111111	Locative_u	0.111111111111	NoSpecialCaseForm	0.111111111111	SpecialVocative	0.111111111111	GenitivePlural_Zero	0.111111111111	SpecialPlual	0.111111111111	NominativePlural_a	0.111111111111	Genitive_u	0.111111111111	NoContrast	1.0	NormalCapitalization	1.0	V_Prefixoid	0.0416666666667	POL_Prefixoid	0.0416666666667	PO_Prefixoid	0.0416666666667	Letter_Prefixoid	0.0416666666667	InternMod_Prefixoid	0.0416666666667	Chem_Prefixoid	0.0416666666667	BES_Prefixoid	0.0416666666667	Chemical_Possible	0.0416666666667	VPOL_Prefixoid	0.0416666666667	Eval_Prefixoid	0.0416666666667	InternModEr_Prefixoid	0.0416666666667	Rus_Prefixoid	0.0416666666667	Intern_ReducedPrefixoid	0.0416666666667	NI_Prefixoid	0.0416666666667	Reduced_Prefixoid	0.0416666666667	NAI_Prefixoid	0.0416666666667	Intern_Prefixoid	0.0416666666667	BEZer_Prefixoid	0.0416666666667	InternHy_Prefixoid	0.0416666666667	KOE_Prefixoid	0.0416666666667	ProperNamePrefixoid	0.0416666666667	RusHy_Prefixoid	0.0416666666667	BEZ_Prefixoid	0.0416666666667	NE_Prefixoid	0.0416666666667	ParticipleShortForm	0.5	ParticipleFullForm	0.5	Plural	0.333333333333	Singular	0.666666666667	Four	0.2	SevenEight	0.2	Two	0.2	Three	0.2	FiveAndMore	0.2	AdjectiveFullForm	0.333333333333	AdjectiveShortFlectional	0.333333333333	AdjectiveShortForm	0.333333333333	NounProperNameDimin	0.0740740740741	NounProperName	0.0740740740741	NounProperGeneral	0.0740740740741	NounProperTown	0.0740740740741	NounProperSurNameFlective	0.0740740740741	NounProperPatronymic	0.0740740740741	AdjectiveProper	0.0740740740741	AbbrProperGeneral	0.407407407407	NounProperSurNameForeign	0.0740740740741	SingulariaTantum	0.333333333333	NormalNumberParadigm	0.666666666667	FullRealization	1.0
95	57	пересмотре	пересмотре	488289	488280	Inanimate	1.0	NonReflexive	0.25	ImperfectiveReflexivity	0.25	Reflexive	0.25	FullReflexivity	0.25	NormalMorphForm	1.0	DefectOne	0.2	DefectFour	0.2	Byt	0.2	DefectThree	0.2	DefectTwo	0.2	GTNoun	1.0	NotEllipted	1.0	VocalForm	0.5	NForm	0.5	NotControlled	1.0	ZeroTypeOfCoordination	1.0	NoCompositeness	1.0	DegreeComparative	0.333333333333	DegreeSuperlative	0.333333333333	DegreePositive	0.333333333333	Adverb_With_Hyphen	0.5	Adverb_Un_Hyphen	0.5	DeclensionNominal	1.0	Un_Comp_Suf	1.0	BiAspectual	0.333333333333	MonoAspectual	0.333333333333	Paired	0.333333333333	NoSynthComparative	0.25	FullSynthComparison	0.25	OnlySuperlative	0.25	NoSynthSuperlative	0.25	MTwo	0.333333333333	MOne	0.333333333333	MThree	0.333333333333	NormalClassifyingCapitalization	1.0	Past	0.333333333333	Future	0.333333333333	Present	0.333333333333	Noun	1.0	ZeroDoubleConjunct	1.0	NotCommonChild	1.0	Prepositional	0.5	Locative	0.5	RCDemonstrative	0.111111111111	RCNegative	0.111111111111	RCNoun	0.111111111111	RCPossessive	0.111111111111	RCIndefinite	0.111111111111	RCPersonal	0.111111111111	RCReflexive	0.111111111111	RCInterrogative	0.111111111111	RCAttributive	0.111111111111	NoPlacement	1.0	Perfective	0.5	Imperfective	0.5	NotDefaultFiller	1.0	Masculine	1.0	NoLeftmostPlacement	1.0	UnIterat	0.5	Iterat	0.5	NoRightmostPlacement	1.0	NotLeftConjunct	1.0	PersonFirst	0.25	PersonThird	0.25	PersonSecond	0.25	PersonZero	0.25	Active	0.333333333333	Passive	0.333333333333	VoiceSya	0.333333333333	VerbTransitive	0.25	VerbIntransitive	0.25	VerbIntransitiveSpecial	0.25	VerbTransitiveSpecial	0.25	NotRightConjunct	1.0	NoSpecialCaseForm	1.0	NoContrast	1.0	NormalCapitalization	1.0	V_Prefixoid	0.0416666666667	POL_Prefixoid	0.0416666666667	PO_Prefixoid	0.0416666666667	Letter_Prefixoid	0.0416666666667	InternMod_Prefixoid	0.0416666666667	Chem_Prefixoid	0.0416666666667	BES_Prefixoid	0.0416666666667	Chemical_Possible	0.0416666666667	VPOL_Prefixoid	0.0416666666667	Eval_Prefixoid	0.0416666666667	InternModEr_Prefixoid	0.0416666666667	Rus_Prefixoid	0.0416666666667	Intern_ReducedPrefixoid	0.0416666666667	NI_Prefixoid	0.0416666666667	Reduced_Prefixoid	0.0416666666667	NAI_Prefixoid	0.0416666666667	Intern_Prefixoid	0.0416666666667	BEZer_Prefixoid	0.0416666666667	InternHy_Prefixoid	0.0416666666667	KOE_Prefixoid	0.0416666666667	ProperNamePrefixoid	0.0416666666667	RusHy_Prefixoid	0.0416666666667	BEZ_Prefixoid	0.0416666666667	NE_Prefixoid	0.0416666666667	ParticipleShortForm	0.5	ParticipleFullForm	0.5	Singular	1.0	Four	0.2	SevenEight	0.2	Two	0.2	Three	0.2	FiveAndMore	0.2	AdjectiveFullForm	0.333333333333	AdjectiveShortFlectional	0.333333333333	AdjectiveShortForm	0.333333333333	NounProperNameDimin	0.111111111111	NounProperName	0.111111111111	NounProperGeneral	0.111111111111	NounProperTown	0.111111111111	NounProperSurNameFlective	0.111111111111	NounProperPatronymic	0.111111111111	AdjectiveProper	0.111111111111	AbbrProperGeneral	0.111111111111	NounProperSurNameForeign	0.111111111111	NormalNumberParadigm	1.0	FullRealization	1.0
95	68	планов	планов	488291	488289	Inanimate	1.0	NonReflexive	0.25	ImperfectiveReflexivity	0.25	Reflexive	0.25	FullReflexivity	0.25	NormalMorphForm	1.0	DefectOne	0.2	DefectFour	0.2	Byt	0.2	DefectThree	0.2	DefectTwo	0.2	GTNoun	1.0	NotEllipted	1.0	VocalForm	0.5	NForm	0.5	NotControlled	1.0	ZeroTypeOfCoordination	1.0	NoCompositeness	1.0	DegreeComparative	0.333333333333	DegreeSuperlative	0.333333333333	DegreePositive	0.333333333333	Adverb_With_Hyphen	0.5	Adverb_Un_Hyphen	0.5	DeclensionNominal	1.0	Un_Comp_Suf	1.0	BiAspectual	0.333333333333	MonoAspectual	0.333333333333	Paired	0.333333333333	NoSynthComparative	0.25	FullSynthComparison	0.25	OnlySuperlative	0.25	NoSynthSuperlative	0.25	MTwo	0.333333333333	MOne	0.333333333333	MThree	0.333333333333	NormalClassifyingCapitalization	1.0	Past	0.333333333333	Future	0.333333333333	Present	0.333333333333	Noun	1.0	ZeroDoubleConjunct	1.0	NotCommonChild	1.0	Genitive	0.5	Partitive	0.5	RCDemonstrative	0.111111111111	RCNegative	0.111111111111	RCNoun	0.111111111111	RCPossessive	0.111111111111	RCIndefinite	0.111111111111	RCPersonal	0.111111111111	RCReflexive	0.111111111111	RCInterrogative	0.111111111111	RCAttributive	0.111111111111	NoPlacement	1.0	Perfective	0.5	Imperfective	0.5	NotDefaultFiller	1.0	Masculine	1.0	NoLeftmostPlacement	1.0	UnIterat	0.5	Iterat	0.5	NoRightmostPlacement	1.0	NotLeftConjunct	1.0	PersonFirst	0.25	PersonThird	0.25	PersonSecond	0.25	PersonZero	0.25	Active	0.333333333333	Passive	0.333333333333	VoiceSya	0.333333333333	VerbTransitive	0.25	VerbIntransitive	0.25	VerbIntransitiveSpecial	0.25	VerbTransitiveSpecial	0.25	NotRightConjunct	1.0	NoSpecialCaseForm	1.0	NoContrast	1.0	NormalCapitalization	1.0	V_Prefixoid	0.0416666666667	POL_Prefixoid	0.0416666666667	PO_Prefixoid	0.0416666666667	Letter_Prefixoid	0.0416666666667	InternMod_Prefixoid	0.0416666666667	Chem_Prefixoid	0.0416666666667	BES_Prefixoid	0.0416666666667	Chemical_Possible	0.0416666666667	VPOL_Prefixoid	0.0416666666667	Eval_Prefixoid	0.0416666666667	InternModEr_Prefixoid	0.0416666666667	Rus_Prefixoid	0.0416666666667	Intern_ReducedPrefixoid	0.0416666666667	NI_Prefixoid	0.0416666666667	Reduced_Prefixoid	0.0416666666667	NAI_Prefixoid	0.0416666666667	Intern_Prefixoid	0.0416666666667	BEZer_Prefixoid	0.0416666666667	InternHy_Prefixoid	0.0416666666667	KOE_Prefixoid	0.0416666666667	ProperNamePrefixoid	0.0416666666667	RusHy_Prefixoid	0.0416666666667	BEZ_Prefixoid	0.0416666666667	NE_Prefixoid	0.0416666666667	ParticipleShortForm	0.5	ParticipleFullForm	0.5	Plural	1.0	Four	0.2	SevenEight	0.2	Two	0.2	Three	0.2	FiveAndMore	0.2	AdjectiveFullForm	0.333333333333	AdjectiveShortFlectional	0.333333333333	AdjectiveShortForm	0.333333333333	NounProperNameDimin	0.111111111111	NounProperName	0.111111111111	NounProperGeneral	0.111111111111	NounProperTown	0.111111111111	NounProperSurNameFlective	0.111111111111	NounProperPatronymic	0.111111111111	AdjectiveProper	0.111111111111	AbbrProperGeneral	0.111111111111	NounProperSurNameForeign	0.111111111111	NormalNumberParadigm	1.0	FullRealization	1.0
95	75	предыдущей	предыдущей	488293	488292	Animate	0.5	Inanimate	0.5	NonReflexive	0.25	ImperfectiveReflexivity	0.25	Reflexive	0.25	FullReflexivity	0.25	NormalMorphForm	1.0	DefectOne	0.2	DefectFour	0.2	Byt	0.2	DefectThree	0.2	DefectTwo	0.2	GTAdjectiveAttributive	1.0	NotEllipted	1.0	VocalForm	0.5	NForm	0.5	NotControlled	1.0	ZeroTypeOfCoordination	1.0	NoCompositeness	1.0	DegreePositive	1.0	Adverb_With_Hyphen	0.5	Adverb_Un_Hyphen	0.5	DeclensionMixed	0.25	DeclensionAdjectival	0.25	DeclensionNominal	0.25	Indeclinable	0.25	Un_Comp_Suf	1.0	BiAspectual	0.333333333333	MonoAspectual	0.333333333333	Paired	0.333333333333	NoSynthComparative	1.0	MTwo	0.333333333333	MOne	0.333333333333	MThree	0.333333333333	NormalClassifyingCapitalization	1.0	Past	0.333333333333	Future	0.333333333333	Present	0.333333333333	Adjective	1.0	ZeroDoubleConjunct	1.0	NotCommonChild	1.0	Prepositional	0.166666666667	Instrumental	0.166666666667	Dative	0.166666666667	Locative	0.166666666667	Genitive	0.166666666667	Partitive	0.166666666667	RCDemonstrative	0.111111111111	RCNegative	0.111111111111	RCNoun	0.111111111111	RCPossessive	0.111111111111	RCIndefinite	0.111111111111	RCPersonal	0.111111111111	RCReflexive	0.111111111111	RCInterrogative	0.111111111111	RCAttributive	0.111111111111	NoPlacement	1.0	Perfective	0.5	Imperfective	0.5	NotDefaultFiller	1.0	Feminine	1.0	NoLeftmostPlacement	1.0	UnIterat	0.5	Iterat	0.5	NoRightmostPlacement	1.0	NotLeftConjunct	1.0	PersonFirst	0.25	PersonThird	0.25	PersonSecond	0.25	PersonZero	0.25	Active	0.333333333333	Passive	0.333333333333	VoiceSya	0.333333333333	VerbTransitive	0.25	VerbIntransitive	0.25	VerbIntransitiveSpecial	0.25	VerbTransitiveSpecial	0.25	NotRightConjunct	1.0	Plural_consonant	0.111111111111	Genitive_Locative_u	0.111111111111	Locative_u	0.111111111111	NoSpecialCaseForm	0.111111111111	SpecialVocative	0.111111111111	GenitivePlural_Zero	0.111111111111	SpecialPlual	0.111111111111	NominativePlural_a	0.111111111111	Genitive_u	0.111111111111	NoContrast	1.0	NormalCapitalization	1.0	V_Prefixoid	0.0416666666667	POL_Prefixoid	0.0416666666667	PO_Prefixoid	0.0416666666667	Letter_Prefixoid	0.0416666666667	InternMod_Prefixoid	0.0416666666667	Chem_Prefixoid	0.0416666666667	BES_Prefixoid	0.0416666666667	Chemical_Possible	0.0416666666667	VPOL_Prefixoid	0.0416666666667	Eval_Prefixoid	0.0416666666667	InternModEr_Prefixoid	0.0416666666667	Rus_Prefixoid	0.0416666666667	Intern_ReducedPrefixoid	0.0416666666667	NI_Prefixoid	0.0416666666667	Reduced_Prefixoid	0.0416666666667	NAI_Prefixoid	0.0416666666667	Intern_Prefixoid	0.0416666666667	BEZer_Prefixoid	0.0416666666667	InternHy_Prefixoid	0.0416666666667	KOE_Prefixoid	0.0416666666667	ProperNamePrefixoid	0.0416666666667	RusHy_Prefixoid	0.0416666666667	BEZ_Prefixoid	0.0416666666667	NE_Prefixoid	0.0416666666667	ParticipleShortForm	0.5	ParticipleFullForm	0.5	Singular	1.0	Four	0.2	SevenEight	0.2	Two	0.2	Three	0.2	FiveAndMore	0.2	AdjectiveFullForm	1.0	NounProperNameDimin	0.111111111111	NounProperName	0.111111111111	NounProperGeneral	0.111111111111	NounProperTown	0.111111111111	NounProperSurNameFlective	0.111111111111	NounProperPatronymic	0.111111111111	AdjectiveProper	0.111111111111	AbbrProperGeneral	0.111111111111	NounProperSurNameForeign	0.111111111111	NormalNumberParadigm	1.0	FullRealization	1.0
95	86	администрации	администрации	488292	488291	Inanimate	1.0	NonReflexive	0.25	ImperfectiveReflexivity	0.25	Reflexive	0.25	FullReflexivity	0.25	NormalMorphForm	1.0	DefectOne	0.2	DefectFour	0.2	Byt	0.2	DefectThree	0.2	DefectTwo	0.2	GTNoun	1.0	NotEllipted	1.0	VocalForm	0.5	NForm	0.5	NotControlled	1.0	ZeroTypeOfCoordination	1.0	NoCompositeness	1.0	DegreeComparative	0.333333333333	DegreeSuperlative	0.333333333333	DegreePositive	0.333333333333	Adverb_With_Hyphen	0.5	Adverb_Un_Hyphen	0.5	DeclensionNominal	1.0	Un_Comp_Suf	1.0	BiAspectual	0.333333333333	MonoAspectual	0.333333333333	Paired	0.333333333333	NoSynthComparative	0.25	FullSynthComparison	0.25	OnlySuperlative	0.25	NoSynthSuperlative	0.25	MTwo	0.333333333333	MOne	0.333333333333	MThree	0.333333333333	NormalClassifyingCapitalization	1.0	Past	0.333333333333	Future	0.333333333333	Present	0.333333333333	Noun	1.0	ZeroDoubleConjunct	1.0	NotCommonChild	1.0	Accusative	0.142857142857	Prepositional	0.142857142857	Dative	0.142857142857	Locative	0.142857142857	Genitive	0.142857142857	Partitive	0.142857142857	Nominative	0.142857142857	RCDemonstrative	0.111111111111	RCNegative	0.111111111111	RCNoun	0.111111111111	RCPossessive	0.111111111111	RCIndefinite	0.111111111111	RCPersonal	0.111111111111	RCReflexive	0.111111111111	RCInterrogative	0.111111111111	RCAttributive	0.111111111111	NoPlacement	1.0	Perfective	0.5	Imperfective	0.5	NotDefaultFiller	1.0	Feminine	1.0	NoLeftmostPlacement	1.0	UnIterat	0.5	Iterat	0.5	NoRightmostPlacement	1.0	NotLeftConjunct	1.0	PersonFirst	0.25	PersonThird	0.25	PersonSecond	0.25	PersonZero	0.25	Active	0.333333333333	Passive	0.333333333333	VoiceSya	0.333333333333	VerbTransitive	0.25	VerbIntransitive	0.25	VerbIntransitiveSpecial	0.25	VerbTransitiveSpecial	0.25	NotRightConjunct	1.0	NoSpecialCaseForm	1.0	NoContrast	1.0	NormalCapitalization	1.0	V_Prefixoid	0.0416666666667	POL_Prefixoid	0.0416666666667	PO_Prefixoid	0.0416666666667	Letter_Prefixoid	0.0416666666667	InternMod_Prefixoid	0.0416666666667	Chem_Prefixoid	0.0416666666667	BES_Prefixoid	0.0416666666667	Chemical_Possible	0.0416666666667	VPOL_Prefixoid	0.0416666666667	Eval_Prefixoid	0.0416666666667	InternModEr_Prefixoid	0.0416666666667	Rus_Prefixoid	0.0416666666667	Intern_ReducedPrefixoid	0.0416666666667	NI_Prefixoid	0.0416666666667	Reduced_Prefixoid	0.0416666666667	NAI_Prefixoid	0.0416666666667	Intern_Prefixoid	0.0416666666667	BEZer_Prefixoid	0.0416666666667	InternHy_Prefixoid	0.0416666666667	KOE_Prefixoid	0.0416666666667	ProperNamePrefixoid	0.0416666666667	RusHy_Prefixoid	0.0416666666667	BEZ_Prefixoid	0.0416666666667	NE_Prefixoid	0.0416666666667	ParticipleShortForm	0.5	ParticipleFullForm	0.5	Plural	0.5	Singular	0.5	Four	0.2	SevenEight	0.2	Two	0.2	Three	0.2	FiveAndMore	0.2	AdjectiveFullForm	0.333333333333	AdjectiveShortFlectional	0.333333333333	AdjectiveShortForm	0.333333333333	NounProperNameDimin	0.111111111111	NounProperName	0.111111111111	NounProperGeneral	0.111111111111	NounProperTown	0.111111111111	NounProperSurNameFlective	0.111111111111	NounProperPatronymic	0.111111111111	AdjectiveProper	0.111111111111	AbbrProperGeneral	0.111111111111	NounProperSurNameForeign	0.111111111111	NormalNumberParadigm	1.0	FullRealization	1.0
95	100	Белого	Белого	488295	488294	Animate	0.75	Inanimate	0.25	NonReflexive	0.25	ImperfectiveReflexivity	0.25	Reflexive	0.25	FullReflexivity	0.25	NormalMorphForm	1.0	DefectOne	0.2	DefectFour	0.2	Byt	0.2	DefectThree	0.2	DefectTwo	0.2	GTAdjective	0.5	GTNoun	0.5	NotEllipted	1.0	VocalForm	0.5	NForm	0.5	NotControlled	1.0	ZeroTypeOfCoordination	1.0	NoCompositeness	1.0	DegreeComparative	0.166666666667	DegreeSuperlative	0.166666666667	DegreePositive	0.666666666667	Adverb_With_Hyphen	0.5	Adverb_Un_Hyphen	0.5	DeclensionMixed	0.125	DeclensionAdjectival	0.625	DeclensionNominal	0.125	Indeclinable	0.125	Un_Comp_Suf	1.0	BiAspectual	0.333333333333	MonoAspectual	0.333333333333	Paired	0.333333333333	NoSynthComparative	0.125	FullSynthComparison	0.625	OnlySuperlative	0.125	NoSynthSuperlative	0.125	MTwo	0.333333333333	MOne	0.333333333333	MThree	0.333333333333	NormalClassifyingCapitalization	1.0	Past	0.333333333333	Future	0.333333333333	Present	0.333333333333	Adjective	0.5	Noun	0.5	ZeroDoubleConjunct	1.0	NotCommonChild	1.0	Accusative	0.333333333333	Genitive	0.333333333333	Partitive	0.333333333333	RCDemonstrative	0.111111111111	RCNegative	0.111111111111	RCNoun	0.111111111111	RCPossessive	0.111111111111	RCIndefinite	0.111111111111	RCPersonal	0.111111111111	RCReflexive	0.111111111111	RCInterrogative	0.111111111111	RCAttributive	0.111111111111	NoPlacement	1.0	Perfective	0.5	Imperfective	0.5	NotDefaultFiller	1.0	Masculine	0.75	Neuter	0.25	NoLeftmostPlacement	1.0	UnIterat	0.5	Iterat	0.5	NoRightmostPlacement	1.0	NotLeftConjunct	1.0	PersonFirst	0.25	PersonThird	0.25	PersonSecond	0.25	PersonZero	0.25	Active	0.333333333333	Passive	0.333333333333	VoiceSya	0.333333333333	VerbTransitive	0.25	VerbIntransitive	0.25	VerbIntransitiveSpecial	0.25	VerbTransitiveSpecial	0.25	NotRightConjunct	1.0	Plural_consonant	0.0555555555556	Genitive_Locative_u	0.0555555555556	Locative_u	0.0555555555556	NoSpecialCaseForm	0.555555555556	SpecialVocative	0.0555555555556	GenitivePlural_Zero	0.0555555555556	SpecialPlual	0.0555555555556	NominativePlural_a	0.0555555555556	Genitive_u	0.0555555555556	NoContrast	1.0	NormalCapitalization	1.0	V_Prefixoid	0.0416666666667	POL_Prefixoid	0.0416666666667	PO_Prefixoid	0.0416666666667	Letter_Prefixoid	0.0416666666667	InternMod_Prefixoid	0.0416666666667	Chem_Prefixoid	0.0416666666667	BES_Prefixoid	0.0416666666667	Chemical_Possible	0.0416666666667	VPOL_Prefixoid	0.0416666666667	Eval_Prefixoid	0.0416666666667	InternModEr_Prefixoid	0.0416666666667	Rus_Prefixoid	0.0416666666667	Intern_ReducedPrefixoid	0.0416666666667	NI_Prefixoid	0.0416666666667	Reduced_Prefixoid	0.0416666666667	NAI_Prefixoid	0.0416666666667	Intern_Prefixoid	0.0416666666667	BEZer_Prefixoid	0.0416666666667	InternHy_Prefixoid	0.0416666666667	KOE_Prefixoid	0.0416666666667	ProperNamePrefixoid	0.0416666666667	RusHy_Prefixoid	0.0416666666667	BEZ_Prefixoid	0.0416666666667	NE_Prefixoid	0.0416666666667	ParticipleShortForm	0.5	ParticipleFullForm	0.5	Singular	1.0	Four	0.2	SevenEight	0.2	Two	0.2	Three	0.2	FiveAndMore	0.2	AdjectiveFullForm	0.666666666667	AdjectiveShortFlectional	0.166666666667	AdjectiveShortForm	0.166666666667	NounProperNameDimin	0.0555555555556	NounProperName	0.0555555555556	NounProperGeneral	0.0555555555556	NounProperTown	0.0555555555556	NounProperSurNameFlective	0.555555555556	NounProperPatronymic	0.0555555555556	AdjectiveProper	0.0555555555556	AbbrProperGeneral	0.0555555555556	NounProperSurNameForeign	0.0555555555556	NormalNumberParadigm	1.0	FullRealization	1.0
95	107	дома	дома	488294	488292	Animate	0.25	Inanimate	0.75	NonReflexive	0.25	ImperfectiveReflexivity	0.25	Reflexive	0.25	FullReflexivity	0.25	NormalMorphForm	1.0	DefectOne	0.2	DefectFour	0.2	Byt	0.2	DefectThree	0.2	DefectTwo	0.2	GTAdverb	0.5	GTNoun	0.5	NotEllipted	1.0	VocalForm	0.5	NForm	0.5	NotControlled	1.0	ZeroTypeOfCoordination	1.0	Composite_ComplexNumeral	0.0357142857143	Composite_cko	0.0357142857143	NoCompositeness	0.535714285714	Composite_cki	0.0357142857143	Composite_o	0.0357142857143	Composite_NumeralFull	0.0357142857143	Composite_NumeralShort	0.0357142857143	Composite_null	0.0357142857143	Composite_iko	0.0357142857143	Composite_sko	0.0357142857143	Composite_e	0.0357142857143	Composite_Numeral	0.0357142857143	Composite_usek	0.0357142857143	Composite_ski	0.0357142857143	DegreeComparative	0.166666666667	DegreeSuperlative	0.166666666667	DegreePositive	0.666666666667	Adverb_With_Hyphen	0.25	Adverb_Un_Hyphen	0.75	DeclensionMixed	0.125	DeclensionAdjectival	0.125	DeclensionNominal	0.625	Indeclinable	0.125	Comp_PunctuatorPref	0.03125	Comp_Suffixoid_Num_IJ	0.03125	Comp_PunctuatorPostSeparable	0.03125	Un_Comp_Suf	0.53125	Comp_SuffixoidAbbr	0.03125	Comp_Noun	0.03125	Comp_Suffixoid_Num_J	0.03125	Comp_PunctuatorPost	0.03125	Comp_PunctuatorPrefSeparable	0.03125	Comp_Suffixoid_Num_OJ	0.03125	Comp_Prefixoid	0.03125	Comp_Suffixoid	0.03125	Comp_Suffixoid_Chem	0.03125	Comp_Suffixoid_Num_PercentYJ	0.03125	Comp_Suffixoid_Num_YJ	0.03125	Comp_Adj	0.03125	BiAspectual	0.333333333333	MonoAspectual	0.333333333333	Paired	0.333333333333	NoSynthComparative	0.625	FullSynthComparison	0.125	OnlySuperlative	0.125	NoSynthSuperlative	0.125	MTwo	0.333333333333	MOne	0.333333333333	MThree	0.333333333333	NormalClassifyingCapitalization	1.0	Past	0.333333333333	Future	0.333333333333	Present	0.333333333333	Noun	0.5	Adverb	0.5	ZeroDoubleConjunct	1.0	NotCommonChild	1.0	Accusative	0.212121212121	Prepositional	0.0454545454545	Instrumental	0.0454545454545	Dative	0.0454545454545	ZeroCase	0.0454545454545	Locative	0.0454545454545	Genitive	0.212121212121	Partitive	0.0454545454545	Nominative	0.212121212121	DativeSpecial	0.0454545454545	Vocative	0.0454545454545	RCDemonstrative	0.111111111111	RCNegative	0.111111111111	RCNoun	0.111111111111	RCPossessive	0.111111111111	RCIndefinite	0.111111111111	RCPersonal	0.111111111111	RCReflexive	0.111111111111	RCInterrogative	0.111111111111	RCAttributive	0.111111111111	NoPlacement	1.0	Perfective	0.5	Imperfective	0.5	NotDefaultFiller	1.0	Feminine	0.125	Common	0.125	Masculine	0.625	Neuter	0.125	NoLeftmostPlacement	1.0	UnIterat	0.5	Iterat	0.5	NoRightmostPlacement	1.0	NotLeftConjunct	1.0	PersonFirst	0.25	PersonThird	0.25	PersonSecond	0.25	PersonZero	0.25	Active	0.333333333333	Passive	0.333333333333	VoiceSya	0.333333333333	VerbTransitive	0.25	VerbIntransitive	0.25	VerbIntransitiveSpecial	0.25	VerbTransitiveSpecial	0.25	NotRightConjunct	1.0	Plural_consonant	0.0555555555556	Genitive_Locative_u	0.0555555555556	Locative_u	0.0555555555556	NoSpecialCaseForm	0.555555555556	SpecialVocative	0.0555555555556	GenitivePlural_Zero	0.0555555555556	SpecialPlual	0.0555555555556	NominativePlural_a	0.0555555555556	Genitive_u	0.0555555555556	NoContrast	1.0	NormalCapitalization	1.0	V_Prefixoid	0.0416666666667	POL_Prefixoid	0.0416666666667	PO_Prefixoid	0.0416666666667	Letter_Prefixoid	0.0416666666667	InternMod_Prefixoid	0.0416666666667	Chem_Prefixoid	0.0416666666667	BES_Prefixoid	0.0416666666667	Chemical_Possible	0.0416666666667	VPOL_Prefixoid	0.0416666666667	Eval_Prefixoid	0.0416666666667	InternModEr_Prefixoid	0.0416666666667	Rus_Prefixoid	0.0416666666667	Intern_ReducedPrefixoid	0.0416666666667	NI_Prefixoid	0.0416666666667	Reduced_Prefixoid	0.0416666666667	NAI_Prefixoid	0.0416666666667	Intern_Prefixoid	0.0416666666667	BEZer_Prefixoid	0.0416666666667	InternHy_Prefixoid	0.0416666666667	KOE_Prefixoid	0.0416666666667	ProperNamePrefixoid	0.0416666666667	RusHy_Prefixoid	0.0416666666667	BEZ_Prefixoid	0.0416666666667	NE_Prefixoid	0.0416666666667	ParticipleShortForm	0.5	ParticipleFullForm	0.5	Plural	0.5	Singular	0.5	Four	0.2	SevenEight	0.2	Two	0.2	Three	0.2	FiveAndMore	0.2	AdjectiveFullForm	0.333333333333	AdjectiveShortFlectional	0.333333333333	AdjectiveShortForm	0.333333333333	NounProperNameDimin	0.111111111111	NounProperName	0.111111111111	NounProperGeneral	0.111111111111	NounProperTown	0.111111111111	NounProperSurNameFlective	0.111111111111	NounProperPatronymic	0.111111111111	AdjectiveProper	0.111111111111	AbbrProperGeneral	0.111111111111	NounProperSurNameForeign	0.111111111111	NormalNumberParadigm	1.0	FullRealization	1.0
95	112	о	о	488297	488296	Animate	0.333333333333	Inanimate	0.666666666667	NonReflexive	0.25	ImperfectiveReflexivity	0.25	Reflexive	0.25	FullReflexivity	0.25	NormalMorphForm	1.0	DefectOne	0.2	DefectFour	0.2	Byt	0.2	DefectThree	0.2	DefectTwo	0.2	GTInvariable	0.666666666667	GTNoun	0.333333333333	NotEllipted	1.0	VocalForm	0.5	NForm	0.5	NotControlled	1.0	ZeroTypeOfCoordination	1.0	Composite_ComplexNumeral	0.047619047619	Composite_cko	0.047619047619	NoCompositeness	0.380952380952	Composite_cki	0.047619047619	Composite_o	0.047619047619	Composite_NumeralFull	0.047619047619	Composite_NumeralShort	0.047619047619	Composite_null	0.047619047619	Composite_iko	0.047619047619	Composite_sko	0.047619047619	Composite_e	0.047619047619	Composite_Numeral	0.047619047619	Composite_usek	0.047619047619	Composite_ski	0.047619047619	DegreeComparative	0.333333333333	DegreeSuperlative	0.333333333333	DegreePositive	0.333333333333	Adverb_With_Hyphen	0.5	Adverb_Un_Hyphen	0.5	DeclensionMixed	0.166666666667	DeclensionAdjectival	0.166666666667	DeclensionNominal	0.166666666667	Indeclinable	0.5	Comp_PunctuatorPref	0.0416666666667	Comp_Suffixoid_Num_IJ	0.0416666666667	Comp_PunctuatorPostSeparable	0.0416666666667	Un_Comp_Suf	0.0416666666667	Comp_SuffixoidAbbr	0.0416666666667	Comp_Noun	0.0416666666667	Comp_Suffixoid_Num_J	0.0416666666667	Comp_PunctuatorPost	0.0416666666667	Comp_PunctuatorPrefSeparable	0.375	Comp_Suffixoid_Num_OJ	0.0416666666667	Comp_Prefixoid	0.0416666666667	Comp_Suffixoid	0.0416666666667	Comp_Suffixoid_Chem	0.0416666666667	Comp_Suffixoid_Num_PercentYJ	0.0416666666667	Comp_Suffixoid_Num_YJ	0.0416666666667	Comp_Adj	0.0416666666667	BiAspectual	0.333333333333	MonoAspectual	0.333333333333	Paired	0.333333333333	NoSynthComparative	0.25	FullSynthComparison	0.25	OnlySuperlative	0.25	NoSynthSuperlative	0.25	MTwo	0.333333333333	MOne	0.333333333333	MThree	0.333333333333	NormalClassifyingCapitalization	1.0	Past	0.333333333333	Future	0.333333333333	Present	0.333333333333	Preposition	0.333333333333	Noun	0.333333333333	Interjection	0.333333333333	ZeroDoubleConjunct	1.0	NotCommonChild	1.0	Accusative	0.102272727273	Prepositional	0.102272727273	Instrumental	0.102272727273	Dative	0.102272727273	ZeroCase	0.0606060606061	Locative	0.102272727273	Genitive	0.102272727273	Partitive	0.102272727273	Nominative	0.102272727273	DativeSpecial	0.0606060606061	Vocative	0.0606060606061	RCDemonstrative	0.111111111111	RCNegative	0.111111111111	RCNoun	0.111111111111	RCPossessive	0.111111111111	RCIndefinite	0.111111111111	RCPersonal	0.111111111111	RCReflexive	0.111111111111	RCInterrogative	0.111111111111	RCAttributive	0.111111111111	NoPlacement	1.0	Perfective	0.5	Imperfective	0.5	NotDefaultFiller	1.0	Feminine	0.166666666667	Common	0.166666666667	Masculine	0.5	Neuter	0.166666666667	NoLeftmostPlacement	1.0	UnIterat	0.5	Iterat	0.5	NoRightmostPlacement	1.0	NotLeftConjunct	1.0	PersonFirst	0.25	PersonThird	0.25	PersonSecond	0.25	PersonZero	0.25	Active	0.333333333333	Passive	0.333333333333	VoiceSya	0.333333333333	VerbTransitive	0.25	VerbIntransitive	0.25	VerbIntransitiveSpecial	0.25	VerbTransitiveSpecial	0.25	NotRightConjunct	1.0	Plural_consonant	0.111111111111	Genitive_Locative_u	0.111111111111	Locative_u	0.111111111111	NoSpecialCaseForm	0.111111111111	SpecialVocative	0.111111111111	GenitivePlural_Zero	0.111111111111	SpecialPlual	0.111111111111	NominativePlural_a	0.111111111111	Genitive_u	0.111111111111	NoContrast	1.0	NormalCapitalization	1.0	V_Prefixoid	0.0416666666667	POL_Prefixoid	0.0416666666667	PO_Prefixoid	0.0416666666667	Letter_Prefixoid	0.0416666666667	InternMod_Prefixoid	0.0416666666667	Chem_Prefixoid	0.0416666666667	BES_Prefixoid	0.0416666666667	Chemical_Possible	0.0416666666667	VPOL_Prefixoid	0.0416666666667	Eval_Prefixoid	0.0416666666667	InternModEr_Prefixoid	0.0416666666667	Rus_Prefixoid	0.0416666666667	Intern_ReducedPrefixoid	0.0416666666667	NI_Prefixoid	0.0416666666667	Reduced_Prefixoid	0.0416666666667	NAI_Prefixoid	0.0416666666667	Intern_Prefixoid	0.0416666666667	BEZer_Prefixoid	0.0416666666667	InternHy_Prefixoid	0.0416666666667	KOE_Prefixoid	0.0416666666667	ProperNamePrefixoid	0.0416666666667	RusHy_Prefixoid	0.0416666666667	BEZ_Prefixoid	0.0416666666667	NE_Prefixoid	0.0416666666667	ParticipleShortForm	0.5	ParticipleFullForm	0.5	Plural	0.333333333333	Singular	0.666666666667	Four	0.2	SevenEight	0.2	Two	0.2	Three	0.2	FiveAndMore	0.2	AdjectiveFullForm	0.333333333333	AdjectiveShortFlectional	0.333333333333	AdjectiveShortForm	0.333333333333	NounProperNameDimin	0.0740740740741	NounProperName	0.0740740740741	NounProperGeneral	0.0740740740741	NounProperTown	0.0740740740741	NounProperSurNameFlective	0.0740740740741	NounProperPatronymic	0.0740740740741	AdjectiveProper	0.0740740740741	AbbrProperGeneral	0.407407407407	NounProperSurNameForeign	0.0740740740741	SingulariaTantum	0.333333333333	NormalNumberParadigm	0.666666666667	FullRealization	1.0
95	114	размещении	размещении	488296	488289	Inanimate	1.0	NonReflexive	0.25	ImperfectiveReflexivity	0.25	Reflexive	0.25	FullReflexivity	0.25	NormalMorphForm	1.0	DefectOne	0.2	DefectFour	0.2	Byt	0.2	DefectThree	0.2	DefectTwo	0.2	GTNoun	1.0	NotEllipted	1.0	VocalForm	0.5	NForm	0.5	NotControlled	1.0	ZeroTypeOfCoordination	1.0	NoCompositeness	1.0	DegreeComparative	0.333333333333	DegreeSuperlative	0.333333333333	DegreePositive	0.333333333333	Adverb_With_Hyphen	0.5	Adverb_Un_Hyphen	0.5	DeclensionNominal	1.0	Un_Comp_Suf	1.0	BiAspectual	0.333333333333	MonoAspectual	0.333333333333	Paired	0.333333333333	NoSynthComparative	0.25	FullSynthComparison	0.25	OnlySuperlative	0.25	NoSynthSuperlative	0.25	MTwo	0.333333333333	MOne	0.333333333333	MThree	0.333333333333	NormalClassifyingCapitalization	1.0	Past	0.333333333333	Future	0.333333333333	Present	0.333333333333	Noun	1.0	ZeroDoubleConjunct	1.0	NotCommonChild	1.0	Prepositional	0.5	Locative	0.5	RCDemonstrative	0.111111111111	RCNegative	0.111111111111	RCNoun	0.111111111111	RCPossessive	0.111111111111	RCIndefinite	0.111111111111	RCPersonal	0.111111111111	RCReflexive	0.111111111111	RCInterrogative	0.111111111111	RCAttributive	0.111111111111	NoPlacement	1.0	Perfective	0.5	Imperfective	0.5	NotDefaultFiller	1.0	Neuter	1.0	NoLeftmostPlacement	1.0	UnIterat	0.5	Iterat	0.5	NoRightmostPlacement	1.0	NotLeftConjunct	1.0	PersonFirst	0.25	PersonThird	0.25	PersonSecond	0.25	PersonZero	0.25	Active	0.333333333333	Passive	0.333333333333	VoiceSya	0.333333333333	VerbTransitive	0.25	VerbIntransitive	0.25	VerbIntransitiveSpecial	0.25	VerbTransitiveSpecial	0.25	NotRightConjunct	1.0	NoSpecialCaseForm	1.0	NoContrast	1.0	NormalCapitalization	1.0	V_Prefixoid	0.0416666666667	POL_Prefixoid	0.0416666666667	PO_Prefixoid	0.0416666666667	Letter_Prefixoid	0.0416666666667	InternMod_Prefixoid	0.0416666666667	Chem_Prefixoid	0.0416666666667	BES_Prefixoid	0.0416666666667	Chemical_Possible	0.0416666666667	VPOL_Prefixoid	0.0416666666667	Eval_Prefixoid	0.0416666666667	InternModEr_Prefixoid	0.0416666666667	Rus_Prefixoid	0.0416666666667	Intern_ReducedPrefixoid	0.0416666666667	NI_Prefixoid	0.0416666666667	Reduced_Prefixoid	0.0416666666667	NAI_Prefixoid	0.0416666666667	Intern_Prefixoid	0.0416666666667	BEZer_Prefixoid	0.0416666666667	InternHy_Prefixoid	0.0416666666667	KOE_Prefixoid	0.0416666666667	ProperNamePrefixoid	0.0416666666667	RusHy_Prefixoid	0.0416666666667	BEZ_Prefixoid	0.0416666666667	NE_Prefixoid	0.0416666666667	ParticipleShortForm	0.5	ParticipleFullForm	0.5	Singular	1.0	Four	0.2	SevenEight	0.2	Two	0.2	Three	0.2	FiveAndMore	0.2	AdjectiveFullForm	0.333333333333	AdjectiveShortFlectional	0.333333333333	AdjectiveShortForm	0.333333333333	NounProperNameDimin	0.111111111111	NounProperName	0.111111111111	NounProperGeneral	0.111111111111	NounProperTown	0.111111111111	NounProperSurNameFlective	0.111111111111	NounProperPatronymic	0.111111111111	AdjectiveProper	0.111111111111	AbbrProperGeneral	0.111111111111	NounProperSurNameForeign	0.111111111111	NormalNumberParadigm	1.0	FullRealization	1.0
95	125	в	в	488299	488298	Animate	0.25	Inanimate	0.75	NonReflexive	0.25	ImperfectiveReflexivity	0.25	Reflexive	0.25	FullReflexivity	0.25	NormalMorphForm	1.0	DefectOne	0.2	DefectFour	0.2	Byt	0.2	DefectThree	0.2	DefectTwo	0.2	GTInvariable	0.5	GTNoun	0.5	NotEllipted	1.0	VocalForm	0.5	NForm	0.5	NotControlled	1.0	ZeroTypeOfCoordination	1.0	Composite_ComplexNumeral	0.0357142857143	Composite_cko	0.0357142857143	NoCompositeness	0.535714285714	Composite_cki	0.0357142857143	Composite_o	0.0357142857143	Composite_NumeralFull	0.0357142857143	Composite_NumeralShort	0.0357142857143	Composite_null	0.0357142857143	Composite_iko	0.0357142857143	Composite_sko	0.0357142857143	Composite_e	0.0357142857143	Composite_Numeral	0.0357142857143	Composite_usek	0.0357142857143	Composite_ski	0.0357142857143	DegreeComparative	0.333333333333	DegreeSuperlative	0.333333333333	DegreePositive	0.333333333333	Adverb_With_Hyphen	0.5	Adverb_Un_Hyphen	0.5	DeclensionMixed	0.125	DeclensionAdjectival	0.125	DeclensionNominal	0.125	Indeclinable	0.625	Comp_PunctuatorPref	0.03125	Comp_Suffixoid_Num_IJ	0.03125	Comp_PunctuatorPostSeparable	0.53125	Un_Comp_Suf	0.03125	Comp_SuffixoidAbbr	0.03125	Comp_Noun	0.03125	Comp_Suffixoid_Num_J	0.03125	Comp_PunctuatorPost	0.03125	Comp_PunctuatorPrefSeparable	0.03125	Comp_Suffixoid_Num_OJ	0.03125	Comp_Prefixoid	0.03125	Comp_Suffixoid	0.03125	Comp_Suffixoid_Chem	0.03125	Comp_Suffixoid_Num_PercentYJ	0.03125	Comp_Suffixoid_Num_YJ	0.03125	Comp_Adj	0.03125	BiAspectual	0.333333333333	MonoAspectual	0.333333333333	Paired	0.333333333333	NoSynthComparative	0.25	FullSynthComparison	0.25	OnlySuperlative	0.25	NoSynthSuperlative	0.25	MTwo	0.333333333333	MOne	0.333333333333	MThree	0.333333333333	NormalClassifyingCapitalization	1.0	Past	0.333333333333	Future	0.333333333333	Present	0.333333333333	Preposition	0.5	Noun	0.5	ZeroDoubleConjunct	1.0	NotCommonChild	1.0	Accusative	0.107954545455	Prepositional	0.107954545455	Instrumental	0.107954545455	Dative	0.107954545455	ZeroCase	0.0454545454545	Locative	0.107954545455	Genitive	0.107954545455	Partitive	0.107954545455	Nominative	0.107954545455	DativeSpecial	0.0454545454545	Vocative	0.0454545454545	RCDemonstrative	0.111111111111	RCNegative	0.111111111111	RCNoun	0.111111111111	RCPossessive	0.111111111111	RCIndefinite	0.111111111111	RCPersonal	0.111111111111	RCReflexive	0.111111111111	RCInterrogative	0.111111111111	RCAttributive	0.111111111111	NoPlacement	1.0	Perfective	0.5	Imperfective	0.5	NotDefaultFiller	1.0	Feminine	0.125	Common	0.125	Masculine	0.625	Neuter	0.125	NoLeftmostPlacement	1.0	UnIterat	0.5	Iterat	0.5	NoRightmostPlacement	1.0	NotLeftConjunct	1.0	PersonFirst	0.25	PersonThird	0.25	PersonSecond	0.25	PersonZero	0.25	Active	0.333333333333	Passive	0.333333333333	VoiceSya	0.333333333333	VerbTransitive	0.25	VerbIntransitive	0.25	VerbIntransitiveSpecial	0.25	VerbTransitiveSpecial	0.25	NotRightConjunct	1.0	Plural_consonant	0.111111111111	Genitive_Locative_u	0.111111111111	Locative_u	0.111111111111	NoSpecialCaseForm	0.111111111111	SpecialVocative	0.111111111111	GenitivePlural_Zero	0.111111111111	SpecialPlual	0.111111111111	NominativePlural_a	0.111111111111	Genitive_u	0.111111111111	NoContrast	1.0	NormalCapitalization	1.0	V_Prefixoid	0.0416666666667	POL_Prefixoid	0.0416666666667	PO_Prefixoid	0.0416666666667	Letter_Prefixoid	0.0416666666667	InternMod_Prefixoid	0.0416666666667	Chem_Prefixoid	0.0416666666667	BES_Prefixoid	0.0416666666667	Chemical_Possible	0.0416666666667	VPOL_Prefixoid	0.0416666666667	Eval_Prefixoid	0.0416666666667	InternModEr_Prefixoid	0.0416666666667	Rus_Prefixoid	0.0416666666667	Intern_ReducedPrefixoid	0.0416666666667	NI_Prefixoid	0.0416666666667	Reduced_Prefixoid	0.0416666666667	NAI_Prefixoid	0.0416666666667	Intern_Prefixoid	0.0416666666667	BEZer_Prefixoid	0.0416666666667	InternHy_Prefixoid	0.0416666666667	KOE_Prefixoid	0.0416666666667	ProperNamePrefixoid	0.0416666666667	RusHy_Prefixoid	0.0416666666667	BEZ_Prefixoid	0.0416666666667	NE_Prefixoid	0.0416666666667	ParticipleShortForm	0.5	ParticipleFullForm	0.5	Plural	0.5	Singular	0.5	Four	0.2	SevenEight	0.2	Two	0.2	Three	0.2	FiveAndMore	0.2	AdjectiveFullForm	0.333333333333	AdjectiveShortFlectional	0.333333333333	AdjectiveShortForm	0.333333333333	NounProperNameDimin	0.111111111111	NounProperName	0.111111111111	NounProperGeneral	0.111111111111	NounProperTown	0.111111111111	NounProperSurNameFlective	0.111111111111	NounProperPatronymic	0.111111111111	AdjectiveProper	0.111111111111	AbbrProperGeneral	0.111111111111	NounProperSurNameForeign	0.111111111111	NormalNumberParadigm	1.0	FullRealization	1.0
95	127	Восточной	Восточной	488300	488298	Animate	0.166666666667	Inanimate	0.166666666667	NonReflexive	0.0833333333333	ImperfectiveReflexivity	0.0833333333333	Reflexive	0.0833333333333	FullReflexivity	0.0833333333333	NormalMorphForm	1.0	DefectOne	0.0666666666667	DefectFour	0.0666666666667	Byt	0.0666666666667	DefectThree	0.0666666666667	DefectTwo	0.0666666666667	GTAdjective	0.333333333333	NotEllipted	1.0	VocalForm	0.166666666667	NForm	0.166666666667	NotControlled	1.0	ZeroTypeOfCoordination	1.0	NoCompositeness	0.333333333333	DegreePositive	0.333333333333	Adverb_With_Hyphen	0.166666666667	Adverb_Un_Hyphen	0.166666666667	DeclensionMixed	0.0833333333333	DeclensionAdjectival	0.0833333333333	DeclensionNominal	0.0833333333333	Indeclinable	0.0833333333333	Un_Comp_Suf	0.333333333333	BiAspectual	0.111111111111	MonoAspectual	0.111111111111	Paired	0.111111111111	NoSynthSuperlative	0.333333333333	MTwo	0.111111111111	MOne	0.111111111111	MThree	0.111111111111	NormalClassifyingCapitalization	1.0	Past	0.111111111111	Future	0.111111111111	Present	0.111111111111	Adjective	0.333333333333	ZeroDoubleConjunct	1.0	NotCommonChild	1.0	Prepositional	0.0555555555556	Instrumental	0.0555555555556	Dative	0.0555555555556	Locative	0.0555555555556	Genitive	0.0555555555556	Partitive	0.0555555555556	RCDemonstrative	0.037037037037	RCNegative	0.037037037037	RCNoun	0.037037037037	RCPossessive	0.037037037037	RCIndefinite	0.037037037037	RCPersonal	0.037037037037	RCReflexive	0.037037037037	RCInterrogative	0.037037037037	RCAttributive	0.037037037037	NoPlacement	1.0	Perfective	0.166666666667	Imperfective	0.166666666667	NotDefaultFiller	1.0	Feminine	0.333333333333	NoLeftmostPlacement	1.0	UnIterat	0.166666666667	Iterat	0.166666666667	NoRightmostPlacement	1.0	NotLeftConjunct	1.0	PersonFirst	0.0833333333333	PersonThird	0.0833333333333	PersonSecond	0.0833333333333	PersonZero	0.0833333333333	Active	0.111111111111	Passive	0.111111111111	VoiceSya	0.111111111111	VerbTransitive	0.0833333333333	VerbIntransitive	0.0833333333333	VerbIntransitiveSpecial	0.0833333333333	VerbTransitiveSpecial	0.0833333333333	NotRightConjunct	1.0	Plural_consonant	0.037037037037	Genitive_Locative_u	0.037037037037	Locative_u	0.037037037037	NoSpecialCaseForm	0.037037037037	SpecialVocative	0.037037037037	GenitivePlural_Zero	0.037037037037	SpecialPlual	0.037037037037	NominativePlural_a	0.037037037037	Genitive_u	0.037037037037	NoContrast	1.0	NormalCapitalization	1.0	V_Prefixoid	0.0138888888889	POL_Prefixoid	0.0138888888889	PO_Prefixoid	0.0138888888889	Letter_Prefixoid	0.0138888888889	InternMod_Prefixoid	0.0138888888889	Chem_Prefixoid	0.0138888888889	BES_Prefixoid	0.0138888888889	Chemical_Possible	0.0138888888889	VPOL_Prefixoid	0.0138888888889	Eval_Prefixoid	0.0138888888889	InternModEr_Prefixoid	0.0138888888889	Rus_Prefixoid	0.0138888888889	Intern_ReducedPrefixoid	0.0138888888889	NI_Prefixoid	0.0138888888889	Reduced_Prefixoid	0.0138888888889	NAI_Prefixoid	0.0138888888889	Intern_Prefixoid	0.0138888888889	BEZer_Prefixoid	0.0138888888889	InternHy_Prefixoid	0.0138888888889	KOE_Prefixoid	0.0138888888889	ProperNamePrefixoid	0.0138888888889	RusHy_Prefixoid	0.0138888888889	BEZ_Prefixoid	0.0138888888889	NE_Prefixoid	0.0138888888889	ParticipleShortForm	0.166666666667	ParticipleFullForm	0.166666666667	Singular	0.333333333333	Four	0.0666666666667	SevenEight	0.0666666666667	Two	0.0666666666667	Three	0.0666666666667	FiveAndMore	0.0666666666667	AdjectiveFullForm	0.333333333333	NounProperNameDimin	0.037037037037	NounProperName	0.037037037037	NounProperGeneral	0.037037037037	NounProperTown	0.037037037037	NounProperSurNameFlective	0.037037037037	NounProperPatronymic	0.037037037037	AdjectiveProper	0.037037037037	AbbrProperGeneral	0.037037037037	NounProperSurNameForeign	0.037037037037	NormalNumberParadigm	1.0	FullRealization	1.0
95	137	Европе	Европе	488298	488296	Inanimate	1.0	NonReflexive	0.25	ImperfectiveReflexivity	0.25	Reflexive	0.25	FullReflexivity	0.25	NormalMorphForm	1.0	DefectOne	0.2	DefectFour	0.2	Byt	0.2	DefectThree	0.2	DefectTwo	0.2	GTNoun	1.0	NotEllipted	1.0	VocalForm	0.5	NForm	0.5	NotControlled	1.0	ZeroTypeOfCoordination	1.0	NoCompositeness	1.0	DegreeComparative	0.333333333333	DegreeSuperlative	0.333333333333	DegreePositive	0.333333333333	Adverb_With_Hyphen	0.5	Adverb_Un_Hyphen	0.5	DeclensionNominal	1.0	Un_Comp_Suf	1.0	BiAspectual	0.333333333333	MonoAspectual	0.333333333333	Paired	0.333333333333	NoSynthComparative	0.25	FullSynthComparison	0.25	OnlySuperlative	0.25	NoSynthSuperlative	0.25	MTwo	0.333333333333	MOne	0.333333333333	MThree	0.333333333333	NormalClassifyingCapitalization	1.0	Past	0.333333333333	Future	0.333333333333	Present	0.333333333333	Noun	1.0	ZeroDoubleConjunct	1.0	NotCommonChild	1.0	Dative	0.333333333333	Prepositional	0.333333333333	Locative	0.333333333333	RCDemonstrative	0.111111111111	RCNegative	0.111111111111	RCNoun	0.111111111111	RCPossessive	0.111111111111	RCIndefinite	0.111111111111	RCPersonal	0.111111111111	RCReflexive	0.111111111111	RCInterrogative	0.111111111111	RCAttributive	0.111111111111	NoPlacement	1.0	Perfective	0.5	Imperfective	0.5	NotDefaultFiller	1.0	Feminine	1.0	NoLeftmostPlacement	1.0	UnIterat	0.5	Iterat	0.5	NoRightmostPlacement	1.0	NotLeftConjunct	1.0	PersonFirst	0.25	PersonThird	0.25	PersonSecond	0.25	PersonZero	0.25	Active	0.333333333333	Passive	0.333333333333	VoiceSya	0.333333333333	VerbTransitive	0.25	VerbIntransitive	0.25	VerbIntransitiveSpecial	0.25	VerbTransitiveSpecial	0.25	NotRightConjunct	1.0	NoSpecialCaseForm	1.0	NoContrast	1.0	NormalCapitalization	1.0	V_Prefixoid	0.0416666666667	POL_Prefixoid	0.0416666666667	PO_Prefixoid	0.0416666666667	Letter_Prefixoid	0.0416666666667	InternMod_Prefixoid	0.0416666666667	Chem_Prefixoid	0.0416666666667	BES_Prefixoid	0.0416666666667	Chemical_Possible	0.0416666666667	VPOL_Prefixoid	0.0416666666667	Eval_Prefixoid	0.0416666666667	InternModEr_Prefixoid	0.0416666666667	Rus_Prefixoid	0.0416666666667	Intern_ReducedPrefixoid	0.0416666666667	NI_Prefixoid	0.0416666666667	Reduced_Prefixoid	0.0416666666667	NAI_Prefixoid	0.0416666666667	Intern_Prefixoid	0.0416666666667	BEZer_Prefixoid	0.0416666666667	InternHy_Prefixoid	0.0416666666667	KOE_Prefixoid	0.0416666666667	ProperNamePrefixoid	0.0416666666667	RusHy_Prefixoid	0.0416666666667	BEZ_Prefixoid	0.0416666666667	NE_Prefixoid	0.0416666666667	ParticipleShortForm	0.5	ParticipleFullForm	0.5	Singular	1.0	Four	0.2	SevenEight	0.2	Two	0.2	Three	0.2	FiveAndMore	0.2	AdjectiveFullForm	0.333333333333	AdjectiveShortFlectional	0.333333333333	AdjectiveShortForm	0.333333333333	NounProperGeneral	1.0	SingulariaTantum	1.0	FullRealization	1.0
95	144	элементов	элементов	488301	488296	Inanimate	1.0	NonReflexive	0.25	ImperfectiveReflexivity	0.25	Reflexive	0.25	FullReflexivity	0.25	NormalMorphForm	1.0	DefectOne	0.2	DefectFour	0.2	Byt	0.2	DefectThree	0.2	DefectTwo	0.2	GTNoun	1.0	NotEllipted	1.0	VocalForm	0.5	NForm	0.5	NotControlled	1.0	ZeroTypeOfCoordination	1.0	NoCompositeness	1.0	DegreeComparative	0.333333333333	DegreeSuperlative	0.333333333333	DegreePositive	0.333333333333	Adverb_With_Hyphen	0.5	Adverb_Un_Hyphen	0.5	DeclensionNominal	1.0	Un_Comp_Suf	1.0	BiAspectual	0.333333333333	MonoAspectual	0.333333333333	Paired	0.333333333333	NoSynthComparative	0.25	FullSynthComparison	0.25	OnlySuperlative	0.25	NoSynthSuperlative	0.25	MTwo	0.333333333333	MOne	0.333333333333	MThree	0.333333333333	NormalClassifyingCapitalization	1.0	Past	0.333333333333	Future	0.333333333333	Present	0.333333333333	Noun	1.0	ZeroDoubleConjunct	1.0	NotCommonChild	1.0	Genitive	0.5	Partitive	0.5	RCDemonstrative	0.111111111111	RCNegative	0.111111111111	RCNoun	0.111111111111	RCPossessive	0.111111111111	RCIndefinite	0.111111111111	RCPersonal	0.111111111111	RCReflexive	0.111111111111	RCInterrogative	0.111111111111	RCAttributive	0.111111111111	NoPlacement	1.0	Perfective	0.5	Imperfective	0.5	NotDefaultFiller	1.0	Masculine	1.0	NoLeftmostPlacement	1.0	UnIterat	0.5	Iterat	0.5	NoRightmostPlacement	1.0	NotLeftConjunct	1.0	PersonFirst	0.25	PersonThird	0.25	PersonSecond	0.25	PersonZero	0.25	Active	0.333333333333	Passive	0.333333333333	VoiceSya	0.333333333333	VerbTransitive	0.25	VerbIntransitive	0.25	VerbIntransitiveSpecial	0.25	VerbTransitiveSpecial	0.25	NotRightConjunct	1.0	NoSpecialCaseForm	1.0	NoContrast	1.0	NormalCapitalization	1.0	V_Prefixoid	0.0416666666667	POL_Prefixoid	0.0416666666667	PO_Prefixoid	0.0416666666667	Letter_Prefixoid	0.0416666666667	InternMod_Prefixoid	0.0416666666667	Chem_Prefixoid	0.0416666666667	BES_Prefixoid	0.0416666666667	Chemical_Possible	0.0416666666667	VPOL_Prefixoid	0.0416666666667	Eval_Prefixoid	0.0416666666667	InternModEr_Prefixoid	0.0416666666667	Rus_Prefixoid	0.0416666666667	Intern_ReducedPrefixoid	0.0416666666667	NI_Prefixoid	0.0416666666667	Reduced_Prefixoid	0.0416666666667	NAI_Prefixoid	0.0416666666667	Intern_Prefixoid	0.0416666666667	BEZer_Prefixoid	0.0416666666667	InternHy_Prefixoid	0.0416666666667	KOE_Prefixoid	0.0416666666667	ProperNamePrefixoid	0.0416666666667	RusHy_Prefixoid	0.0416666666667	BEZ_Prefixoid	0.0416666666667	NE_Prefixoid	0.0416666666667	ParticipleShortForm	0.5	ParticipleFullForm	0.5	Plural	1.0	Four	0.2	SevenEight	0.2	Two	0.2	Three	0.2	FiveAndMore	0.2	AdjectiveFullForm	0.333333333333	AdjectiveShortFlectional	0.333333333333	AdjectiveShortForm	0.333333333333	NounProperNameDimin	0.111111111111	NounProperName	0.111111111111	NounProperGeneral	0.111111111111	NounProperTown	0.111111111111	NounProperSurNameFlective	0.111111111111	NounProperPatronymic	0.111111111111	AdjectiveProper	0.111111111111	AbbrProperGeneral	0.111111111111	NounProperSurNameForeign	0.111111111111	NormalNumberParadigm	1.0	FullRealization	1.0
95	154	ПРО	ПРО	488302	488301	Animate	0.25	Inanimate	0.25	NonReflexive	0.125	ImperfectiveReflexivity	0.125	Reflexive	0.125	FullReflexivity	0.125	NormalMorphForm	1.0	DefectOne	0.1	DefectFour	0.1	Byt	0.1	DefectThree	0.1	DefectTwo	0.1	GTInvariable	0.5	NotEllipted	1.0	VocalForm	0.25	NForm	0.25	NotControlled	1.0	ZeroTypeOfCoordination	1.0	Composite_ComplexNumeral	0.0357142857143	Composite_cko	0.0357142857143	NoCompositeness	0.0357142857143	Composite_cki	0.0357142857143	Composite_o	0.0357142857143	Composite_NumeralFull	0.0357142857143	Composite_NumeralShort	0.0357142857143	Composite_null	0.0357142857143	Composite_iko	0.0357142857143	Composite_sko	0.0357142857143	Composite_e	0.0357142857143	Composite_Numeral	0.0357142857143	Composite_usek	0.0357142857143	Composite_ski	0.0357142857143	DegreeComparative	0.166666666667	DegreeSuperlative	0.166666666667	DegreePositive	0.166666666667	Adverb_With_Hyphen	0.25	Adverb_Un_Hyphen	0.25	DeclensionMixed	0.125	DeclensionAdjectival	0.125	DeclensionNominal	0.125	Indeclinable	0.125	Comp_PunctuatorPref	0.03125	Comp_Suffixoid_Num_IJ	0.03125	Comp_PunctuatorPostSeparable	0.03125	Un_Comp_Suf	0.03125	Comp_SuffixoidAbbr	0.03125	Comp_Noun	0.03125	Comp_Suffixoid_Num_J	0.03125	Comp_PunctuatorPost	0.03125	Comp_PunctuatorPrefSeparable	0.03125	Comp_Suffixoid_Num_OJ	0.03125	Comp_Prefixoid	0.03125	Comp_Suffixoid	0.03125	Comp_Suffixoid_Chem	0.03125	Comp_Suffixoid_Num_PercentYJ	0.03125	Comp_Suffixoid_Num_YJ	0.03125	Comp_Adj	0.03125	BiAspectual	0.166666666667	MonoAspectual	0.166666666667	Paired	0.166666666667	NoSynthComparative	0.125	FullSynthComparison	0.125	OnlySuperlative	0.125	NoSynthSuperlative	0.125	MTwo	0.166666666667	MOne	0.166666666667	MThree	0.166666666667	NormalClassifyingCapitalization	1.0	Past	0.166666666667	Future	0.166666666667	Present	0.166666666667	Preposition	0.5	ZeroDoubleConjunct	1.0	NotCommonChild	1.0	Accusative	0.0454545454545	Prepositional	0.0454545454545	Instrumental	0.0454545454545	Dative	0.0454545454545	ZeroCase	0.0454545454545	Locative	0.0454545454545	Genitive	0.0454545454545	Partitive	0.0454545454545	Nominative	0.0454545454545	DativeSpecial	0.0454545454545	Vocative	0.0454545454545	RCDemonstrative	0.0555555555556	RCNegative	0.0555555555556	RCNoun	0.0555555555556	RCPossessive	0.0555555555556	RCIndefinite	0.0555555555556	RCPersonal	0.0555555555556	RCReflexive	0.0555555555556	RCInterrogative	0.0555555555556	RCAttributive	0.0555555555556	NoPlacement	1.0	Perfective	0.25	Imperfective	0.25	NotDefaultFiller	1.0	Feminine	0.125	Common	0.125	Masculine	0.125	Neuter	0.125	NoLeftmostPlacement	1.0	UnIterat	0.25	Iterat	0.25	NoRightmostPlacement	1.0	NotLeftConjunct	1.0	PersonFirst	0.125	PersonThird	0.125	PersonSecond	0.125	PersonZero	0.125	Active	0.166666666667	Passive	0.166666666667	VoiceSya	0.166666666667	VerbTransitive	0.125	VerbIntransitive	0.125	VerbIntransitiveSpecial	0.125	VerbTransitiveSpecial	0.125	NotRightConjunct	1.0	Plural_consonant	0.0555555555556	Genitive_Locative_u	0.0555555555556	Locative_u	0.0555555555556	NoSpecialCaseForm	0.0555555555556	SpecialVocative	0.0555555555556	GenitivePlural_Zero	0.0555555555556	SpecialPlual	0.0555555555556	NominativePlural_a	0.0555555555556	Genitive_u	0.0555555555556	NoContrast	1.0	NormalCapitalization	1.0	V_Prefixoid	0.0208333333333	POL_Prefixoid	0.0208333333333	PO_Prefixoid	0.0208333333333	Letter_Prefixoid	0.0208333333333	InternMod_Prefixoid	0.0208333333333	Chem_Prefixoid	0.0208333333333	BES_Prefixoid	0.0208333333333	Chemical_Possible	0.0208333333333	VPOL_Prefixoid	0.0208333333333	Eval_Prefixoid	0.0208333333333	InternModEr_Prefixoid	0.0208333333333	Rus_Prefixoid	0.0208333333333	Intern_ReducedPrefixoid	0.0208333333333	NI_Prefixoid	0.0208333333333	Reduced_Prefixoid	0.0208333333333	NAI_Prefixoid	0.0208333333333	Intern_Prefixoid	0.0208333333333	BEZer_Prefixoid	0.0208333333333	InternHy_Prefixoid	0.0208333333333	KOE_Prefixoid	0.0208333333333	ProperNamePrefixoid	0.0208333333333	RusHy_Prefixoid	0.0208333333333	BEZ_Prefixoid	0.0208333333333	NE_Prefixoid	0.0208333333333	ParticipleShortForm	0.25	ParticipleFullForm	0.25	Plural	0.25	Singular	0.25	Four	0.1	SevenEight	0.1	Two	0.1	Three	0.1	FiveAndMore	0.1	AdjectiveFullForm	0.166666666667	AdjectiveShortFlectional	0.166666666667	AdjectiveShortForm	0.166666666667	NounProperNameDimin	0.0555555555556	NounProperName	0.0555555555556	NounProperGeneral	0.0555555555556	NounProperTown	0.0555555555556	NounProperSurNameFlective	0.0555555555556	NounProperPatronymic	0.0555555555556	AdjectiveProper	0.0555555555556	AbbrProperGeneral	0.0555555555556	NounProperSurNameForeign	0.0555555555556	NormalNumberParadigm	1.0	FullRealization	1.0
97	-1			488316	488313
97	-1			488331	488313
97	0	Туск	Туск	488304	488303	Animate	0.75	Inanimate	0.25	NonReflexive	0.625	ImperfectiveReflexivity	0.125	Reflexive	0.125	FullReflexivity	0.125	NormalMorphForm	1.0	DefectOne	0.2	DefectFour	0.2	Byt	0.2	DefectThree	0.2	DefectTwo	0.2	GTVerb	0.5	GTNoun	0.5	NotEllipted	1.0	VocalForm	0.5	NForm	0.5	NotControlled	1.0	ZeroTypeOfCoordination	1.0	Composite_ComplexNumeral	0.0357142857143	Composite_cko	0.0357142857143	NoCompositeness	0.535714285714	Composite_cki	0.0357142857143	Composite_o	0.0357142857143	Composite_NumeralFull	0.0357142857143	Composite_NumeralShort	0.0357142857143	Composite_null	0.0357142857143	Composite_iko	0.0357142857143	Composite_sko	0.0357142857143	Composite_e	0.0357142857143	Composite_Numeral	0.0357142857143	Composite_usek	0.0357142857143	Composite_ski	0.0357142857143	DegreeComparative	0.333333333333	DegreeSuperlative	0.333333333333	DegreePositive	0.333333333333	Adverb_With_Hyphen	0.5	Adverb_Un_Hyphen	0.5	DeclensionMixed	0.25	DeclensionAdjectival	0.25	DeclensionNominal	0.25	Indeclinable	0.25	Comp_PunctuatorPref	0.03125	Comp_Suffixoid_Num_IJ	0.03125	Comp_PunctuatorPostSeparable	0.03125	Un_Comp_Suf	0.53125	Comp_SuffixoidAbbr	0.03125	Comp_Noun	0.03125	Comp_Suffixoid_Num_J	0.03125	Comp_PunctuatorPost	0.03125	Comp_PunctuatorPrefSeparable	0.03125	Comp_Suffixoid_Num_OJ	0.03125	Comp_Prefixoid	0.03125	Comp_Suffixoid	0.03125	Comp_Suffixoid_Chem	0.03125	Comp_Suffixoid_Num_PercentYJ	0.03125	Comp_Suffixoid_Num_YJ	0.03125	Comp_Adj	0.03125	BiAspectual	0.166666666667	MonoAspectual	0.666666666667	Paired	0.166666666667	NoSynthComparative	0.25	FullSynthComparison	0.25	OnlySuperlative	0.25	NoSynthSuperlative	0.25	MTwo	0.333333333333	MOne	0.333333333333	MThree	0.333333333333	NormalClassifyingCapitalization	1.0	Past	0.666666666667	Future	0.166666666667	Present	0.166666666667	Verb	0.5	Noun	0.5	ZeroDoubleConjunct	1.0	NotCommonChild	1.0	Accusative	0.107954545455	Prepositional	0.107954545455	Instrumental	0.107954545455	Dative	0.107954545455	ZeroCase	0.0454545454545	Locative	0.107954545455	Genitive	0.107954545455	Partitive	0.107954545455	Nominative	0.107954545455	DativeSpecial	0.0454545454545	Vocative	0.0454545454545	RCDemonstrative	0.111111111111	RCNegative	0.111111111111	RCNoun	0.111111111111	RCPossessive	0.111111111111	RCIndefinite	0.111111111111	RCPersonal	0.111111111111	RCReflexive	0.111111111111	RCInterrogative	0.111111111111	RCAttributive	0.111111111111	NoPlacement	1.0	Perfective	0.25	Imperfective	0.75	NotDefaultFiller	1.0	Feminine	0.25	Masculine	0.75	NoLeftmostPlacement	1.0	UnIterat	0.75	Iterat	0.25	NoRightmostPlacement	1.0	NotLeftConjunct	1.0	PersonFirst	0.25	PersonThird	0.25	PersonSecond	0.25	PersonZero	0.25	Active	0.666666666667	Passive	0.166666666667	VoiceSya	0.166666666667	VerbTransitive	0.125	VerbIntransitive	0.625	VerbIntransitiveSpecial	0.125	VerbTransitiveSpecial	0.125	NotRightConjunct	1.0	Plural_consonant	0.0555555555556	Genitive_Locative_u	0.0555555555556	Locative_u	0.0555555555556	NoSpecialCaseForm	0.555555555556	SpecialVocative	0.0555555555556	GenitivePlural_Zero	0.0555555555556	SpecialPlual	0.0555555555556	NominativePlural_a	0.0555555555556	Genitive_u	0.0555555555556	NoContrast	1.0	NormalCapitalization	1.0	V_Prefixoid	0.0416666666667	POL_Prefixoid	0.0416666666667	PO_Prefixoid	0.0416666666667	Letter_Prefixoid	0.0416666666667	InternMod_Prefixoid	0.0416666666667	Chem_Prefixoid	0.0416666666667	BES_Prefixoid	0.0416666666667	Chemical_Possible	0.0416666666667	VPOL_Prefixoid	0.0416666666667	Eval_Prefixoid	0.0416666666667	InternModEr_Prefixoid	0.0416666666667	Rus_Prefixoid	0.0416666666667	Intern_ReducedPrefixoid	0.0416666666667	NI_Prefixoid	0.0416666666667	Reduced_Prefixoid	0.0416666666667	NAI_Prefixoid	0.0416666666667	Intern_Prefixoid	0.0416666666667	BEZer_Prefixoid	0.0416666666667	InternHy_Prefixoid	0.0416666666667	KOE_Prefixoid	0.0416666666667	ProperNamePrefixoid	0.0416666666667	RusHy_Prefixoid	0.0416666666667	BEZ_Prefixoid	0.0416666666667	NE_Prefixoid	0.0416666666667	ParticipleShortForm	0.5	ParticipleFullForm	0.5	Plural	0.25	Singular	0.75	Four	0.2	SevenEight	0.2	Two	0.2	Three	0.2	FiveAndMore	0.2	AdjectiveFullForm	0.333333333333	AdjectiveShortFlectional	0.333333333333	AdjectiveShortForm	0.333333333333	NounProperNameDimin	0.0555555555556	NounProperName	0.0555555555556	NounProperGeneral	0.0555555555556	NounProperTown	0.0555555555556	NounProperPatronymic	0.0555555555556	NounProperSurNameFlective	0.0555555555556	AdjectiveProper	0.0555555555556	AbbrProperGeneral	0.0555555555556	NounProperSurNameForeign	0.555555555556	NormalNumberParadigm	1.0	FullRealization	1.0
97	5	после	после	488306	488305	Animate	0.666666666667	Inanimate	0.333333333333	NonReflexive	0.25	ImperfectiveReflexivity	0.25	Reflexive	0.25	FullReflexivity	0.25	NormalMorphForm	1.0	DefectOne	0.2	DefectFour	0.2	Byt	0.2	DefectThree	0.2	DefectTwo	0.2	GTInvariable	0.333333333333	GTAdverb	0.333333333333	GTNoun	0.333333333333	NotEllipted	1.0	VocalForm	0.5	NForm	0.5	NotControlled	1.0	ZeroTypeOfCoordination	1.0	Composite_ComplexNumeral	0.047619047619	Composite_cko	0.047619047619	NoCompositeness	0.380952380952	Composite_cki	0.047619047619	Composite_o	0.047619047619	Composite_NumeralFull	0.047619047619	Composite_NumeralShort	0.047619047619	Composite_null	0.047619047619	Composite_iko	0.047619047619	Composite_sko	0.047619047619	Composite_e	0.047619047619	Composite_Numeral	0.047619047619	Composite_usek	0.047619047619	Composite_ski	0.047619047619	DegreeComparative	0.222222222222	DegreeSuperlative	0.222222222222	DegreePositive	0.555555555556	Adverb_With_Hyphen	0.333333333333	Adverb_Un_Hyphen	0.666666666667	DeclensionMixed	0.166666666667	DeclensionAdjectival	0.166666666667	DeclensionNominal	0.5	Indeclinable	0.166666666667	Comp_PunctuatorPref	0.0416666666667	Comp_Suffixoid_Num_IJ	0.0416666666667	Comp_PunctuatorPostSeparable	0.0416666666667	Un_Comp_Suf	0.375	Comp_SuffixoidAbbr	0.0416666666667	Comp_Noun	0.0416666666667	Comp_Suffixoid_Num_J	0.0416666666667	Comp_PunctuatorPost	0.0416666666667	Comp_PunctuatorPrefSeparable	0.0416666666667	Comp_Suffixoid_Num_OJ	0.0416666666667	Comp_Prefixoid	0.0416666666667	Comp_Suffixoid	0.0416666666667	Comp_Suffixoid_Chem	0.0416666666667	Comp_Suffixoid_Num_PercentYJ	0.0416666666667	Comp_Suffixoid_Num_YJ	0.0416666666667	Comp_Adj	0.0416666666667	BiAspectual	0.333333333333	MonoAspectual	0.333333333333	Paired	0.333333333333	NoSynthComparative	0.5	FullSynthComparison	0.166666666667	OnlySuperlative	0.166666666667	NoSynthSuperlative	0.166666666667	MTwo	0.333333333333	MOne	0.333333333333	MThree	0.333333333333	NormalClassifyingCapitalization	1.0	Past	0.333333333333	Future	0.333333333333	Present	0.333333333333	Preposition	0.333333333333	Noun	0.333333333333	Adverb	0.333333333333	ZeroDoubleConjunct	1.0	NotCommonChild	1.0	Accusative	0.0606060606061	Prepositional	0.227272727273	Instrumental	0.0606060606061	Dative	0.0606060606061	ZeroCase	0.0606060606061	Locative	0.227272727273	Genitive	0.0606060606061	Partitive	0.0606060606061	Nominative	0.0606060606061	DativeSpecial	0.0606060606061	Vocative	0.0606060606061	RCDemonstrative	0.111111111111	RCNegative	0.111111111111	RCNoun	0.111111111111	RCPossessive	0.111111111111	RCIndefinite	0.111111111111	RCPersonal	0.111111111111	RCReflexive	0.111111111111	RCInterrogative	0.111111111111	RCAttributive	0.111111111111	NoPlacement	1.0	Perfective	0.5	Imperfective	0.5	NotDefaultFiller	1.0	Feminine	0.166666666667	Common	0.166666666667	Masculine	0.5	Neuter	0.166666666667	NoLeftmostPlacement	1.0	UnIterat	0.5	Iterat	0.5	NoRightmostPlacement	1.0	NotLeftConjunct	1.0	PersonFirst	0.25	PersonThird	0.25	PersonSecond	0.25	PersonZero	0.25	Active	0.333333333333	Passive	0.333333333333	VoiceSya	0.333333333333	VerbTransitive	0.25	VerbIntransitive	0.25	VerbIntransitiveSpecial	0.25	VerbTransitiveSpecial	0.25	NotRightConjunct	1.0	Plural_consonant	0.0740740740741	Genitive_Locative_u	0.0740740740741	Locative_u	0.0740740740741	NoSpecialCaseForm	0.407407407407	SpecialVocative	0.0740740740741	GenitivePlural_Zero	0.0740740740741	SpecialPlual	0.0740740740741	NominativePlural_a	0.0740740740741	Genitive_u	0.0740740740741	NoContrast	1.0	NormalCapitalization	1.0	V_Prefixoid	0.0416666666667	POL_Prefixoid	0.0416666666667	PO_Prefixoid	0.0416666666667	Letter_Prefixoid	0.0416666666667	InternMod_Prefixoid	0.0416666666667	Chem_Prefixoid	0.0416666666667	BES_Prefixoid	0.0416666666667	Chemical_Possible	0.0416666666667	VPOL_Prefixoid	0.0416666666667	Eval_Prefixoid	0.0416666666667	InternModEr_Prefixoid	0.0416666666667	Rus_Prefixoid	0.0416666666667	Intern_ReducedPrefixoid	0.0416666666667	NI_Prefixoid	0.0416666666667	Reduced_Prefixoid	0.0416666666667	NAI_Prefixoid	0.0416666666667	Intern_Prefixoid	0.0416666666667	BEZer_Prefixoid	0.0416666666667	InternHy_Prefixoid	0.0416666666667	KOE_Prefixoid	0.0416666666667	ProperNamePrefixoid	0.0416666666667	RusHy_Prefixoid	0.0416666666667	BEZ_Prefixoid	0.0416666666667	NE_Prefixoid	0.0416666666667	ParticipleShortForm	0.5	ParticipleFullForm	0.5	Plural	0.333333333333	Singular	0.666666666667	Four	0.2	SevenEight	0.2	Two	0.2	Three	0.2	FiveAndMore	0.2	AdjectiveFullForm	0.333333333333	AdjectiveShortFlectional	0.333333333333	AdjectiveShortForm	0.333333333333	NounProperNameDimin	0.111111111111	NounProperName	0.111111111111	NounProperGeneral	0.111111111111	NounProperTown	0.111111111111	NounProperSurNameFlective	0.111111111111	NounProperPatronymic	0.111111111111	AdjectiveProper	0.111111111111	AbbrProperGeneral	0.111111111111	NounProperSurNameForeign	0.111111111111	NormalNumberParadigm	1.0	FullRealization	1.0
97	11	этого	этого	488305	488303	Animate	0.25	Inanimate	0.75	NonReflexive	0.25	ImperfectiveReflexivity	0.25	Reflexive	0.25	FullReflexivity	0.25	NormalMorphForm	1.0	DefectOne	0.2	DefectFour	0.2	Byt	0.2	DefectThree	0.2	DefectTwo	0.2	GTNoun	0.5	GTAdjectiveAttributive	0.5	NotEllipted	1.0	VocalForm	0.5	NForm	0.5	NotControlled	1.0	ZeroTypeOfCoordination	1.0	Composite_ComplexNumeral	0.0357142857143	Composite_cko	0.0357142857143	NoCompositeness	0.535714285714	Composite_cki	0.0357142857143	Composite_o	0.0357142857143	Composite_NumeralFull	0.0357142857143	Composite_NumeralShort	0.0357142857143	Composite_null	0.0357142857143	Composite_iko	0.0357142857143	Composite_sko	0.0357142857143	Composite_e	0.0357142857143	Composite_Numeral	0.0357142857143	Composite_usek	0.0357142857143	Composite_ski	0.0357142857143	DegreeComparative	0.333333333333	DegreeSuperlative	0.333333333333	DegreePositive	0.333333333333	Adverb_With_Hyphen	0.5	Adverb_Un_Hyphen	0.5	DeclensionMixed	0.125	DeclensionAdjectival	0.125	DeclensionNominal	0.625	Indeclinable	0.125	Comp_PunctuatorPref	0.03125	Comp_Suffixoid_Num_IJ	0.03125	Comp_PunctuatorPostSeparable	0.03125	Un_Comp_Suf	0.53125	Comp_SuffixoidAbbr	0.03125	Comp_Noun	0.03125	Comp_Suffixoid_Num_J	0.03125	Comp_PunctuatorPost	0.03125	Comp_PunctuatorPrefSeparable	0.03125	Comp_Suffixoid_Num_OJ	0.03125	Comp_Prefixoid	0.03125	Comp_Suffixoid	0.03125	Comp_Suffixoid_Chem	0.03125	Comp_Suffixoid_Num_PercentYJ	0.03125	Comp_Suffixoid_Num_YJ	0.03125	Comp_Adj	0.03125	BiAspectual	0.333333333333	MonoAspectual	0.333333333333	Paired	0.333333333333	NoSynthComparative	0.25	FullSynthComparison	0.25	OnlySuperlative	0.25	NoSynthSuperlative	0.25	MTwo	0.333333333333	MOne	0.333333333333	MThree	0.333333333333	NormalClassifyingCapitalization	1.0	Past	0.333333333333	Future	0.333333333333	Present	0.333333333333	Noun	0.5	Pronoun	0.5	ZeroDoubleConjunct	1.0	NotCommonChild	1.0	Accusative	0.166666666667	Genitive	0.416666666667	Partitive	0.416666666667	RCDemonstrative	0.555555555556	RCNegative	0.0555555555556	RCNoun	0.0555555555556	RCPossessive	0.0555555555556	RCIndefinite	0.0555555555556	RCPersonal	0.0555555555556	RCReflexive	0.0555555555556	RCInterrogative	0.0555555555556	RCAttributive	0.0555555555556	NoPlacement	1.0	Perfective	0.5	Imperfective	0.5	NotDefaultFiller	1.0	Masculine	0.25	Neuter	0.75	NoLeftmostPlacement	1.0	UnIterat	0.5	Iterat	0.5	NoRightmostPlacement	1.0	NotLeftConjunct	1.0	PersonFirst	0.25	PersonThird	0.25	PersonSecond	0.25	PersonZero	0.25	Active	0.333333333333	Passive	0.333333333333	VoiceSya	0.333333333333	VerbTransitive	0.25	VerbIntransitive	0.25	VerbIntransitiveSpecial	0.25	VerbTransitiveSpecial	0.25	NotRightConjunct	1.0	Plural_consonant	0.0555555555556	Genitive_Locative_u	0.0555555555556	Locative_u	0.0555555555556	NoSpecialCaseForm	0.555555555556	SpecialVocative	0.0555555555556	GenitivePlural_Zero	0.0555555555556	SpecialPlual	0.0555555555556	NominativePlural_a	0.0555555555556	Genitive_u	0.0555555555556	NoContrast	1.0	NormalCapitalization	1.0	V_Prefixoid	0.0416666666667	POL_Prefixoid	0.0416666666667	PO_Prefixoid	0.0416666666667	Letter_Prefixoid	0.0416666666667	InternMod_Prefixoid	0.0416666666667	Chem_Prefixoid	0.0416666666667	BES_Prefixoid	0.0416666666667	Chemical_Possible	0.0416666666667	VPOL_Prefixoid	0.0416666666667	Eval_Prefixoid	0.0416666666667	InternModEr_Prefixoid	0.0416666666667	Rus_Prefixoid	0.0416666666667	Intern_ReducedPrefixoid	0.0416666666667	NI_Prefixoid	0.0416666666667	Reduced_Prefixoid	0.0416666666667	NAI_Prefixoid	0.0416666666667	Intern_Prefixoid	0.0416666666667	BEZer_Prefixoid	0.0416666666667	InternHy_Prefixoid	0.0416666666667	KOE_Prefixoid	0.0416666666667	ProperNamePrefixoid	0.0416666666667	RusHy_Prefixoid	0.0416666666667	BEZ_Prefixoid	0.0416666666667	NE_Prefixoid	0.0416666666667	ParticipleShortForm	0.5	ParticipleFullForm	0.5	Singular	1.0	Four	0.2	SevenEight	0.2	Two	0.2	Three	0.2	FiveAndMore	0.2	AdjectiveFullForm	0.666666666667	AdjectiveShortFlectional	0.166666666667	AdjectiveShortForm	0.166666666667	NounProperNameDimin	0.111111111111	NounProperName	0.111111111111	NounProperGeneral	0.111111111111	NounProperTown	0.111111111111	NounProperSurNameFlective	0.111111111111	NounProperPatronymic	0.111111111111	AdjectiveProper	0.111111111111	AbbrProperGeneral	0.111111111111	NounProperSurNameForeign	0.111111111111	SingulariaTantum	0.5	NormalNumberParadigm	0.5	FullRealization	1.0
97	17	сообщил	сообщил	488303	-1	Animate	0.5	Inanimate	0.5	FullReflexivity	1.0	NormalMorphForm	1.0	DefectOne	0.2	DefectFour	0.2	Byt	0.2	DefectThree	0.2	DefectTwo	0.2	GTVerb	1.0	NotEllipted	1.0	VocalForm	0.5	NForm	0.5	NotControlled	1.0	ZeroTypeOfCoordination	1.0	Composite_ComplexNumeral	0.0714285714286	Composite_cko	0.0714285714286	NoCompositeness	0.0714285714286	Composite_cki	0.0714285714286	Composite_o	0.0714285714286	Composite_NumeralFull	0.0714285714286	Composite_NumeralShort	0.0714285714286	Composite_null	0.0714285714286	Composite_iko	0.0714285714286	Composite_sko	0.0714285714286	Composite_e	0.0714285714286	Composite_Numeral	0.0714285714286	Composite_usek	0.0714285714286	Composite_ski	0.0714285714286	DegreeComparative	0.333333333333	DegreeSuperlative	0.333333333333	DegreePositive	0.333333333333	Adverb_With_Hyphen	0.5	Adverb_Un_Hyphen	0.5	DeclensionMixed	0.25	DeclensionAdjectival	0.25	DeclensionNominal	0.25	Indeclinable	0.25	Comp_PunctuatorPref	0.0625	Comp_Suffixoid_Num_IJ	0.0625	Comp_PunctuatorPostSeparable	0.0625	Un_Comp_Suf	0.0625	Comp_SuffixoidAbbr	0.0625	Comp_Noun	0.0625	Comp_Suffixoid_Num_J	0.0625	Comp_PunctuatorPost	0.0625	Comp_PunctuatorPrefSeparable	0.0625	Comp_Suffixoid_Num_OJ	0.0625	Comp_Prefixoid	0.0625	Comp_Suffixoid	0.0625	Comp_Suffixoid_Chem	0.0625	Comp_Suffixoid_Num_PercentYJ	0.0625	Comp_Suffixoid_Num_YJ	0.0625	Comp_Adj	0.0625	Paired	1.0	NoSynthComparative	0.25	FullSynthComparison	0.25	OnlySuperlative	0.25	NoSynthSuperlative	0.25	MTwo	0.333333333333	MOne	0.333333333333	MThree	0.333333333333	NormalClassifyingCapitalization	1.0	Past	1.0	Verb	1.0	ZeroDoubleConjunct	1.0	NotCommonChild	1.0	Accusative	0.0909090909091	Prepositional	0.0909090909091	Instrumental	0.0909090909091	Dative	0.0909090909091	ZeroCase	0.0909090909091	Locative	0.0909090909091	Genitive	0.0909090909091	Partitive	0.0909090909091	Nominative	0.0909090909091	DativeSpecial	0.0909090909091	Vocative	0.0909090909091	RCDemonstrative	0.111111111111	RCNegative	0.111111111111	RCNoun	0.111111111111	RCPossessive	0.111111111111	RCIndefinite	0.111111111111	RCPersonal	0.111111111111	RCReflexive	0.111111111111	RCInterrogative	0.111111111111	RCAttributive	0.111111111111	NoPlacement	1.0	Perfective	1.0	NotDefaultFiller	1.0	Masculine	1.0	NoLeftmostPlacement	1.0	UnIterat	1.0	NoRightmostPlacement	1.0	NotLeftConjunct	1.0	PersonFirst	0.25	PersonThird	0.25	PersonSecond	0.25	PersonZero	0.25	Active	1.0	VerbTransitive	1.0	NotRightConjunct	1.0	Plural_consonant	0.111111111111	Genitive_Locative_u	0.111111111111	Locative_u	0.111111111111	NoSpecialCaseForm	0.111111111111	SpecialVocative	0.111111111111	GenitivePlural_Zero	0.111111111111	SpecialPlual	0.111111111111	NominativePlural_a	0.111111111111	Genitive_u	0.111111111111	NoContrast	1.0	NormalCapitalization	1.0	V_Prefixoid	0.0416666666667	POL_Prefixoid	0.0416666666667	PO_Prefixoid	0.0416666666667	Letter_Prefixoid	0.0416666666667	InternMod_Prefixoid	0.0416666666667	Chem_Prefixoid	0.0416666666667	BES_Prefixoid	0.0416666666667	Chemical_Possible	0.0416666666667	VPOL_Prefixoid	0.0416666666667	Eval_Prefixoid	0.0416666666667	InternModEr_Prefixoid	0.0416666666667	Rus_Prefixoid	0.0416666666667	Intern_ReducedPrefixoid	0.0416666666667	NI_Prefixoid	0.0416666666667	Reduced_Prefixoid	0.0416666666667	NAI_Prefixoid	0.0416666666667	Intern_Prefixoid	0.0416666666667	BEZer_Prefixoid	0.0416666666667	InternHy_Prefixoid	0.0416666666667	KOE_Prefixoid	0.0416666666667	ProperNamePrefixoid	0.0416666666667	RusHy_Prefixoid	0.0416666666667	BEZ_Prefixoid	0.0416666666667	NE_Prefixoid	0.0416666666667	ParticipleShortForm	0.5	ParticipleFullForm	0.5	Singular	1.0	Four	0.2	SevenEight	0.2	Two	0.2	Three	0.2	FiveAndMore	0.2	AdjectiveFullForm	0.333333333333	AdjectiveShortFlectional	0.333333333333	AdjectiveShortForm	0.333333333333	NounProperNameDimin	0.111111111111	NounProperName	0.111111111111	NounProperGeneral	0.111111111111	NounProperTown	0.111111111111	NounProperSurNameFlective	0.111111111111	NounProperPatronymic	0.111111111111	AdjectiveProper	0.111111111111	AbbrProperGeneral	0.111111111111	NounProperSurNameForeign	0.111111111111	NormalNumberParadigm	1.0	FullRealization	1.0
97	25	о	о	488308	488307	Animate	0.333333333333	Inanimate	0.666666666667	NonReflexive	0.25	ImperfectiveReflexivity	0.25	Reflexive	0.25	FullReflexivity	0.25	NormalMorphForm	1.0	DefectOne	0.2	DefectFour	0.2	Byt	0.2	DefectThree	0.2	DefectTwo	0.2	GTInvariable	0.666666666667	GTNoun	0.333333333333	NotEllipted	1.0	VocalForm	0.5	NForm	0.5	NotControlled	1.0	ZeroTypeOfCoordination	1.0	Composite_ComplexNumeral	0.047619047619	Composite_cko	0.047619047619	NoCompositeness	0.380952380952	Composite_cki	0.047619047619	Composite_o	0.047619047619	Composite_NumeralFull	0.047619047619	Composite_NumeralShort	0.047619047619	Composite_null	0.047619047619	Composite_iko	0.047619047619	Composite_sko	0.047619047619	Composite_e	0.047619047619	Composite_Numeral	0.047619047619	Composite_usek	0.047619047619	Composite_ski	0.047619047619	DegreeComparative	0.333333333333	DegreeSuperlative	0.333333333333	DegreePositive	0.333333333333	Adverb_With_Hyphen	0.5	Adverb_Un_Hyphen	0.5	DeclensionMixed	0.166666666667	DeclensionAdjectival	0.166666666667	DeclensionNominal	0.166666666667	Indeclinable	0.5	Comp_PunctuatorPref	0.0416666666667	Comp_Suffixoid_Num_IJ	0.0416666666667	Comp_PunctuatorPostSeparable	0.0416666666667	Un_Comp_Suf	0.0416666666667	Comp_SuffixoidAbbr	0.0416666666667	Comp_Noun	0.0416666666667	Comp_Suffixoid_Num_J	0.0416666666667	Comp_PunctuatorPost	0.0416666666667	Comp_PunctuatorPrefSeparable	0.375	Comp_Suffixoid_Num_OJ	0.0416666666667	Comp_Prefixoid	0.0416666666667	Comp_Suffixoid	0.0416666666667	Comp_Suffixoid_Chem	0.0416666666667	Comp_Suffixoid_Num_PercentYJ	0.0416666666667	Comp_Suffixoid_Num_YJ	0.0416666666667	Comp_Adj	0.0416666666667	BiAspectual	0.333333333333	MonoAspectual	0.333333333333	Paired	0.333333333333	NoSynthComparative	0.25	FullSynthComparison	0.25	OnlySuperlative	0.25	NoSynthSuperlative	0.25	MTwo	0.333333333333	MOne	0.333333333333	MThree	0.333333333333	NormalClassifyingCapitalization	1.0	Past	0.333333333333	Future	0.333333333333	Present	0.333333333333	Preposition	0.333333333333	Noun	0.333333333333	Interjection	0.333333333333	ZeroDoubleConjunct	1.0	NotCommonChild	1.0	Accusative	0.102272727273	Prepositional	0.102272727273	Instrumental	0.102272727273	Dative	0.102272727273	ZeroCase	0.0606060606061	Locative	0.102272727273	Genitive	0.102272727273	Partitive	0.102272727273	Nominative	0.102272727273	DativeSpecial	0.0606060606061	Vocative	0.0606060606061	RCDemonstrative	0.111111111111	RCNegative	0.111111111111	RCNoun	0.111111111111	RCPossessive	0.111111111111	RCIndefinite	0.111111111111	RCPersonal	0.111111111111	RCReflexive	0.111111111111	RCInterrogative	0.111111111111	RCAttributive	0.111111111111	NoPlacement	1.0	Perfective	0.5	Imperfective	0.5	NotDefaultFiller	1.0	Feminine	0.166666666667	Common	0.166666666667	Masculine	0.5	Neuter	0.166666666667	NoLeftmostPlacement	1.0	UnIterat	0.5	Iterat	0.5	NoRightmostPlacement	1.0	NotLeftConjunct	1.0	PersonFirst	0.25	PersonThird	0.25	PersonSecond	0.25	PersonZero	0.25	Active	0.333333333333	Passive	0.333333333333	VoiceSya	0.333333333333	VerbTransitive	0.25	VerbIntransitive	0.25	VerbIntransitiveSpecial	0.25	VerbTransitiveSpecial	0.25	NotRightConjunct	1.0	Plural_consonant	0.111111111111	Genitive_Locative_u	0.111111111111	Locative_u	0.111111111111	NoSpecialCaseForm	0.111111111111	SpecialVocative	0.111111111111	GenitivePlural_Zero	0.111111111111	SpecialPlual	0.111111111111	NominativePlural_a	0.111111111111	Genitive_u	0.111111111111	NoContrast	1.0	NormalCapitalization	1.0	V_Prefixoid	0.0416666666667	POL_Prefixoid	0.0416666666667	PO_Prefixoid	0.0416666666667	Letter_Prefixoid	0.0416666666667	InternMod_Prefixoid	0.0416666666667	Chem_Prefixoid	0.0416666666667	BES_Prefixoid	0.0416666666667	Chemical_Possible	0.0416666666667	VPOL_Prefixoid	0.0416666666667	Eval_Prefixoid	0.0416666666667	InternModEr_Prefixoid	0.0416666666667	Rus_Prefixoid	0.0416666666667	Intern_ReducedPrefixoid	0.0416666666667	NI_Prefixoid	0.0416666666667	Reduced_Prefixoid	0.0416666666667	NAI_Prefixoid	0.0416666666667	Intern_Prefixoid	0.0416666666667	BEZer_Prefixoid	0.0416666666667	InternHy_Prefixoid	0.0416666666667	KOE_Prefixoid	0.0416666666667	ProperNamePrefixoid	0.0416666666667	RusHy_Prefixoid	0.0416666666667	BEZ_Prefixoid	0.0416666666667	NE_Prefixoid	0.0416666666667	ParticipleShortForm	0.5	ParticipleFullForm	0.5	Plural	0.333333333333	Singular	0.666666666667	Four	0.2	SevenEight	0.2	Two	0.2	Three	0.2	FiveAndMore	0.2	AdjectiveFullForm	0.333333333333	AdjectiveShortFlectional	0.333333333333	AdjectiveShortForm	0.333333333333	NounProperNameDimin	0.0740740740741	NounProperName	0.0740740740741	NounProperGeneral	0.0740740740741	NounProperTown	0.0740740740741	NounProperSurNameFlective	0.0740740740741	NounProperPatronymic	0.0740740740741	AdjectiveProper	0.0740740740741	AbbrProperGeneral	0.407407407407	NounProperSurNameForeign	0.0740740740741	SingulariaTantum	0.333333333333	NormalNumberParadigm	0.666666666667	FullRealization	1.0
97	27	телефонном	телефонном	488309	488307	Animate	0.5	Inanimate	0.5	NonReflexive	0.25	ImperfectiveReflexivity	0.25	Reflexive	0.25	FullReflexivity	0.25	NormalMorphForm	1.0	DefectOne	0.2	DefectFour	0.2	Byt	0.2	DefectThree	0.2	DefectTwo	0.2	GTAdjectiveAttributive	1.0	NotEllipted	1.0	VocalForm	0.5	NForm	0.5	NotControlled	1.0	ZeroTypeOfCoordination	1.0	NoCompositeness	1.0	DegreePositive	1.0	Adverb_With_Hyphen	0.5	Adverb_Un_Hyphen	0.5	DeclensionMixed	0.25	DeclensionAdjectival	0.25	DeclensionNominal	0.25	Indeclinable	0.25	Un_Comp_Suf	1.0	BiAspectual	0.333333333333	MonoAspectual	0.333333333333	Paired	0.333333333333	NoSynthComparative	1.0	MTwo	0.333333333333	MOne	0.333333333333	MThree	0.333333333333	NormalClassifyingCapitalization	1.0	Past	0.333333333333	Future	0.333333333333	Present	0.333333333333	Adjective	1.0	ZeroDoubleConjunct	1.0	NotCommonChild	1.0	Prepositional	0.5	Locative	0.5	RCDemonstrative	0.111111111111	RCNegative	0.111111111111	RCNoun	0.111111111111	RCPossessive	0.111111111111	RCIndefinite	0.111111111111	RCPersonal	0.111111111111	RCReflexive	0.111111111111	RCInterrogative	0.111111111111	RCAttributive	0.111111111111	NoPlacement	1.0	Perfective	0.5	Imperfective	0.5	NotDefaultFiller	1.0	Masculine	0.5	Neuter	0.5	NoLeftmostPlacement	1.0	UnIterat	0.5	Iterat	0.5	NoRightmostPlacement	1.0	NotLeftConjunct	1.0	PersonFirst	0.25	PersonThird	0.25	PersonSecond	0.25	PersonZero	0.25	Active	0.333333333333	Passive	0.333333333333	VoiceSya	0.333333333333	VerbTransitive	0.25	VerbIntransitive	0.25	VerbIntransitiveSpecial	0.25	VerbTransitiveSpecial	0.25	NotRightConjunct	1.0	Plural_consonant	0.111111111111	Genitive_Locative_u	0.111111111111	Locative_u	0.111111111111	NoSpecialCaseForm	0.111111111111	SpecialVocative	0.111111111111	GenitivePlural_Zero	0.111111111111	SpecialPlual	0.111111111111	NominativePlural_a	0.111111111111	Genitive_u	0.111111111111	NoContrast	1.0	NormalCapitalization	1.0	V_Prefixoid	0.0416666666667	POL_Prefixoid	0.0416666666667	PO_Prefixoid	0.0416666666667	Letter_Prefixoid	0.0416666666667	InternMod_Prefixoid	0.0416666666667	Chem_Prefixoid	0.0416666666667	BES_Prefixoid	0.0416666666667	Chemical_Possible	0.0416666666667	VPOL_Prefixoid	0.0416666666667	Eval_Prefixoid	0.0416666666667	InternModEr_Prefixoid	0.0416666666667	Rus_Prefixoid	0.0416666666667	Intern_ReducedPrefixoid	0.0416666666667	NI_Prefixoid	0.0416666666667	Reduced_Prefixoid	0.0416666666667	NAI_Prefixoid	0.0416666666667	Intern_Prefixoid	0.0416666666667	BEZer_Prefixoid	0.0416666666667	InternHy_Prefixoid	0.0416666666667	KOE_Prefixoid	0.0416666666667	ProperNamePrefixoid	0.0416666666667	RusHy_Prefixoid	0.0416666666667	BEZ_Prefixoid	0.0416666666667	NE_Prefixoid	0.0416666666667	ParticipleShortForm	0.5	ParticipleFullForm	0.5	Singular	1.0	Four	0.2	SevenEight	0.2	Two	0.2	Three	0.2	FiveAndMore	0.2	AdjectiveFullForm	1.0	NounProperNameDimin	0.111111111111	NounProperName	0.111111111111	NounProperGeneral	0.111111111111	NounProperTown	0.111111111111	NounProperSurNameFlective	0.111111111111	NounProperPatronymic	0.111111111111	AdjectiveProper	0.111111111111	AbbrProperGeneral	0.111111111111	NounProperSurNameForeign	0.111111111111	NormalNumberParadigm	1.0	FullRealization	1.0
97	38	разговоре	разговоре	488307	488303	Inanimate	1.0	NonReflexive	0.25	ImperfectiveReflexivity	0.25	Reflexive	0.25	FullReflexivity	0.25	NormalMorphForm	1.0	DefectOne	0.2	DefectFour	0.2	Byt	0.2	DefectThree	0.2	DefectTwo	0.2	GTNoun	1.0	NotEllipted	1.0	VocalForm	0.5	NForm	0.5	NotControlled	1.0	ZeroTypeOfCoordination	1.0	NoCompositeness	1.0	DegreeComparative	0.333333333333	DegreeSuperlative	0.333333333333	DegreePositive	0.333333333333	Adverb_With_Hyphen	0.5	Adverb_Un_Hyphen	0.5	DeclensionNominal	1.0	Un_Comp_Suf	1.0	BiAspectual	0.333333333333	MonoAspectual	0.333333333333	Paired	0.333333333333	NoSynthComparative	0.25	FullSynthComparison	0.25	OnlySuperlative	0.25	NoSynthSuperlative	0.25	MTwo	0.333333333333	MOne	0.333333333333	MThree	0.333333333333	NormalClassifyingCapitalization	1.0	Past	0.333333333333	Future	0.333333333333	Present	0.333333333333	Noun	1.0	ZeroDoubleConjunct	1.0	NotCommonChild	1.0	Prepositional	0.5	Locative	0.5	RCDemonstrative	0.111111111111	RCNegative	0.111111111111	RCNoun	0.111111111111	RCPossessive	0.111111111111	RCIndefinite	0.111111111111	RCPersonal	0.111111111111	RCReflexive	0.111111111111	RCInterrogative	0.111111111111	RCAttributive	0.111111111111	NoPlacement	1.0	Perfective	0.5	Imperfective	0.5	NotDefaultFiller	1.0	Masculine	1.0	NoLeftmostPlacement	1.0	UnIterat	0.5	Iterat	0.5	NoRightmostPlacement	1.0	NotLeftConjunct	1.0	PersonFirst	0.25	PersonThird	0.25	PersonSecond	0.25	PersonZero	0.25	Active	0.333333333333	Passive	0.333333333333	VoiceSya	0.333333333333	VerbTransitive	0.25	VerbIntransitive	0.25	VerbIntransitiveSpecial	0.25	VerbTransitiveSpecial	0.25	NotRightConjunct	1.0	Genitive_u	1.0	NoContrast	1.0	NormalCapitalization	1.0	V_Prefixoid	0.0416666666667	POL_Prefixoid	0.0416666666667	PO_Prefixoid	0.0416666666667	Letter_Prefixoid	0.0416666666667	InternMod_Prefixoid	0.0416666666667	Chem_Prefixoid	0.0416666666667	BES_Prefixoid	0.0416666666667	Chemical_Possible	0.0416666666667	VPOL_Prefixoid	0.0416666666667	Eval_Prefixoid	0.0416666666667	InternModEr_Prefixoid	0.0416666666667	Rus_Prefixoid	0.0416666666667	Intern_ReducedPrefixoid	0.0416666666667	NI_Prefixoid	0.0416666666667	Reduced_Prefixoid	0.0416666666667	NAI_Prefixoid	0.0416666666667	Intern_Prefixoid	0.0416666666667	BEZer_Prefixoid	0.0416666666667	InternHy_Prefixoid	0.0416666666667	KOE_Prefixoid	0.0416666666667	ProperNamePrefixoid	0.0416666666667	RusHy_Prefixoid	0.0416666666667	BEZ_Prefixoid	0.0416666666667	NE_Prefixoid	0.0416666666667	ParticipleShortForm	0.5	ParticipleFullForm	0.5	Singular	1.0	Four	0.2	SevenEight	0.2	Two	0.2	Three	0.2	FiveAndMore	0.2	AdjectiveFullForm	0.333333333333	AdjectiveShortFlectional	0.333333333333	AdjectiveShortForm	0.333333333333	NounProperNameDimin	0.111111111111	NounProperName	0.111111111111	NounProperGeneral	0.111111111111	NounProperTown	0.111111111111	NounProperSurNameFlective	0.111111111111	NounProperPatronymic	0.111111111111	AdjectiveProper	0.111111111111	AbbrProperGeneral	0.111111111111	NounProperSurNameForeign	0.111111111111	NormalNumberParadigm	1.0	FullRealization	1.0
97	48	с	с	488311	488310	Animate	0.166666666667	Inanimate	0.5	NonReflexive	0.166666666667	ImperfectiveReflexivity	0.166666666667	Reflexive	0.166666666667	FullReflexivity	0.166666666667	NormalMorphForm	1.0	DefectOne	0.133333333333	DefectFour	0.133333333333	Byt	0.133333333333	DefectThree	0.133333333333	DefectTwo	0.133333333333	GTInvariable	0.333333333333	GTNoun	0.333333333333	NotEllipted	1.0	VocalForm	0.333333333333	NForm	0.333333333333	NotControlled	1.0	ZeroTypeOfCoordination	1.0	Composite_ComplexNumeral	0.0238095238095	Composite_cko	0.0238095238095	NoCompositeness	0.357142857143	Composite_cki	0.0238095238095	Composite_o	0.0238095238095	Composite_NumeralFull	0.0238095238095	Composite_NumeralShort	0.0238095238095	Composite_null	0.0238095238095	Composite_iko	0.0238095238095	Composite_sko	0.0238095238095	Composite_e	0.0238095238095	Composite_Numeral	0.0238095238095	Composite_usek	0.0238095238095	Composite_ski	0.0238095238095	DegreeComparative	0.222222222222	DegreeSuperlative	0.222222222222	DegreePositive	0.222222222222	Adverb_With_Hyphen	0.333333333333	Adverb_Un_Hyphen	0.333333333333	DeclensionMixed	0.0833333333333	DeclensionAdjectival	0.0833333333333	DeclensionNominal	0.0833333333333	Indeclinable	0.416666666667	Comp_PunctuatorPref	0.0208333333333	Comp_Suffixoid_Num_IJ	0.0208333333333	Comp_PunctuatorPostSeparable	0.1875	Un_Comp_Suf	0.0208333333333	Comp_SuffixoidAbbr	0.0208333333333	Comp_Noun	0.0208333333333	Comp_Suffixoid_Num_J	0.0208333333333	Comp_PunctuatorPost	0.0208333333333	Comp_PunctuatorPrefSeparable	0.1875	Comp_Suffixoid_Num_OJ	0.0208333333333	Comp_Prefixoid	0.0208333333333	Comp_Suffixoid	0.0208333333333	Comp_Suffixoid_Chem	0.0208333333333	Comp_Suffixoid_Num_PercentYJ	0.0208333333333	Comp_Suffixoid_Num_YJ	0.0208333333333	Comp_Adj	0.0208333333333	BiAspectual	0.222222222222	MonoAspectual	0.222222222222	Paired	0.222222222222	NoSynthComparative	0.166666666667	FullSynthComparison	0.166666666667	OnlySuperlative	0.166666666667	NoSynthSuperlative	0.166666666667	MTwo	0.222222222222	MOne	0.222222222222	MThree	0.222222222222	NormalClassifyingCapitalization	1.0	Past	0.222222222222	Future	0.222222222222	Present	0.222222222222	Preposition	0.333333333333	Noun	0.333333333333	ZeroDoubleConjunct	1.0	NotCommonChild	1.0	Accusative	0.0719696969697	Prepositional	0.0719696969697	Instrumental	0.0719696969697	Dative	0.0719696969697	ZeroCase	0.030303030303	Locative	0.0719696969697	Genitive	0.0719696969697	Partitive	0.0719696969697	Nominative	0.0719696969697	DativeSpecial	0.030303030303	Vocative	0.030303030303	RCDemonstrative	0.0740740740741	RCNegative	0.0740740740741	RCNoun	0.0740740740741	RCPossessive	0.0740740740741	RCIndefinite	0.0740740740741	RCPersonal	0.0740740740741	RCReflexive	0.0740740740741	RCInterrogative	0.0740740740741	RCAttributive	0.0740740740741	NoPlacement	1.0	Perfective	0.333333333333	Imperfective	0.333333333333	NotDefaultFiller	1.0	Feminine	0.25	Common	0.0833333333333	Masculine	0.0833333333333	Neuter	0.25	NoLeftmostPlacement	1.0	UnIterat	0.333333333333	Iterat	0.333333333333	NoRightmostPlacement	1.0	NotLeftConjunct	1.0	PersonFirst	0.166666666667	PersonThird	0.166666666667	PersonSecond	0.166666666667	PersonZero	0.166666666667	Active	0.222222222222	Passive	0.222222222222	VoiceSya	0.222222222222	VerbTransitive	0.166666666667	VerbIntransitive	0.166666666667	VerbIntransitiveSpecial	0.166666666667	VerbTransitiveSpecial	0.166666666667	NotRightConjunct	1.0	Plural_consonant	0.0740740740741	Genitive_Locative_u	0.0740740740741	Locative_u	0.0740740740741	NoSpecialCaseForm	0.0740740740741	SpecialVocative	0.0740740740741	GenitivePlural_Zero	0.0740740740741	SpecialPlual	0.0740740740741	NominativePlural_a	0.0740740740741	Genitive_u	0.0740740740741	NoContrast	1.0	NormalCapitalization	1.0	V_Prefixoid	0.0277777777778	POL_Prefixoid	0.0277777777778	PO_Prefixoid	0.0277777777778	Letter_Prefixoid	0.0277777777778	InternMod_Prefixoid	0.0277777777778	Chem_Prefixoid	0.0277777777778	BES_Prefixoid	0.0277777777778	Chemical_Possible	0.0277777777778	VPOL_Prefixoid	0.0277777777778	Eval_Prefixoid	0.0277777777778	InternModEr_Prefixoid	0.0277777777778	Rus_Prefixoid	0.0277777777778	Intern_ReducedPrefixoid	0.0277777777778	NI_Prefixoid	0.0277777777778	Reduced_Prefixoid	0.0277777777778	NAI_Prefixoid	0.0277777777778	Intern_Prefixoid	0.0277777777778	BEZer_Prefixoid	0.0277777777778	InternHy_Prefixoid	0.0277777777778	KOE_Prefixoid	0.0277777777778	ProperNamePrefixoid	0.0277777777778	RusHy_Prefixoid	0.0277777777778	BEZ_Prefixoid	0.0277777777778	NE_Prefixoid	0.0277777777778	ParticipleShortForm	0.333333333333	ParticipleFullForm	0.333333333333	Plural	0.333333333333	Singular	0.333333333333	Four	0.133333333333	SevenEight	0.133333333333	Two	0.133333333333	Three	0.133333333333	FiveAndMore	0.133333333333	AdjectiveFullForm	0.222222222222	AdjectiveShortFlectional	0.222222222222	AdjectiveShortForm	0.222222222222	NounProperNameDimin	0.0740740740741	NounProperName	0.0740740740741	NounProperGeneral	0.0740740740741	NounProperTown	0.0740740740741	NounProperSurNameFlective	0.0740740740741	NounProperPatronymic	0.0740740740741	AdjectiveProper	0.0740740740741	AbbrProperGeneral	0.0740740740741	NounProperSurNameForeign	0.0740740740741	SingulariaTantum	0.166666666667	NormalNumberParadigm	0.833333333333	FullRealization	1.0
97	50	президентом	президентом	488310	488307	Animate	1.0	NonReflexive	0.25	ImperfectiveReflexivity	0.25	Reflexive	0.25	FullReflexivity	0.25	NormalMorphForm	1.0	DefectOne	0.2	DefectFour	0.2	Byt	0.2	DefectThree	0.2	DefectTwo	0.2	GTNoun	1.0	NotEllipted	1.0	VocalForm	0.5	NForm	0.5	NotControlled	1.0	ZeroTypeOfCoordination	1.0	NoCompositeness	1.0	DegreeComparative	0.333333333333	DegreeSuperlative	0.333333333333	DegreePositive	0.333333333333	Adverb_With_Hyphen	0.5	Adverb_Un_Hyphen	0.5	DeclensionNominal	1.0	Un_Comp_Suf	1.0	BiAspectual	0.333333333333	MonoAspectual	0.333333333333	Paired	0.333333333333	NoSynthComparative	0.25	FullSynthComparison	0.25	OnlySuperlative	0.25	NoSynthSuperlative	0.25	MTwo	0.333333333333	MOne	0.333333333333	MThree	0.333333333333	NormalClassifyingCapitalization	1.0	Past	0.333333333333	Future	0.333333333333	Present	0.333333333333	Noun	1.0	ZeroDoubleConjunct	1.0	NotCommonChild	1.0	Instrumental	1.0	RCDemonstrative	0.111111111111	RCNegative	0.111111111111	RCNoun	0.111111111111	RCPossessive	0.111111111111	RCIndefinite	0.111111111111	RCPersonal	0.111111111111	RCReflexive	0.111111111111	RCInterrogative	0.111111111111	RCAttributive	0.111111111111	NoPlacement	1.0	Perfective	0.5	Imperfective	0.5	NotDefaultFiller	1.0	Masculine	1.0	NoLeftmostPlacement	1.0	UnIterat	0.5	Iterat	0.5	NoRightmostPlacement	1.0	NotLeftConjunct	1.0	PersonFirst	0.25	PersonThird	0.25	PersonSecond	0.25	PersonZero	0.25	Active	0.333333333333	Passive	0.333333333333	VoiceSya	0.333333333333	VerbTransitive	0.25	VerbIntransitive	0.25	VerbIntransitiveSpecial	0.25	VerbTransitiveSpecial	0.25	NotRightConjunct	1.0	NoSpecialCaseForm	1.0	NoContrast	1.0	NormalCapitalization	1.0	V_Prefixoid	0.0416666666667	POL_Prefixoid	0.0416666666667	PO_Prefixoid	0.0416666666667	Letter_Prefixoid	0.0416666666667	InternMod_Prefixoid	0.0416666666667	Chem_Prefixoid	0.0416666666667	BES_Prefixoid	0.0416666666667	Chemical_Possible	0.0416666666667	VPOL_Prefixoid	0.0416666666667	Eval_Prefixoid	0.0416666666667	InternModEr_Prefixoid	0.0416666666667	Rus_Prefixoid	0.0416666666667	Intern_ReducedPrefixoid	0.0416666666667	NI_Prefixoid	0.0416666666667	Reduced_Prefixoid	0.0416666666667	NAI_Prefixoid	0.0416666666667	Intern_Prefixoid	0.0416666666667	BEZer_Prefixoid	0.0416666666667	InternHy_Prefixoid	0.0416666666667	KOE_Prefixoid	0.0416666666667	ProperNamePrefixoid	0.0416666666667	RusHy_Prefixoid	0.0416666666667	BEZ_Prefixoid	0.0416666666667	NE_Prefixoid	0.0416666666667	ParticipleShortForm	0.5	ParticipleFullForm	0.5	Singular	1.0	Four	0.2	SevenEight	0.2	Two	0.2	Three	0.2	FiveAndMore	0.2	AdjectiveFullForm	0.333333333333	AdjectiveShortFlectional	0.333333333333	AdjectiveShortForm	0.333333333333	NounProperNameDimin	0.111111111111	NounProperName	0.111111111111	NounProperGeneral	0.111111111111	NounProperTown	0.111111111111	NounProperSurNameFlective	0.111111111111	NounProperPatronymic	0.111111111111	AdjectiveProper	0.111111111111	AbbrProperGeneral	0.111111111111	NounProperSurNameForeign	0.111111111111	NormalNumberParadigm	1.0	FullRealization	1.0
97	62	США	США	488312	488310	Inanimate	1.0	NonReflexive	0.25	ImperfectiveReflexivity	0.25	Reflexive	0.25	FullReflexivity	0.25	NormalMorphForm	1.0	DefectOne	0.2	DefectFour	0.2	Byt	0.2	DefectThree	0.2	DefectTwo	0.2	GTNoun	1.0	NotEllipted	1.0	VocalForm	0.5	NForm	0.5	NotControlled	1.0	ZeroTypeOfCoordination	1.0	NoCompositeness	1.0	DegreeComparative	0.333333333333	DegreeSuperlative	0.333333333333	DegreePositive	0.333333333333	Adverb_With_Hyphen	0.5	Adverb_Un_Hyphen	0.5	Indeclinable	1.0	Un_Comp_Suf	1.0	BiAspectual	0.333333333333	MonoAspectual	0.333333333333	Paired	0.333333333333	NoSynthComparative	0.25	FullSynthComparison	0.25	OnlySuperlative	0.25	NoSynthSuperlative	0.25	MTwo	0.333333333333	MOne	0.333333333333	MThree	0.333333333333	NormalClassifyingCapitalization	1.0	Past	0.333333333333	Future	0.333333333333	Present	0.333333333333	Noun	1.0	ZeroDoubleConjunct	1.0	NotCommonChild	1.0	Accusative	0.125	Prepositional	0.125	Instrumental	0.125	Dative	0.125	Locative	0.125	Genitive	0.125	Partitive	0.125	Nominative	0.125	RCDemonstrative	0.111111111111	RCNegative	0.111111111111	RCNoun	0.111111111111	RCPossessive	0.111111111111	RCIndefinite	0.111111111111	RCPersonal	0.111111111111	RCReflexive	0.111111111111	RCInterrogative	0.111111111111	RCAttributive	0.111111111111	NoPlacement	1.0	Perfective	0.5	Imperfective	0.5	NotDefaultFiller	1.0	Feminine	0.25	Common	0.25	Masculine	0.25	Neuter	0.25	NoLeftmostPlacement	1.0	UnIterat	0.5	Iterat	0.5	NoRightmostPlacement	1.0	NotLeftConjunct	1.0	PersonFirst	0.25	PersonThird	0.25	PersonSecond	0.25	PersonZero	0.25	Active	0.333333333333	Passive	0.333333333333	VoiceSya	0.333333333333	VerbTransitive	0.25	VerbIntransitive	0.25	VerbIntransitiveSpecial	0.25	VerbTransitiveSpecial	0.25	NotRightConjunct	1.0	Plural_consonant	0.111111111111	Genitive_Locative_u	0.111111111111	Locative_u	0.111111111111	NoSpecialCaseForm	0.111111111111	SpecialVocative	0.111111111111	GenitivePlural_Zero	0.111111111111	SpecialPlual	0.111111111111	NominativePlural_a	0.111111111111	Genitive_u	0.111111111111	NoContrast	1.0	NormalCapitalization	1.0	V_Prefixoid	0.0416666666667	POL_Prefixoid	0.0416666666667	PO_Prefixoid	0.0416666666667	Letter_Prefixoid	0.0416666666667	InternMod_Prefixoid	0.0416666666667	Chem_Prefixoid	0.0416666666667	BES_Prefixoid	0.0416666666667	Chemical_Possible	0.0416666666667	VPOL_Prefixoid	0.0416666666667	Eval_Prefixoid	0.0416666666667	InternModEr_Prefixoid	0.0416666666667	Rus_Prefixoid	0.0416666666667	Intern_ReducedPrefixoid	0.0416666666667	NI_Prefixoid	0.0416666666667	Reduced_Prefixoid	0.0416666666667	NAI_Prefixoid	0.0416666666667	Intern_Prefixoid	0.0416666666667	BEZer_Prefixoid	0.0416666666667	InternHy_Prefixoid	0.0416666666667	KOE_Prefixoid	0.0416666666667	ProperNamePrefixoid	0.0416666666667	RusHy_Prefixoid	0.0416666666667	BEZ_Prefixoid	0.0416666666667	NE_Prefixoid	0.0416666666667	ParticipleShortForm	0.5	ParticipleFullForm	0.5	Plural	1.0	Four	0.2	SevenEight	0.2	Two	0.2	Three	0.2	FiveAndMore	0.2	AdjectiveFullForm	0.333333333333	AdjectiveShortFlectional	0.333333333333	AdjectiveShortForm	0.333333333333	NounProperGeneral	1.0	PluraliaTantum	1.0	FullRealization	1.0
97	67	в	в	488315	488314	Animate	0.25	Inanimate	0.75	NonReflexive	0.25	ImperfectiveReflexivity	0.25	Reflexive	0.25	FullReflexivity	0.25	NormalMorphForm	1.0	DefectOne	0.2	DefectFour	0.2	Byt	0.2	DefectThree	0.2	DefectTwo	0.2	GTInvariable	0.5	GTNoun	0.5	NotEllipted	1.0	VocalForm	0.5	NForm	0.5	NotControlled	1.0	ZeroTypeOfCoordination	1.0	Composite_ComplexNumeral	0.0357142857143	Composite_cko	0.0357142857143	NoCompositeness	0.535714285714	Composite_cki	0.0357142857143	Composite_o	0.0357142857143	Composite_NumeralFull	0.0357142857143	Composite_NumeralShort	0.0357142857143	Composite_null	0.0357142857143	Composite_iko	0.0357142857143	Composite_sko	0.0357142857143	Composite_e	0.0357142857143	Composite_Numeral	0.0357142857143	Composite_usek	0.0357142857143	Composite_ski	0.0357142857143	DegreeComparative	0.333333333333	DegreeSuperlative	0.333333333333	DegreePositive	0.333333333333	Adverb_With_Hyphen	0.5	Adverb_Un_Hyphen	0.5	DeclensionMixed	0.125	DeclensionAdjectival	0.125	DeclensionNominal	0.125	Indeclinable	0.625	Comp_PunctuatorPref	0.03125	Comp_Suffixoid_Num_IJ	0.03125	Comp_PunctuatorPostSeparable	0.53125	Un_Comp_Suf	0.03125	Comp_SuffixoidAbbr	0.03125	Comp_Noun	0.03125	Comp_Suffixoid_Num_J	0.03125	Comp_PunctuatorPost	0.03125	Comp_PunctuatorPrefSeparable	0.03125	Comp_Suffixoid_Num_OJ	0.03125	Comp_Prefixoid	0.03125	Comp_Suffixoid	0.03125	Comp_Suffixoid_Chem	0.03125	Comp_Suffixoid_Num_PercentYJ	0.03125	Comp_Suffixoid_Num_YJ	0.03125	Comp_Adj	0.03125	BiAspectual	0.333333333333	MonoAspectual	0.333333333333	Paired	0.333333333333	NoSynthComparative	0.25	FullSynthComparison	0.25	OnlySuperlative	0.25	NoSynthSuperlative	0.25	MTwo	0.333333333333	MOne	0.333333333333	MThree	0.333333333333	NormalClassifyingCapitalization	1.0	Past	0.333333333333	Future	0.333333333333	Present	0.333333333333	Preposition	0.5	Noun	0.5	ZeroDoubleConjunct	1.0	NotCommonChild	1.0	Accusative	0.107954545455	Prepositional	0.107954545455	Instrumental	0.107954545455	Dative	0.107954545455	ZeroCase	0.0454545454545	Locative	0.107954545455	Genitive	0.107954545455	Partitive	0.107954545455	Nominative	0.107954545455	DativeSpecial	0.0454545454545	Vocative	0.0454545454545	RCDemonstrative	0.111111111111	RCNegative	0.111111111111	RCNoun	0.111111111111	RCPossessive	0.111111111111	RCIndefinite	0.111111111111	RCPersonal	0.111111111111	RCReflexive	0.111111111111	RCInterrogative	0.111111111111	RCAttributive	0.111111111111	NoPlacement	1.0	Perfective	0.5	Imperfective	0.5	NotDefaultFiller	1.0	Feminine	0.125	Common	0.125	Masculine	0.625	Neuter	0.125	NoLeftmostPlacement	1.0	UnIterat	0.5	Iterat	0.5	NoRightmostPlacement	1.0	NotLeftConjunct	1.0	PersonFirst	0.25	PersonThird	0.25	PersonSecond	0.25	PersonZero	0.25	Active	0.333333333333	Passive	0.333333333333	VoiceSya	0.333333333333	VerbTransitive	0.25	VerbIntransitive	0.25	VerbIntransitiveSpecial	0.25	VerbTransitiveSpecial	0.25	NotRightConjunct	1.0	Plural_consonant	0.111111111111	Genitive_Locative_u	0.111111111111	Locative_u	0.111111111111	NoSpecialCaseForm	0.111111111111	SpecialVocative	0.111111111111	GenitivePlural_Zero	0.111111111111	SpecialPlual	0.111111111111	NominativePlural_a	0.111111111111	Genitive_u	0.111111111111	NoContrast	1.0	NormalCapitalization	1.0	V_Prefixoid	0.0416666666667	POL_Prefixoid	0.0416666666667	PO_Prefixoid	0.0416666666667	Letter_Prefixoid	0.0416666666667	InternMod_Prefixoid	0.0416666666667	Chem_Prefixoid	0.0416666666667	BES_Prefixoid	0.0416666666667	Chemical_Possible	0.0416666666667	VPOL_Prefixoid	0.0416666666667	Eval_Prefixoid	0.0416666666667	InternModEr_Prefixoid	0.0416666666667	Rus_Prefixoid	0.0416666666667	Intern_ReducedPrefixoid	0.0416666666667	NI_Prefixoid	0.0416666666667	Reduced_Prefixoid	0.0416666666667	NAI_Prefixoid	0.0416666666667	Intern_Prefixoid	0.0416666666667	BEZer_Prefixoid	0.0416666666667	InternHy_Prefixoid	0.0416666666667	KOE_Prefixoid	0.0416666666667	ProperNamePrefixoid	0.0416666666667	RusHy_Prefixoid	0.0416666666667	BEZ_Prefixoid	0.0416666666667	NE_Prefixoid	0.0416666666667	ParticipleShortForm	0.5	ParticipleFullForm	0.5	Plural	0.5	Singular	0.5	Four	0.2	SevenEight	0.2	Two	0.2	Three	0.2	FiveAndMore	0.2	AdjectiveFullForm	0.333333333333	AdjectiveShortFlectional	0.333333333333	AdjectiveShortForm	0.333333333333	NounProperNameDimin	0.111111111111	NounProperName	0.111111111111	NounProperGeneral	0.111111111111	NounProperTown	0.111111111111	NounProperSurNameFlective	0.111111111111	NounProperPatronymic	0.111111111111	AdjectiveProper	0.111111111111	AbbrProperGeneral	0.111111111111	NounProperSurNameForeign	0.111111111111	NormalNumberParadigm	1.0	FullRealization	1.0
97	69	котором	котором	488314	488313	Animate	0.5	Inanimate	0.5	NonReflexive	0.25	ImperfectiveReflexivity	0.25	Reflexive	0.25	FullReflexivity	0.25	NormalMorphForm	1.0	DefectOne	0.2	DefectFour	0.2	Byt	0.2	DefectThree	0.2	DefectTwo	0.2	GTAdjectiveAttributive	1.0	NotEllipted	1.0	VocalForm	0.5	NForm	0.5	NotControlled	1.0	ZeroTypeOfCoordination	1.0	Composite_ComplexNumeral	0.0714285714286	Composite_cko	0.0714285714286	NoCompositeness	0.0714285714286	Composite_cki	0.0714285714286	Composite_o	0.0714285714286	Composite_NumeralFull	0.0714285714286	Composite_NumeralShort	0.0714285714286	Composite_null	0.0714285714286	Composite_iko	0.0714285714286	Composite_sko	0.0714285714286	Composite_e	0.0714285714286	Composite_Numeral	0.0714285714286	Composite_usek	0.0714285714286	Composite_ski	0.0714285714286	DegreeComparative	0.333333333333	DegreeSuperlative	0.333333333333	DegreePositive	0.333333333333	Adverb_With_Hyphen	0.5	Adverb_Un_Hyphen	0.5	DeclensionMixed	0.25	DeclensionAdjectival	0.25	DeclensionNominal	0.25	Indeclinable	0.25	Comp_PunctuatorPref	0.0625	Comp_Suffixoid_Num_IJ	0.0625	Comp_PunctuatorPostSeparable	0.0625	Un_Comp_Suf	0.0625	Comp_SuffixoidAbbr	0.0625	Comp_Noun	0.0625	Comp_Suffixoid_Num_J	0.0625	Comp_PunctuatorPost	0.0625	Comp_PunctuatorPrefSeparable	0.0625	Comp_Suffixoid_Num_OJ	0.0625	Comp_Prefixoid	0.0625	Comp_Suffixoid	0.0625	Comp_Suffixoid_Chem	0.0625	Comp_Suffixoid_Num_PercentYJ	0.0625	Comp_Suffixoid_Num_YJ	0.0625	Comp_Adj	0.0625	BiAspectual	0.333333333333	MonoAspectual	0.333333333333	Paired	0.333333333333	NoSynthComparative	0.25	FullSynthComparison	0.25	OnlySuperlative	0.25	NoSynthSuperlative	0.25	MTwo	0.333333333333	MOne	0.333333333333	MThree	0.333333333333	NormalClassifyingCapitalization	1.0	Past	0.333333333333	Future	0.333333333333	Present	0.333333333333	Pronoun	1.0	ZeroDoubleConjunct	1.0	NotCommonChild	1.0	Prepositional	0.5	Locative	0.5	RCInterrogative	1.0	NoPlacement	1.0	Perfective	0.5	Imperfective	0.5	NotDefaultFiller	1.0	Masculine	0.5	Neuter	0.5	NoLeftmostPlacement	1.0	UnIterat	0.5	Iterat	0.5	NoRightmostPlacement	1.0	NotLeftConjunct	1.0	PersonFirst	0.25	PersonThird	0.25	PersonSecond	0.25	PersonZero	0.25	Active	0.333333333333	Passive	0.333333333333	VoiceSya	0.333333333333	VerbTransitive	0.25	VerbIntransitive	0.25	VerbIntransitiveSpecial	0.25	VerbTransitiveSpecial	0.25	NotRightConjunct	1.0	Plural_consonant	0.111111111111	Genitive_Locative_u	0.111111111111	Locative_u	0.111111111111	NoSpecialCaseForm	0.111111111111	SpecialVocative	0.111111111111	GenitivePlural_Zero	0.111111111111	SpecialPlual	0.111111111111	NominativePlural_a	0.111111111111	Genitive_u	0.111111111111	NoContrast	1.0	NormalCapitalization	1.0	V_Prefixoid	0.0416666666667	POL_Prefixoid	0.0416666666667	PO_Prefixoid	0.0416666666667	Letter_Prefixoid	0.0416666666667	InternMod_Prefixoid	0.0416666666667	Chem_Prefixoid	0.0416666666667	BES_Prefixoid	0.0416666666667	Chemical_Possible	0.0416666666667	VPOL_Prefixoid	0.0416666666667	Eval_Prefixoid	0.0416666666667	InternModEr_Prefixoid	0.0416666666667	Rus_Prefixoid	0.0416666666667	Intern_ReducedPrefixoid	0.0416666666667	NI_Prefixoid	0.0416666666667	Reduced_Prefixoid	0.0416666666667	NAI_Prefixoid	0.0416666666667	Intern_Prefixoid	0.0416666666667	BEZer_Prefixoid	0.0416666666667	InternHy_Prefixoid	0.0416666666667	KOE_Prefixoid	0.0416666666667	ProperNamePrefixoid	0.0416666666667	RusHy_Prefixoid	0.0416666666667	BEZ_Prefixoid	0.0416666666667	NE_Prefixoid	0.0416666666667	ParticipleShortForm	0.5	ParticipleFullForm	0.5	Singular	1.0	Four	0.2	SevenEight	0.2	Two	0.2	Three	0.2	FiveAndMore	0.2	AdjectiveFullForm	1.0	NounProperNameDimin	0.111111111111	NounProperName	0.111111111111	NounProperGeneral	0.111111111111	NounProperTown	0.111111111111	NounProperSurNameFlective	0.111111111111	NounProperPatronymic	0.111111111111	AdjectiveProper	0.111111111111	AbbrProperGeneral	0.111111111111	NounProperSurNameForeign	0.111111111111	NormalNumberParadigm	1.0	FullRealization	1.0
97	77	тот	тот	488317	488316	Animate	0.5	Inanimate	0.5	NonReflexive	0.25	ImperfectiveReflexivity	0.25	Reflexive	0.25	FullReflexivity	0.25	NormalMorphForm	1.0	DefectOne	0.2	DefectFour	0.2	Byt	0.2	DefectThree	0.2	DefectTwo	0.2	GTNoun	0.5	GTAdjectiveAttributive	0.5	NotEllipted	1.0	VocalForm	0.5	NForm	0.5	NotControlled	1.0	ZeroTypeOfCoordination	1.0	Composite_ComplexNumeral	0.0714285714286	Composite_cko	0.0714285714286	NoCompositeness	0.0714285714286	Composite_cki	0.0714285714286	Composite_o	0.0714285714286	Composite_NumeralFull	0.0714285714286	Composite_NumeralShort	0.0714285714286	Composite_null	0.0714285714286	Composite_iko	0.0714285714286	Composite_sko	0.0714285714286	Composite_e	0.0714285714286	Composite_Numeral	0.0714285714286	Composite_usek	0.0714285714286	Composite_ski	0.0714285714286	DegreeComparative	0.333333333333	DegreeSuperlative	0.333333333333	DegreePositive	0.333333333333	Adverb_With_Hyphen	0.5	Adverb_Un_Hyphen	0.5	DeclensionMixed	0.25	DeclensionAdjectival	0.25	DeclensionNominal	0.25	Indeclinable	0.25	Comp_PunctuatorPref	0.0625	Comp_Suffixoid_Num_IJ	0.0625	Comp_PunctuatorPostSeparable	0.0625	Un_Comp_Suf	0.0625	Comp_SuffixoidAbbr	0.0625	Comp_Noun	0.0625	Comp_Suffixoid_Num_J	0.0625	Comp_PunctuatorPost	0.0625	Comp_PunctuatorPrefSeparable	0.0625	Comp_Suffixoid_Num_OJ	0.0625	Comp_Prefixoid	0.0625	Comp_Suffixoid	0.0625	Comp_Suffixoid_Chem	0.0625	Comp_Suffixoid_Num_PercentYJ	0.0625	Comp_Suffixoid_Num_YJ	0.0625	Comp_Adj	0.0625	BiAspectual	0.333333333333	MonoAspectual	0.333333333333	Paired	0.333333333333	NoSynthComparative	0.25	FullSynthComparison	0.25	OnlySuperlative	0.25	NoSynthSuperlative	0.25	MTwo	0.333333333333	MOne	0.333333333333	MThree	0.333333333333	NormalClassifyingCapitalization	1.0	Past	0.333333333333	Future	0.333333333333	Present	0.333333333333	Pronoun	1.0	ZeroDoubleConjunct	1.0	NotCommonChild	1.0	Accusative	0.5	Nominative	0.5	RCDemonstrative	1.0	NoPlacement	1.0	Perfective	0.5	Imperfective	0.5	NotDefaultFiller	1.0	Masculine	1.0	NoLeftmostPlacement	1.0	UnIterat	0.5	Iterat	0.5	NoRightmostPlacement	1.0	NotLeftConjunct	1.0	PersonFirst	0.25	PersonThird	0.25	PersonSecond	0.25	PersonZero	0.25	Active	0.333333333333	Passive	0.333333333333	VoiceSya	0.333333333333	VerbTransitive	0.25	VerbIntransitive	0.25	VerbIntransitiveSpecial	0.25	VerbTransitiveSpecial	0.25	NotRightConjunct	1.0	Plural_consonant	0.111111111111	Genitive_Locative_u	0.111111111111	Locative_u	0.111111111111	NoSpecialCaseForm	0.111111111111	SpecialVocative	0.111111111111	GenitivePlural_Zero	0.111111111111	SpecialPlual	0.111111111111	NominativePlural_a	0.111111111111	Genitive_u	0.111111111111	NoContrast	1.0	NormalCapitalization	1.0	V_Prefixoid	0.0416666666667	POL_Prefixoid	0.0416666666667	PO_Prefixoid	0.0416666666667	Letter_Prefixoid	0.0416666666667	InternMod_Prefixoid	0.0416666666667	Chem_Prefixoid	0.0416666666667	BES_Prefixoid	0.0416666666667	Chemical_Possible	0.0416666666667	VPOL_Prefixoid	0.0416666666667	Eval_Prefixoid	0.0416666666667	InternModEr_Prefixoid	0.0416666666667	Rus_Prefixoid	0.0416666666667	Intern_ReducedPrefixoid	0.0416666666667	NI_Prefixoid	0.0416666666667	Reduced_Prefixoid	0.0416666666667	NAI_Prefixoid	0.0416666666667	Intern_Prefixoid	0.0416666666667	BEZer_Prefixoid	0.0416666666667	InternHy_Prefixoid	0.0416666666667	KOE_Prefixoid	0.0416666666667	ProperNamePrefixoid	0.0416666666667	RusHy_Prefixoid	0.0416666666667	BEZ_Prefixoid	0.0416666666667	NE_Prefixoid	0.0416666666667	ParticipleShortForm	0.5	ParticipleFullForm	0.5	Singular	1.0	Four	0.2	SevenEight	0.2	Two	0.2	Three	0.2	FiveAndMore	0.2	AdjectiveFullForm	0.333333333333	AdjectiveShortFlectional	0.333333333333	AdjectiveShortForm	0.333333333333	NounProperNameDimin	0.111111111111	NounProperName	0.111111111111	NounProperGeneral	0.111111111111	NounProperTown	0.111111111111	NounProperSurNameFlective	0.111111111111	NounProperPatronymic	0.111111111111	AdjectiveProper	0.111111111111	AbbrProperGeneral	0.111111111111	NounProperSurNameForeign	0.111111111111	NormalNumberParadigm	1.0	FullRealization	1.0
97	81	уверял	уверял	488313	488307	Animate	0.5	Inanimate	0.5	FullReflexivity	1.0	NormalMorphForm	1.0	DefectOne	0.2	DefectFour	0.2	Byt	0.2	DefectThree	0.2	DefectTwo	0.2	GTVerb	1.0	NotEllipted	1.0	VocalForm	0.5	NForm	0.5	NotControlled	1.0	ZeroTypeOfCoordination	1.0	Composite_ComplexNumeral	0.0714285714286	Composite_cko	0.0714285714286	NoCompositeness	0.0714285714286	Composite_cki	0.0714285714286	Composite_o	0.0714285714286	Composite_NumeralFull	0.0714285714286	Composite_NumeralShort	0.0714285714286	Composite_null	0.0714285714286	Composite_iko	0.0714285714286	Composite_sko	0.0714285714286	Composite_e	0.0714285714286	Composite_Numeral	0.0714285714286	Composite_usek	0.0714285714286	Composite_ski	0.0714285714286	DegreeComparative	0.333333333333	DegreeSuperlative	0.333333333333	DegreePositive	0.333333333333	Adverb_With_Hyphen	0.5	Adverb_Un_Hyphen	0.5	DeclensionMixed	0.25	DeclensionAdjectival	0.25	DeclensionNominal	0.25	Indeclinable	0.25	Comp_PunctuatorPref	0.0625	Comp_Suffixoid_Num_IJ	0.0625	Comp_PunctuatorPostSeparable	0.0625	Un_Comp_Suf	0.0625	Comp_SuffixoidAbbr	0.0625	Comp_Noun	0.0625	Comp_Suffixoid_Num_J	0.0625	Comp_PunctuatorPost	0.0625	Comp_PunctuatorPrefSeparable	0.0625	Comp_Suffixoid_Num_OJ	0.0625	Comp_Prefixoid	0.0625	Comp_Suffixoid	0.0625	Comp_Suffixoid_Chem	0.0625	Comp_Suffixoid_Num_PercentYJ	0.0625	Comp_Suffixoid_Num_YJ	0.0625	Comp_Adj	0.0625	Paired	1.0	NoSynthComparative	0.25	FullSynthComparison	0.25	OnlySuperlative	0.25	NoSynthSuperlative	0.25	MTwo	0.333333333333	MOne	0.333333333333	MThree	0.333333333333	NormalClassifyingCapitalization	1.0	Past	1.0	Verb	1.0	ZeroDoubleConjunct	1.0	NotCommonChild	1.0	Accusative	0.0909090909091	Prepositional	0.0909090909091	Instrumental	0.0909090909091	Dative	0.0909090909091	ZeroCase	0.0909090909091	Locative	0.0909090909091	Genitive	0.0909090909091	Partitive	0.0909090909091	Nominative	0.0909090909091	DativeSpecial	0.0909090909091	Vocative	0.0909090909091	RCDemonstrative	0.111111111111	RCNegative	0.111111111111	RCNoun	0.111111111111	RCPossessive	0.111111111111	RCIndefinite	0.111111111111	RCPersonal	0.111111111111	RCReflexive	0.111111111111	RCInterrogative	0.111111111111	RCAttributive	0.111111111111	NoPlacement	1.0	Imperfective	1.0	NotDefaultFiller	1.0	Masculine	1.0	NoLeftmostPlacement	1.0	UnIterat	1.0	NoRightmostPlacement	1.0	NotLeftConjunct	1.0	PersonFirst	0.25	PersonThird	0.25	PersonSecond	0.25	PersonZero	0.25	Active	1.0	VerbTransitive	1.0	NotRightConjunct	1.0	Plural_consonant	0.111111111111	Genitive_Locative_u	0.111111111111	Locative_u	0.111111111111	NoSpecialCaseForm	0.111111111111	SpecialVocative	0.111111111111	GenitivePlural_Zero	0.111111111111	SpecialPlual	0.111111111111	NominativePlural_a	0.111111111111	Genitive_u	0.111111111111	NoContrast	1.0	NormalCapitalization	1.0	V_Prefixoid	0.0416666666667	POL_Prefixoid	0.0416666666667	PO_Prefixoid	0.0416666666667	Letter_Prefixoid	0.0416666666667	InternMod_Prefixoid	0.0416666666667	Chem_Prefixoid	0.0416666666667	BES_Prefixoid	0.0416666666667	Chemical_Possible	0.0416666666667	VPOL_Prefixoid	0.0416666666667	Eval_Prefixoid	0.0416666666667	InternModEr_Prefixoid	0.0416666666667	Rus_Prefixoid	0.0416666666667	Intern_ReducedPrefixoid	0.0416666666667	NI_Prefixoid	0.0416666666667	Reduced_Prefixoid	0.0416666666667	NAI_Prefixoid	0.0416666666667	Intern_Prefixoid	0.0416666666667	BEZer_Prefixoid	0.0416666666667	InternHy_Prefixoid	0.0416666666667	KOE_Prefixoid	0.0416666666667	ProperNamePrefixoid	0.0416666666667	RusHy_Prefixoid	0.0416666666667	BEZ_Prefixoid	0.0416666666667	NE_Prefixoid	0.0416666666667	ParticipleShortForm	0.5	ParticipleFullForm	0.5	Singular	1.0	Four	0.2	SevenEight	0.2	Two	0.2	Three	0.2	FiveAndMore	0.2	AdjectiveFullForm	0.333333333333	AdjectiveShortFlectional	0.333333333333	AdjectiveShortForm	0.333333333333	NounProperNameDimin	0.111111111111	NounProperName	0.111111111111	NounProperGeneral	0.111111111111	NounProperTown	0.111111111111	NounProperSurNameFlective	0.111111111111	NounProperPatronymic	0.111111111111	AdjectiveProper	0.111111111111	AbbrProperGeneral	0.111111111111	NounProperSurNameForeign	0.111111111111	NormalNumberParadigm	1.0	FullRealization	1.0
97	89	что	что	488319	488318	Animate	0.125	Inanimate	0.375	NonReflexive	0.125	ImperfectiveReflexivity	0.125	Reflexive	0.125	FullReflexivity	0.125	NormalMorphForm	1.0	DefectOne	0.1	DefectFour	0.1	Byt	0.1	DefectThree	0.1	DefectTwo	0.1	GTInvariable	0.25	GTNoun	0.25	NotEllipted	1.0	VocalForm	0.25	NForm	0.25	NotControlled	1.0	ZeroTypeOfCoordination	1.0	Composite_ComplexNumeral	0.0357142857143	Composite_cko	0.0357142857143	NoCompositeness	0.0357142857143	Composite_cki	0.0357142857143	Composite_o	0.0357142857143	Composite_NumeralFull	0.0357142857143	Composite_NumeralShort	0.0357142857143	Composite_null	0.0357142857143	Composite_iko	0.0357142857143	Composite_sko	0.0357142857143	Composite_e	0.0357142857143	Composite_Numeral	0.0357142857143	Composite_usek	0.0357142857143	Composite_ski	0.0357142857143	DegreeComparative	0.166666666667	DegreeSuperlative	0.166666666667	DegreePositive	0.166666666667	Adverb_With_Hyphen	0.25	Adverb_Un_Hyphen	0.25	DeclensionMixed	0.125	DeclensionAdjectival	0.125	DeclensionNominal	0.125	Indeclinable	0.125	Comp_PunctuatorPref	0.03125	Comp_Suffixoid_Num_IJ	0.03125	Comp_PunctuatorPostSeparable	0.03125	Un_Comp_Suf	0.03125	Comp_SuffixoidAbbr	0.03125	Comp_Noun	0.03125	Comp_Suffixoid_Num_J	0.03125	Comp_PunctuatorPost	0.03125	Comp_PunctuatorPrefSeparable	0.03125	Comp_Suffixoid_Num_OJ	0.03125	Comp_Prefixoid	0.03125	Comp_Suffixoid	0.03125	Comp_Suffixoid_Chem	0.03125	Comp_Suffixoid_Num_PercentYJ	0.03125	Comp_Suffixoid_Num_YJ	0.03125	Comp_Adj	0.03125	BiAspectual	0.166666666667	MonoAspectual	0.166666666667	Paired	0.166666666667	NoSynthComparative	0.125	FullSynthComparison	0.125	OnlySuperlative	0.125	NoSynthSuperlative	0.125	MTwo	0.166666666667	MOne	0.166666666667	MThree	0.166666666667	NormalClassifyingCapitalization	1.0	Past	0.166666666667	Future	0.166666666667	Present	0.166666666667	Conjunction	0.25	Pronoun	0.25	ZeroDoubleConjunct	1.0	NotCommonChild	1.0	Accusative	0.147727272727	Prepositional	0.0227272727273	Instrumental	0.0227272727273	Dative	0.0227272727273	ZeroCase	0.0227272727273	Locative	0.0227272727273	Genitive	0.0227272727273	Partitive	0.0227272727273	Nominative	0.147727272727	DativeSpecial	0.0227272727273	Vocative	0.0227272727273	RCDemonstrative	0.0277777777778	RCNegative	0.0277777777778	RCNoun	0.0277777777778	RCPossessive	0.0277777777778	RCIndefinite	0.0277777777778	RCPersonal	0.0277777777778	RCReflexive	0.0277777777778	RCInterrogative	0.277777777778	RCAttributive	0.0277777777778	NoPlacement	1.0	Perfective	0.25	Imperfective	0.25	NotDefaultFiller	1.0	Feminine	0.0625	Common	0.0625	Masculine	0.0625	Neuter	0.3125	NoLeftmostPlacement	1.0	UnIterat	0.25	Iterat	0.25	NoRightmostPlacement	1.0	NotLeftConjunct	1.0	PersonFirst	0.125	PersonThird	0.125	PersonSecond	0.125	PersonZero	0.125	Active	0.166666666667	Passive	0.166666666667	VoiceSya	0.166666666667	VerbTransitive	0.125	VerbIntransitive	0.125	VerbIntransitiveSpecial	0.125	VerbTransitiveSpecial	0.125	NotRightConjunct	1.0	Plural_consonant	0.0555555555556	Genitive_Locative_u	0.0555555555556	Locative_u	0.0555555555556	NoSpecialCaseForm	0.0555555555556	SpecialVocative	0.0555555555556	GenitivePlural_Zero	0.0555555555556	SpecialPlual	0.0555555555556	NominativePlural_a	0.0555555555556	Genitive_u	0.0555555555556	NoContrast	1.0	NormalCapitalization	1.0	V_Prefixoid	0.0208333333333	POL_Prefixoid	0.0208333333333	PO_Prefixoid	0.0208333333333	Letter_Prefixoid	0.0208333333333	InternMod_Prefixoid	0.0208333333333	Chem_Prefixoid	0.0208333333333	BES_Prefixoid	0.0208333333333	Chemical_Possible	0.0208333333333	VPOL_Prefixoid	0.0208333333333	Eval_Prefixoid	0.0208333333333	InternModEr_Prefixoid	0.0208333333333	Rus_Prefixoid	0.0208333333333	Intern_ReducedPrefixoid	0.0208333333333	NI_Prefixoid	0.0208333333333	Reduced_Prefixoid	0.0208333333333	NAI_Prefixoid	0.0208333333333	Intern_Prefixoid	0.0208333333333	BEZer_Prefixoid	0.0208333333333	InternHy_Prefixoid	0.0208333333333	KOE_Prefixoid	0.0208333333333	ProperNamePrefixoid	0.0208333333333	RusHy_Prefixoid	0.0208333333333	BEZ_Prefixoid	0.0208333333333	NE_Prefixoid	0.0208333333333	ParticipleShortForm	0.25	ParticipleFullForm	0.25	Plural	0.125	Singular	0.375	Four	0.1	SevenEight	0.1	Two	0.1	Three	0.1	FiveAndMore	0.1	AdjectiveFullForm	0.166666666667	AdjectiveShortFlectional	0.166666666667	AdjectiveShortForm	0.166666666667	NounProperNameDimin	0.0555555555556	NounProperName	0.0555555555556	NounProperGeneral	0.0555555555556	NounProperTown	0.0555555555556	NounProperSurNameFlective	0.0555555555556	NounProperPatronymic	0.0555555555556	AdjectiveProper	0.0555555555556	AbbrProperGeneral	0.0555555555556	NounProperSurNameForeign	0.0555555555556	NormalNumberParadigm	1.0	FullRealization	1.0
97	93	отказ	отказ	488320	488318	Inanimate	1.0	NonReflexive	0.25	ImperfectiveReflexivity	0.25	Reflexive	0.25	FullReflexivity	0.25	NormalMorphForm	1.0	DefectOne	0.2	DefectFour	0.2	Byt	0.2	DefectThree	0.2	DefectTwo	0.2	GTNoun	1.0	NotEllipted	1.0	VocalForm	0.5	NForm	0.5	NotControlled	1.0	ZeroTypeOfCoordination	1.0	NoCompositeness	1.0	DegreeComparative	0.333333333333	DegreeSuperlative	0.333333333333	DegreePositive	0.333333333333	Adverb_With_Hyphen	0.5	Adverb_Un_Hyphen	0.5	DeclensionNominal	1.0	Un_Comp_Suf	1.0	BiAspectual	0.333333333333	MonoAspectual	0.333333333333	Paired	0.333333333333	NoSynthComparative	0.25	FullSynthComparison	0.25	OnlySuperlative	0.25	NoSynthSuperlative	0.25	MTwo	0.333333333333	MOne	0.333333333333	MThree	0.333333333333	NormalClassifyingCapitalization	1.0	Past	0.333333333333	Future	0.333333333333	Present	0.333333333333	Noun	1.0	ZeroDoubleConjunct	1.0	NotCommonChild	1.0	Accusative	0.5	Nominative	0.5	RCDemonstrative	0.111111111111	RCNegative	0.111111111111	RCNoun	0.111111111111	RCPossessive	0.111111111111	RCIndefinite	0.111111111111	RCPersonal	0.111111111111	RCReflexive	0.111111111111	RCInterrogative	0.111111111111	RCAttributive	0.111111111111	NoPlacement	1.0	Perfective	0.5	Imperfective	0.5	NotDefaultFiller	1.0	Masculine	1.0	NoLeftmostPlacement	1.0	UnIterat	0.5	Iterat	0.5	NoRightmostPlacement	1.0	NotLeftConjunct	1.0	PersonFirst	0.25	PersonThird	0.25	PersonSecond	0.25	PersonZero	0.25	Active	0.333333333333	Passive	0.333333333333	VoiceSya	0.333333333333	VerbTransitive	0.25	VerbIntransitive	0.25	VerbIntransitiveSpecial	0.25	VerbTransitiveSpecial	0.25	NotRightConjunct	1.0	Genitive_u	1.0	NoContrast	1.0	NormalCapitalization	1.0	V_Prefixoid	0.0416666666667	POL_Prefixoid	0.0416666666667	PO_Prefixoid	0.0416666666667	Letter_Prefixoid	0.0416666666667	InternMod_Prefixoid	0.0416666666667	Chem_Prefixoid	0.0416666666667	BES_Prefixoid	0.0416666666667	Chemical_Possible	0.0416666666667	VPOL_Prefixoid	0.0416666666667	Eval_Prefixoid	0.0416666666667	InternModEr_Prefixoid	0.0416666666667	Rus_Prefixoid	0.0416666666667	Intern_ReducedPrefixoid	0.0416666666667	NI_Prefixoid	0.0416666666667	Reduced_Prefixoid	0.0416666666667	NAI_Prefixoid	0.0416666666667	Intern_Prefixoid	0.0416666666667	BEZer_Prefixoid	0.0416666666667	InternHy_Prefixoid	0.0416666666667	KOE_Prefixoid	0.0416666666667	ProperNamePrefixoid	0.0416666666667	RusHy_Prefixoid	0.0416666666667	BEZ_Prefixoid	0.0416666666667	NE_Prefixoid	0.0416666666667	ParticipleShortForm	0.5	ParticipleFullForm	0.5	Singular	1.0	Four	0.2	SevenEight	0.2	Two	0.2	Three	0.2	FiveAndMore	0.2	AdjectiveFullForm	0.333333333333	AdjectiveShortFlectional	0.333333333333	AdjectiveShortForm	0.333333333333	NounProperNameDimin	0.111111111111	NounProperName	0.111111111111	NounProperGeneral	0.111111111111	NounProperTown	0.111111111111	NounProperSurNameFlective	0.111111111111	NounProperPatronymic	0.111111111111	AdjectiveProper	0.111111111111	AbbrProperGeneral	0.111111111111	NounProperSurNameForeign	0.111111111111	NormalNumberParadigm	1.0	FullRealization	1.0
97	99	от	от	488322	488321	Animate	0.5	Inanimate	0.5	NonReflexive	0.25	ImperfectiveReflexivity	0.25	Reflexive	0.25	FullReflexivity	0.25	NormalMorphForm	1.0	DefectOne	0.2	DefectFour	0.2	Byt	0.2	DefectThree	0.2	DefectTwo	0.2	GTInvariable	1.0	NotEllipted	1.0	VocalForm	0.5	NForm	0.5	NotControlled	1.0	ZeroTypeOfCoordination	1.0	Composite_ComplexNumeral	0.0714285714286	Composite_cko	0.0714285714286	NoCompositeness	0.0714285714286	Composite_cki	0.0714285714286	Composite_o	0.0714285714286	Composite_NumeralFull	0.0714285714286	Composite_NumeralShort	0.0714285714286	Composite_null	0.0714285714286	Composite_iko	0.0714285714286	Composite_sko	0.0714285714286	Composite_e	0.0714285714286	Composite_Numeral	0.0714285714286	Composite_usek	0.0714285714286	Composite_ski	0.0714285714286	DegreeComparative	0.333333333333	DegreeSuperlative	0.333333333333	DegreePositive	0.333333333333	Adverb_With_Hyphen	0.5	Adverb_Un_Hyphen	0.5	DeclensionMixed	0.25	DeclensionAdjectival	0.25	DeclensionNominal	0.25	Indeclinable	0.25	Comp_PunctuatorPref	0.0625	Comp_Suffixoid_Num_IJ	0.0625	Comp_PunctuatorPostSeparable	0.0625	Un_Comp_Suf	0.0625	Comp_SuffixoidAbbr	0.0625	Comp_Noun	0.0625	Comp_Suffixoid_Num_J	0.0625	Comp_PunctuatorPost	0.0625	Comp_PunctuatorPrefSeparable	0.0625	Comp_Suffixoid_Num_OJ	0.0625	Comp_Prefixoid	0.0625	Comp_Suffixoid	0.0625	Comp_Suffixoid_Chem	0.0625	Comp_Suffixoid_Num_PercentYJ	0.0625	Comp_Suffixoid_Num_YJ	0.0625	Comp_Adj	0.0625	BiAspectual	0.333333333333	MonoAspectual	0.333333333333	Paired	0.333333333333	NoSynthComparative	0.25	FullSynthComparison	0.25	OnlySuperlative	0.25	NoSynthSuperlative	0.25	MTwo	0.333333333333	MOne	0.333333333333	MThree	0.333333333333	NormalClassifyingCapitalization	1.0	Past	0.333333333333	Future	0.333333333333	Present	0.333333333333	Preposition	1.0	ZeroDoubleConjunct	1.0	NotCommonChild	1.0	Accusative	0.0909090909091	Prepositional	0.0909090909091	Instrumental	0.0909090909091	Dative	0.0909090909091	ZeroCase	0.0909090909091	Locative	0.0909090909091	Genitive	0.0909090909091	Partitive	0.0909090909091	Nominative	0.0909090909091	DativeSpecial	0.0909090909091	Vocative	0.0909090909091	RCDemonstrative	0.111111111111	RCNegative	0.111111111111	RCNoun	0.111111111111	RCPossessive	0.111111111111	RCIndefinite	0.111111111111	RCPersonal	0.111111111111	RCReflexive	0.111111111111	RCInterrogative	0.111111111111	RCAttributive	0.111111111111	NoPlacement	1.0	Perfective	0.5	Imperfective	0.5	NotDefaultFiller	1.0	Feminine	0.25	Common	0.25	Masculine	0.25	Neuter	0.25	NoLeftmostPlacement	1.0	UnIterat	0.5	Iterat	0.5	NoRightmostPlacement	1.0	NotLeftConjunct	1.0	PersonFirst	0.25	PersonThird	0.25	PersonSecond	0.25	PersonZero	0.25	Active	0.333333333333	Passive	0.333333333333	VoiceSya	0.333333333333	VerbTransitive	0.25	VerbIntransitive	0.25	VerbIntransitiveSpecial	0.25	VerbTransitiveSpecial	0.25	NotRightConjunct	1.0	Plural_consonant	0.111111111111	Genitive_Locative_u	0.111111111111	Locative_u	0.111111111111	NoSpecialCaseForm	0.111111111111	SpecialVocative	0.111111111111	GenitivePlural_Zero	0.111111111111	SpecialPlual	0.111111111111	NominativePlural_a	0.111111111111	Genitive_u	0.111111111111	NoContrast	1.0	NormalCapitalization	1.0	V_Prefixoid	0.0416666666667	POL_Prefixoid	0.0416666666667	PO_Prefixoid	0.0416666666667	Letter_Prefixoid	0.0416666666667	InternMod_Prefixoid	0.0416666666667	Chem_Prefixoid	0.0416666666667	BES_Prefixoid	0.0416666666667	Chemical_Possible	0.0416666666667	VPOL_Prefixoid	0.0416666666667	Eval_Prefixoid	0.0416666666667	InternModEr_Prefixoid	0.0416666666667	Rus_Prefixoid	0.0416666666667	Intern_ReducedPrefixoid	0.0416666666667	NI_Prefixoid	0.0416666666667	Reduced_Prefixoid	0.0416666666667	NAI_Prefixoid	0.0416666666667	Intern_Prefixoid	0.0416666666667	BEZer_Prefixoid	0.0416666666667	InternHy_Prefixoid	0.0416666666667	KOE_Prefixoid	0.0416666666667	ProperNamePrefixoid	0.0416666666667	RusHy_Prefixoid	0.0416666666667	BEZ_Prefixoid	0.0416666666667	NE_Prefixoid	0.0416666666667	ParticipleShortForm	0.5	ParticipleFullForm	0.5	Plural	0.5	Singular	0.5	Four	0.2	SevenEight	0.2	Two	0.2	Three	0.2	FiveAndMore	0.2	AdjectiveFullForm	0.333333333333	AdjectiveShortFlectional	0.333333333333	AdjectiveShortForm	0.333333333333	NounProperNameDimin	0.111111111111	NounProperName	0.111111111111	NounProperGeneral	0.111111111111	NounProperTown	0.111111111111	NounProperSurNameFlective	0.111111111111	NounProperPatronymic	0.111111111111	AdjectiveProper	0.111111111111	AbbrProperGeneral	0.111111111111	NounProperSurNameForeign	0.111111111111	NormalNumberParadigm	1.0	FullRealization	1.0
97	102	размещения	размещения	488321	488320	Inanimate	1.0	NonReflexive	0.25	ImperfectiveReflexivity	0.25	Reflexive	0.25	FullReflexivity	0.25	NormalMorphForm	1.0	DefectOne	0.2	DefectFour	0.2	Byt	0.2	DefectThree	0.2	DefectTwo	0.2	GTNoun	1.0	NotEllipted	1.0	VocalForm	0.5	NForm	0.5	NotControlled	1.0	ZeroTypeOfCoordination	1.0	NoCompositeness	1.0	DegreeComparative	0.333333333333	DegreeSuperlative	0.333333333333	DegreePositive	0.333333333333	Adverb_With_Hyphen	0.5	Adverb_Un_Hyphen	0.5	DeclensionNominal	1.0	Un_Comp_Suf	1.0	BiAspectual	0.333333333333	MonoAspectual	0.333333333333	Paired	0.333333333333	NoSynthComparative	0.25	FullSynthComparison	0.25	OnlySuperlative	0.25	NoSynthSuperlative	0.25	MTwo	0.333333333333	MOne	0.333333333333	MThree	0.333333333333	NormalClassifyingCapitalization	1.0	Past	0.333333333333	Future	0.333333333333	Present	0.333333333333	Noun	1.0	ZeroDoubleConjunct	1.0	NotCommonChild	1.0	Accusative	0.25	Genitive	0.25	Partitive	0.25	Nominative	0.25	RCDemonstrative	0.111111111111	RCNegative	0.111111111111	RCNoun	0.111111111111	RCPossessive	0.111111111111	RCIndefinite	0.111111111111	RCPersonal	0.111111111111	RCReflexive	0.111111111111	RCInterrogative	0.111111111111	RCAttributive	0.111111111111	NoPlacement	1.0	Perfective	0.5	Imperfective	0.5	NotDefaultFiller	1.0	Neuter	1.0	NoLeftmostPlacement	1.0	UnIterat	0.5	Iterat	0.5	NoRightmostPlacement	1.0	NotLeftConjunct	1.0	PersonFirst	0.25	PersonThird	0.25	PersonSecond	0.25	PersonZero	0.25	Active	0.333333333333	Passive	0.333333333333	VoiceSya	0.333333333333	VerbTransitive	0.25	VerbIntransitive	0.25	VerbIntransitiveSpecial	0.25	VerbTransitiveSpecial	0.25	NotRightConjunct	1.0	NoSpecialCaseForm	1.0	NoContrast	1.0	NormalCapitalization	1.0	V_Prefixoid	0.0416666666667	POL_Prefixoid	0.0416666666667	PO_Prefixoid	0.0416666666667	Letter_Prefixoid	0.0416666666667	InternMod_Prefixoid	0.0416666666667	Chem_Prefixoid	0.0416666666667	BES_Prefixoid	0.0416666666667	Chemical_Possible	0.0416666666667	VPOL_Prefixoid	0.0416666666667	Eval_Prefixoid	0.0416666666667	InternModEr_Prefixoid	0.0416666666667	Rus_Prefixoid	0.0416666666667	Intern_ReducedPrefixoid	0.0416666666667	NI_Prefixoid	0.0416666666667	Reduced_Prefixoid	0.0416666666667	NAI_Prefixoid	0.0416666666667	Intern_Prefixoid	0.0416666666667	BEZer_Prefixoid	0.0416666666667	InternHy_Prefixoid	0.0416666666667	KOE_Prefixoid	0.0416666666667	ProperNamePrefixoid	0.0416666666667	RusHy_Prefixoid	0.0416666666667	BEZ_Prefixoid	0.0416666666667	NE_Prefixoid	0.0416666666667	ParticipleShortForm	0.5	ParticipleFullForm	0.5	Plural	0.5	Singular	0.5	Four	0.2	SevenEight	0.2	Two	0.2	Three	0.2	FiveAndMore	0.2	AdjectiveFullForm	0.333333333333	AdjectiveShortFlectional	0.333333333333	AdjectiveShortForm	0.333333333333	NounProperNameDimin	0.111111111111	NounProperName	0.111111111111	NounProperGeneral	0.111111111111	NounProperTown	0.111111111111	NounProperSurNameFlective	0.111111111111	NounProperPatronymic	0.111111111111	AdjectiveProper	0.111111111111	AbbrProperGeneral	0.111111111111	NounProperSurNameForeign	0.111111111111	NormalNumberParadigm	1.0	FullRealization	1.0
97	113	ракет	ракет	488323	488321	Inanimate	1.0	NonReflexive	0.25	ImperfectiveReflexivity	0.25	Reflexive	0.25	FullReflexivity	0.25	NormalMorphForm	1.0	DefectOne	0.2	DefectFour	0.2	Byt	0.2	DefectThree	0.2	DefectTwo	0.2	GTNoun	1.0	NotEllipted	1.0	VocalForm	0.5	NForm	0.5	NotControlled	1.0	ZeroTypeOfCoordination	1.0	NoCompositeness	1.0	DegreeComparative	0.333333333333	DegreeSuperlative	0.333333333333	DegreePositive	0.333333333333	Adverb_With_Hyphen	0.5	Adverb_Un_Hyphen	0.5	DeclensionNominal	1.0	Un_Comp_Suf	1.0	BiAspectual	0.333333333333	MonoAspectual	0.333333333333	Paired	0.333333333333	NoSynthComparative	0.25	FullSynthComparison	0.25	OnlySuperlative	0.25	NoSynthSuperlative	0.25	MTwo	0.333333333333	MOne	0.333333333333	MThree	0.333333333333	NormalClassifyingCapitalization	1.0	Past	0.333333333333	Future	0.333333333333	Present	0.333333333333	Noun	1.0	ZeroDoubleConjunct	1.0	NotCommonChild	1.0	Genitive	0.5	Partitive	0.5	RCDemonstrative	0.111111111111	RCNegative	0.111111111111	RCNoun	0.111111111111	RCPossessive	0.111111111111	RCIndefinite	0.111111111111	RCPersonal	0.111111111111	RCReflexive	0.111111111111	RCInterrogative	0.111111111111	RCAttributive	0.111111111111	NoPlacement	1.0	Perfective	0.5	Imperfective	0.5	NotDefaultFiller	1.0	Feminine	1.0	NoLeftmostPlacement	1.0	UnIterat	0.5	Iterat	0.5	NoRightmostPlacement	1.0	NotLeftConjunct	1.0	PersonFirst	0.25	PersonThird	0.25	PersonSecond	0.25	PersonZero	0.25	Active	0.333333333333	Passive	0.333333333333	VoiceSya	0.333333333333	VerbTransitive	0.25	VerbIntransitive	0.25	VerbIntransitiveSpecial	0.25	VerbTransitiveSpecial	0.25	NotRightConjunct	1.0	NoSpecialCaseForm	1.0	NoContrast	1.0	NormalCapitalization	1.0	V_Prefixoid	0.0416666666667	POL_Prefixoid	0.0416666666667	PO_Prefixoid	0.0416666666667	Letter_Prefixoid	0.0416666666667	InternMod_Prefixoid	0.0416666666667	Chem_Prefixoid	0.0416666666667	BES_Prefixoid	0.0416666666667	Chemical_Possible	0.0416666666667	VPOL_Prefixoid	0.0416666666667	Eval_Prefixoid	0.0416666666667	InternModEr_Prefixoid	0.0416666666667	Rus_Prefixoid	0.0416666666667	Intern_ReducedPrefixoid	0.0416666666667	NI_Prefixoid	0.0416666666667	Reduced_Prefixoid	0.0416666666667	NAI_Prefixoid	0.0416666666667	Intern_Prefixoid	0.0416666666667	BEZer_Prefixoid	0.0416666666667	InternHy_Prefixoid	0.0416666666667	KOE_Prefixoid	0.0416666666667	ProperNamePrefixoid	0.0416666666667	RusHy_Prefixoid	0.0416666666667	BEZ_Prefixoid	0.0416666666667	NE_Prefixoid	0.0416666666667	ParticipleShortForm	0.5	ParticipleFullForm	0.5	Plural	1.0	Four	0.2	SevenEight	0.2	Two	0.2	Three	0.2	FiveAndMore	0.2	AdjectiveFullForm	0.333333333333	AdjectiveShortFlectional	0.333333333333	AdjectiveShortForm	0.333333333333	NounProperNameDimin	0.111111111111	NounProperName	0.111111111111	NounProperGeneral	0.111111111111	NounProperTown	0.111111111111	NounProperSurNameFlective	0.111111111111	NounProperPatronymic	0.111111111111	AdjectiveProper	0.111111111111	AbbrProperGeneral	0.111111111111	NounProperSurNameForeign	0.111111111111	NormalNumberParadigm	1.0	FullRealization	1.0
97	119	перехватчиков	перехватчиков	488324	488323	Animate	0.5	Inanimate	0.5	NonReflexive	0.25	ImperfectiveReflexivity	0.25	Reflexive	0.25	FullReflexivity	0.25	NormalMorphForm	1.0	DefectOne	0.2	DefectFour	0.2	Byt	0.2	DefectThree	0.2	DefectTwo	0.2	GTNoun	1.0	NotEllipted	1.0	VocalForm	0.5	NForm	0.5	NotControlled	1.0	ZeroTypeOfCoordination	1.0	NoCompositeness	1.0	DegreeComparative	0.333333333333	DegreeSuperlative	0.333333333333	DegreePositive	0.333333333333	Adverb_With_Hyphen	0.5	Adverb_Un_Hyphen	0.5	DeclensionNominal	1.0	Un_Comp_Suf	1.0	BiAspectual	0.333333333333	MonoAspectual	0.333333333333	Paired	0.333333333333	NoSynthComparative	0.25	FullSynthComparison	0.25	OnlySuperlative	0.25	NoSynthSuperlative	0.25	MTwo	0.333333333333	MOne	0.333333333333	MThree	0.333333333333	NormalClassifyingCapitalization	1.0	Past	0.333333333333	Future	0.333333333333	Present	0.333333333333	Noun	1.0	ZeroDoubleConjunct	1.0	NotCommonChild	1.0	Accusative	0.333333333333	Genitive	0.333333333333	Partitive	0.333333333333	RCDemonstrative	0.111111111111	RCNegative	0.111111111111	RCNoun	0.111111111111	RCPossessive	0.111111111111	RCIndefinite	0.111111111111	RCPersonal	0.111111111111	RCReflexive	0.111111111111	RCInterrogative	0.111111111111	RCAttributive	0.111111111111	NoPlacement	1.0	Perfective	0.5	Imperfective	0.5	NotDefaultFiller	1.0	Masculine	1.0	NoLeftmostPlacement	1.0	UnIterat	0.5	Iterat	0.5	NoRightmostPlacement	1.0	NotLeftConjunct	1.0	PersonFirst	0.25	PersonThird	0.25	PersonSecond	0.25	PersonZero	0.25	Active	0.333333333333	Passive	0.333333333333	VoiceSya	0.333333333333	VerbTransitive	0.25	VerbIntransitive	0.25	VerbIntransitiveSpecial	0.25	VerbTransitiveSpecial	0.25	NotRightConjunct	1.0	NoSpecialCaseForm	1.0	NoContrast	1.0	NormalCapitalization	1.0	V_Prefixoid	0.0416666666667	POL_Prefixoid	0.0416666666667	PO_Prefixoid	0.0416666666667	Letter_Prefixoid	0.0416666666667	InternMod_Prefixoid	0.0416666666667	Chem_Prefixoid	0.0416666666667	BES_Prefixoid	0.0416666666667	Chemical_Possible	0.0416666666667	VPOL_Prefixoid	0.0416666666667	Eval_Prefixoid	0.0416666666667	InternModEr_Prefixoid	0.0416666666667	Rus_Prefixoid	0.0416666666667	Intern_ReducedPrefixoid	0.0416666666667	NI_Prefixoid	0.0416666666667	Reduced_Prefixoid	0.0416666666667	NAI_Prefixoid	0.0416666666667	Intern_Prefixoid	0.0416666666667	BEZer_Prefixoid	0.0416666666667	InternHy_Prefixoid	0.0416666666667	KOE_Prefixoid	0.0416666666667	ProperNamePrefixoid	0.0416666666667	RusHy_Prefixoid	0.0416666666667	BEZ_Prefixoid	0.0416666666667	NE_Prefixoid	0.0416666666667	ParticipleShortForm	0.5	ParticipleFullForm	0.5	Plural	1.0	Four	0.2	SevenEight	0.2	Two	0.2	Three	0.2	FiveAndMore	0.2	AdjectiveFullForm	0.333333333333	AdjectiveShortFlectional	0.333333333333	AdjectiveShortForm	0.333333333333	NounProperNameDimin	0.111111111111	NounProperName	0.111111111111	NounProperGeneral	0.111111111111	NounProperTown	0.111111111111	NounProperSurNameFlective	0.111111111111	NounProperPatronymic	0.111111111111	AdjectiveProper	0.111111111111	AbbrProperGeneral	0.111111111111	NounProperSurNameForeign	0.111111111111	NormalNumberParadigm	1.0	FullRealization	1.0
97	133	на	на	488326	488325	Animate	0.5	Inanimate	0.5	NonReflexive	0.25	ImperfectiveReflexivity	0.25	Reflexive	0.25	FullReflexivity	0.25	NormalMorphForm	1.0	DefectOne	0.2	DefectFour	0.2	Byt	0.2	DefectThree	0.2	DefectTwo	0.2	GTInvariable	1.0	NotEllipted	1.0	VocalForm	0.5	NForm	0.5	NotControlled	1.0	ZeroTypeOfCoordination	1.0	Composite_ComplexNumeral	0.0714285714286	Composite_cko	0.0714285714286	NoCompositeness	0.0714285714286	Composite_cki	0.0714285714286	Composite_o	0.0714285714286	Composite_NumeralFull	0.0714285714286	Composite_NumeralShort	0.0714285714286	Composite_null	0.0714285714286	Composite_iko	0.0714285714286	Composite_sko	0.0714285714286	Composite_e	0.0714285714286	Composite_Numeral	0.0714285714286	Composite_usek	0.0714285714286	Composite_ski	0.0714285714286	DegreeComparative	0.333333333333	DegreeSuperlative	0.333333333333	DegreePositive	0.333333333333	Adverb_With_Hyphen	0.5	Adverb_Un_Hyphen	0.5	DeclensionMixed	0.25	DeclensionAdjectival	0.25	DeclensionNominal	0.25	Indeclinable	0.25	Comp_PunctuatorPref	0.0625	Comp_Suffixoid_Num_IJ	0.0625	Comp_PunctuatorPostSeparable	0.0625	Un_Comp_Suf	0.0625	Comp_SuffixoidAbbr	0.0625	Comp_Noun	0.0625	Comp_Suffixoid_Num_J	0.0625	Comp_PunctuatorPost	0.0625	Comp_PunctuatorPrefSeparable	0.0625	Comp_Suffixoid_Num_OJ	0.0625	Comp_Prefixoid	0.0625	Comp_Suffixoid	0.0625	Comp_Suffixoid_Chem	0.0625	Comp_Suffixoid_Num_PercentYJ	0.0625	Comp_Suffixoid_Num_YJ	0.0625	Comp_Adj	0.0625	BiAspectual	0.333333333333	MonoAspectual	0.333333333333	Paired	0.333333333333	NoSynthComparative	0.25	FullSynthComparison	0.25	OnlySuperlative	0.25	NoSynthSuperlative	0.25	MTwo	0.333333333333	MOne	0.333333333333	MThree	0.333333333333	NormalClassifyingCapitalization	1.0	Past	0.333333333333	Future	0.333333333333	Present	0.333333333333	Preposition	1.0	ZeroDoubleConjunct	1.0	NotCommonChild	1.0	Accusative	0.0909090909091	Prepositional	0.0909090909091	Instrumental	0.0909090909091	Dative	0.0909090909091	ZeroCase	0.0909090909091	Locative	0.0909090909091	Genitive	0.0909090909091	Partitive	0.0909090909091	Nominative	0.0909090909091	DativeSpecial	0.0909090909091	Vocative	0.0909090909091	RCDemonstrative	0.111111111111	RCNegative	0.111111111111	RCNoun	0.111111111111	RCPossessive	0.111111111111	RCIndefinite	0.111111111111	RCPersonal	0.111111111111	RCReflexive	0.111111111111	RCInterrogative	0.111111111111	RCAttributive	0.111111111111	NoPlacement	1.0	Perfective	0.5	Imperfective	0.5	NotDefaultFiller	1.0	Feminine	0.25	Common	0.25	Masculine	0.25	Neuter	0.25	NoLeftmostPlacement	1.0	UnIterat	0.5	Iterat	0.5	NoRightmostPlacement	1.0	NotLeftConjunct	1.0	PersonFirst	0.25	PersonThird	0.25	PersonSecond	0.25	PersonZero	0.25	Active	0.333333333333	Passive	0.333333333333	VoiceSya	0.333333333333	VerbTransitive	0.25	VerbIntransitive	0.25	VerbIntransitiveSpecial	0.25	VerbTransitiveSpecial	0.25	NotRightConjunct	1.0	Plural_consonant	0.111111111111	Genitive_Locative_u	0.111111111111	Locative_u	0.111111111111	NoSpecialCaseForm	0.111111111111	SpecialVocative	0.111111111111	GenitivePlural_Zero	0.111111111111	SpecialPlual	0.111111111111	NominativePlural_a	0.111111111111	Genitive_u	0.111111111111	NoContrast	1.0	NormalCapitalization	1.0	V_Prefixoid	0.0416666666667	POL_Prefixoid	0.0416666666667	PO_Prefixoid	0.0416666666667	Letter_Prefixoid	0.0416666666667	InternMod_Prefixoid	0.0416666666667	Chem_Prefixoid	0.0416666666667	BES_Prefixoid	0.0416666666667	Chemical_Possible	0.0416666666667	VPOL_Prefixoid	0.0416666666667	Eval_Prefixoid	0.0416666666667	InternModEr_Prefixoid	0.0416666666667	Rus_Prefixoid	0.0416666666667	Intern_ReducedPrefixoid	0.0416666666667	NI_Prefixoid	0.0416666666667	Reduced_Prefixoid	0.0416666666667	NAI_Prefixoid	0.0416666666667	Intern_Prefixoid	0.0416666666667	BEZer_Prefixoid	0.0416666666667	InternHy_Prefixoid	0.0416666666667	KOE_Prefixoid	0.0416666666667	ProperNamePrefixoid	0.0416666666667	RusHy_Prefixoid	0.0416666666667	BEZ_Prefixoid	0.0416666666667	NE_Prefixoid	0.0416666666667	ParticipleShortForm	0.5	ParticipleFullForm	0.5	Plural	0.5	Singular	0.5	Four	0.2	SevenEight	0.2	Two	0.2	Three	0.2	FiveAndMore	0.2	AdjectiveFullForm	0.333333333333	AdjectiveShortFlectional	0.333333333333	AdjectiveShortForm	0.333333333333	NounProperNameDimin	0.111111111111	NounProperName	0.111111111111	NounProperGeneral	0.111111111111	NounProperTown	0.111111111111	NounProperSurNameFlective	0.111111111111	NounProperPatronymic	0.111111111111	AdjectiveProper	0.111111111111	AbbrProperGeneral	0.111111111111	NounProperSurNameForeign	0.111111111111	NormalNumberParadigm	1.0	FullRealization	1.0
97	136	территории	территории	488325	488321	Inanimate	1.0	NonReflexive	0.25	ImperfectiveReflexivity	0.25	Reflexive	0.25	FullReflexivity	0.25	NormalMorphForm	1.0	DefectOne	0.2	DefectFour	0.2	Byt	0.2	DefectThree	0.2	DefectTwo	0.2	GTNoun	1.0	NotEllipted	1.0	VocalForm	0.5	NForm	0.5	NotControlled	1.0	ZeroTypeOfCoordination	1.0	NoCompositeness	1.0	DegreeComparative	0.333333333333	DegreeSuperlative	0.333333333333	DegreePositive	0.333333333333	Adverb_With_Hyphen	0.5	Adverb_Un_Hyphen	0.5	DeclensionNominal	1.0	Un_Comp_Suf	1.0	BiAspectual	0.333333333333	MonoAspectual	0.333333333333	Paired	0.333333333333	NoSynthComparative	0.25	FullSynthComparison	0.25	OnlySuperlative	0.25	NoSynthSuperlative	0.25	MTwo	0.333333333333	MOne	0.333333333333	MThree	0.333333333333	NormalClassifyingCapitalization	1.0	Past	0.333333333333	Future	0.333333333333	Present	0.333333333333	Noun	1.0	ZeroDoubleConjunct	1.0	NotCommonChild	1.0	Accusative	0.142857142857	Prepositional	0.142857142857	Dative	0.142857142857	Locative	0.142857142857	Genitive	0.142857142857	Partitive	0.142857142857	Nominative	0.142857142857	RCDemonstrative	0.111111111111	RCNegative	0.111111111111	RCNoun	0.111111111111	RCPossessive	0.111111111111	RCIndefinite	0.111111111111	RCPersonal	0.111111111111	RCReflexive	0.111111111111	RCInterrogative	0.111111111111	RCAttributive	0.111111111111	NoPlacement	1.0	Perfective	0.5	Imperfective	0.5	NotDefaultFiller	1.0	Feminine	1.0	NoLeftmostPlacement	1.0	UnIterat	0.5	Iterat	0.5	NoRightmostPlacement	1.0	NotLeftConjunct	1.0	PersonFirst	0.25	PersonThird	0.25	PersonSecond	0.25	PersonZero	0.25	Active	0.333333333333	Passive	0.333333333333	VoiceSya	0.333333333333	VerbTransitive	0.25	VerbIntransitive	0.25	VerbIntransitiveSpecial	0.25	VerbTransitiveSpecial	0.25	NotRightConjunct	1.0	NoSpecialCaseForm	1.0	NoContrast	1.0	NormalCapitalization	1.0	V_Prefixoid	0.0416666666667	POL_Prefixoid	0.0416666666667	PO_Prefixoid	0.0416666666667	Letter_Prefixoid	0.0416666666667	InternMod_Prefixoid	0.0416666666667	Chem_Prefixoid	0.0416666666667	BES_Prefixoid	0.0416666666667	Chemical_Possible	0.0416666666667	VPOL_Prefixoid	0.0416666666667	Eval_Prefixoid	0.0416666666667	InternModEr_Prefixoid	0.0416666666667	Rus_Prefixoid	0.0416666666667	Intern_ReducedPrefixoid	0.0416666666667	NI_Prefixoid	0.0416666666667	Reduced_Prefixoid	0.0416666666667	NAI_Prefixoid	0.0416666666667	Intern_Prefixoid	0.0416666666667	BEZer_Prefixoid	0.0416666666667	InternHy_Prefixoid	0.0416666666667	KOE_Prefixoid	0.0416666666667	ProperNamePrefixoid	0.0416666666667	RusHy_Prefixoid	0.0416666666667	BEZ_Prefixoid	0.0416666666667	NE_Prefixoid	0.0416666666667	ParticipleShortForm	0.5	ParticipleFullForm	0.5	Plural	0.5	Singular	0.5	Four	0.2	SevenEight	0.2	Two	0.2	Three	0.2	FiveAndMore	0.2	AdjectiveFullForm	0.333333333333	AdjectiveShortFlectional	0.333333333333	AdjectiveShortForm	0.333333333333	NounProperNameDimin	0.111111111111	NounProperName	0.111111111111	NounProperGeneral	0.111111111111	NounProperTown	0.111111111111	NounProperSurNameFlective	0.111111111111	NounProperPatronymic	0.111111111111	AdjectiveProper	0.111111111111	AbbrProperGeneral	0.111111111111	NounProperSurNameForeign	0.111111111111	NormalNumberParadigm	1.0	FullRealization	1.0
97	147	Польши	Польши	488327	488325	Inanimate	1.0	NonReflexive	0.25	ImperfectiveReflexivity	0.25	Reflexive	0.25	FullReflexivity	0.25	NormalMorphForm	1.0	DefectOne	0.2	DefectFour	0.2	Byt	0.2	DefectThree	0.2	DefectTwo	0.2	GTNoun	1.0	NotEllipted	1.0	VocalForm	0.5	NForm	0.5	NotControlled	1.0	ZeroTypeOfCoordination	1.0	NoCompositeness	1.0	DegreeComparative	0.333333333333	DegreeSuperlative	0.333333333333	DegreePositive	0.333333333333	Adverb_With_Hyphen	0.5	Adverb_Un_Hyphen	0.5	DeclensionNominal	1.0	Un_Comp_Suf	1.0	BiAspectual	0.333333333333	MonoAspectual	0.333333333333	Paired	0.333333333333	NoSynthComparative	0.25	FullSynthComparison	0.25	OnlySuperlative	0.25	NoSynthSuperlative	0.25	MTwo	0.333333333333	MOne	0.333333333333	MThree	0.333333333333	NormalClassifyingCapitalization	1.0	Past	0.333333333333	Future	0.333333333333	Present	0.333333333333	Noun	1.0	ZeroDoubleConjunct	1.0	NotCommonChild	1.0	Genitive	0.5	Partitive	0.5	RCDemonstrative	0.111111111111	RCNegative	0.111111111111	RCNoun	0.111111111111	RCPossessive	0.111111111111	RCIndefinite	0.111111111111	RCPersonal	0.111111111111	RCReflexive	0.111111111111	RCInterrogative	0.111111111111	RCAttributive	0.111111111111	NoPlacement	1.0	Perfective	0.5	Imperfective	0.5	NotDefaultFiller	1.0	Feminine	1.0	NoLeftmostPlacement	1.0	UnIterat	0.5	Iterat	0.5	NoRightmostPlacement	1.0	NotLeftConjunct	1.0	PersonFirst	0.25	PersonThird	0.25	PersonSecond	0.25	PersonZero	0.25	Active	0.333333333333	Passive	0.333333333333	VoiceSya	0.333333333333	VerbTransitive	0.25	VerbIntransitive	0.25	VerbIntransitiveSpecial	0.25	VerbTransitiveSpecial	0.25	NotRightConjunct	1.0	NoSpecialCaseForm	1.0	NoContrast	1.0	NormalCapitalization	1.0	V_Prefixoid	0.0416666666667	POL_Prefixoid	0.0416666666667	PO_Prefixoid	0.0416666666667	Letter_Prefixoid	0.0416666666667	InternMod_Prefixoid	0.0416666666667	Chem_Prefixoid	0.0416666666667	BES_Prefixoid	0.0416666666667	Chemical_Possible	0.0416666666667	VPOL_Prefixoid	0.0416666666667	Eval_Prefixoid	0.0416666666667	InternModEr_Prefixoid	0.0416666666667	Rus_Prefixoid	0.0416666666667	Intern_ReducedPrefixoid	0.0416666666667	NI_Prefixoid	0.0416666666667	Reduced_Prefixoid	0.0416666666667	NAI_Prefixoid	0.0416666666667	Intern_Prefixoid	0.0416666666667	BEZer_Prefixoid	0.0416666666667	InternHy_Prefixoid	0.0416666666667	KOE_Prefixoid	0.0416666666667	ProperNamePrefixoid	0.0416666666667	RusHy_Prefixoid	0.0416666666667	BEZ_Prefixoid	0.0416666666667	NE_Prefixoid	0.0416666666667	ParticipleShortForm	0.5	ParticipleFullForm	0.5	Singular	1.0	Four	0.2	SevenEight	0.2	Two	0.2	Three	0.2	FiveAndMore	0.2	AdjectiveFullForm	0.333333333333	AdjectiveShortFlectional	0.333333333333	AdjectiveShortForm	0.333333333333	NounProperGeneral	1.0	SingulariaTantum	1.0	FullRealization	1.0
97	154	не	не	488328	488318	Animate	0.5	Inanimate	0.5	NonReflexive	0.25	ImperfectiveReflexivity	0.25	Reflexive	0.25	FullReflexivity	0.25	NormalMorphForm	1.0	DefectOne	0.2	DefectFour	0.2	Byt	0.2	DefectThree	0.2	DefectTwo	0.2	GTInvariable	1.0	NotEllipted	1.0	VocalForm	0.5	NForm	0.5	NotControlled	1.0	ZeroTypeOfCoordination	1.0	Composite_ComplexNumeral	0.0714285714286	Composite_cko	0.0714285714286	NoCompositeness	0.0714285714286	Composite_cki	0.0714285714286	Composite_o	0.0714285714286	Composite_NumeralFull	0.0714285714286	Composite_NumeralShort	0.0714285714286	Composite_null	0.0714285714286	Composite_iko	0.0714285714286	Composite_sko	0.0714285714286	Composite_e	0.0714285714286	Composite_Numeral	0.0714285714286	Composite_usek	0.0714285714286	Composite_ski	0.0714285714286	DegreeComparative	0.333333333333	DegreeSuperlative	0.333333333333	DegreePositive	0.333333333333	Adverb_With_Hyphen	0.5	Adverb_Un_Hyphen	0.5	DeclensionMixed	0.25	DeclensionAdjectival	0.25	DeclensionNominal	0.25	Indeclinable	0.25	Comp_PunctuatorPref	0.0625	Comp_Suffixoid_Num_IJ	0.0625	Comp_PunctuatorPostSeparable	0.0625	Un_Comp_Suf	0.0625	Comp_SuffixoidAbbr	0.0625	Comp_Noun	0.0625	Comp_Suffixoid_Num_J	0.0625	Comp_PunctuatorPost	0.0625	Comp_PunctuatorPrefSeparable	0.0625	Comp_Suffixoid_Num_OJ	0.0625	Comp_Prefixoid	0.0625	Comp_Suffixoid	0.0625	Comp_Suffixoid_Chem	0.0625	Comp_Suffixoid_Num_PercentYJ	0.0625	Comp_Suffixoid_Num_YJ	0.0625	Comp_Adj	0.0625	BiAspectual	0.333333333333	MonoAspectual	0.333333333333	Paired	0.333333333333	NoSynthComparative	0.25	FullSynthComparison	0.25	OnlySuperlative	0.25	NoSynthSuperlative	0.25	MTwo	0.333333333333	MOne	0.333333333333	MThree	0.333333333333	NormalClassifyingCapitalization	1.0	Past	0.333333333333	Future	0.333333333333	Present	0.333333333333	Particle	1.0	ZeroDoubleConjunct	1.0	NotCommonChild	1.0	Accusative	0.0909090909091	Prepositional	0.0909090909091	Instrumental	0.0909090909091	Dative	0.0909090909091	ZeroCase	0.0909090909091	Locative	0.0909090909091	Genitive	0.0909090909091	Partitive	0.0909090909091	Nominative	0.0909090909091	DativeSpecial	0.0909090909091	Vocative	0.0909090909091	RCDemonstrative	0.111111111111	RCNegative	0.111111111111	RCNoun	0.111111111111	RCPossessive	0.111111111111	RCIndefinite	0.111111111111	RCPersonal	0.111111111111	RCReflexive	0.111111111111	RCInterrogative	0.111111111111	RCAttributive	0.111111111111	NoPlacement	1.0	Perfective	0.5	Imperfective	0.5	NotDefaultFiller	1.0	Feminine	0.25	Common	0.25	Masculine	0.25	Neuter	0.25	NoLeftmostPlacement	1.0	UnIterat	0.5	Iterat	0.5	NoRightmostPlacement	1.0	NotLeftConjunct	1.0	PersonFirst	0.25	PersonThird	0.25	PersonSecond	0.25	PersonZero	0.25	Active	0.333333333333	Passive	0.333333333333	VoiceSya	0.333333333333	VerbTransitive	0.25	VerbIntransitive	0.25	VerbIntransitiveSpecial	0.25	VerbTransitiveSpecial	0.25	NotRightConjunct	1.0	Plural_consonant	0.111111111111	Genitive_Locative_u	0.111111111111	Locative_u	0.111111111111	NoSpecialCaseForm	0.111111111111	SpecialVocative	0.111111111111	GenitivePlural_Zero	0.111111111111	SpecialPlual	0.111111111111	NominativePlural_a	0.111111111111	Genitive_u	0.111111111111	NoContrast	1.0	NormalCapitalization	1.0	V_Prefixoid	0.0416666666667	POL_Prefixoid	0.0416666666667	PO_Prefixoid	0.0416666666667	Letter_Prefixoid	0.0416666666667	InternMod_Prefixoid	0.0416666666667	Chem_Prefixoid	0.0416666666667	BES_Prefixoid	0.0416666666667	Chemical_Possible	0.0416666666667	VPOL_Prefixoid	0.0416666666667	Eval_Prefixoid	0.0416666666667	InternModEr_Prefixoid	0.0416666666667	Rus_Prefixoid	0.0416666666667	Intern_ReducedPrefixoid	0.0416666666667	NI_Prefixoid	0.0416666666667	Reduced_Prefixoid	0.0416666666667	NAI_Prefixoid	0.0416666666667	Intern_Prefixoid	0.0416666666667	BEZer_Prefixoid	0.0416666666667	InternHy_Prefixoid	0.0416666666667	KOE_Prefixoid	0.0416666666667	ProperNamePrefixoid	0.0416666666667	RusHy_Prefixoid	0.0416666666667	BEZ_Prefixoid	0.0416666666667	NE_Prefixoid	0.0416666666667	ParticipleShortForm	0.5	ParticipleFullForm	0.5	Plural	0.5	Singular	0.5	Four	0.2	SevenEight	0.2	Two	0.2	Three	0.2	FiveAndMore	0.2	AdjectiveFullForm	0.333333333333	AdjectiveShortFlectional	0.333333333333	AdjectiveShortForm	0.333333333333	NounProperNameDimin	0.111111111111	NounProperName	0.111111111111	NounProperGeneral	0.111111111111	NounProperTown	0.111111111111	NounProperSurNameFlective	0.111111111111	NounProperPatronymic	0.111111111111	AdjectiveProper	0.111111111111	AbbrProperGeneral	0.111111111111	NounProperSurNameForeign	0.111111111111	NormalNumberParadigm	1.0	FullRealization	1.0
97	157	повредит	повредит	488318	488313	Animate	0.5	Inanimate	0.5	FullReflexivity	1.0	NormalMorphForm	1.0	DefectOne	0.2	DefectFour	0.2	Byt	0.2	DefectThree	0.2	DefectTwo	0.2	GTVerb	1.0	NotEllipted	1.0	VocalForm	0.5	NForm	0.5	NotControlled	1.0	ZeroTypeOfCoordination	1.0	Composite_ComplexNumeral	0.0714285714286	Composite_cko	0.0714285714286	NoCompositeness	0.0714285714286	Composite_cki	0.0714285714286	Composite_o	0.0714285714286	Composite_NumeralFull	0.0714285714286	Composite_NumeralShort	0.0714285714286	Composite_null	0.0714285714286	Composite_iko	0.0714285714286	Composite_sko	0.0714285714286	Composite_e	0.0714285714286	Composite_Numeral	0.0714285714286	Composite_usek	0.0714285714286	Composite_ski	0.0714285714286	DegreeComparative	0.333333333333	DegreeSuperlative	0.333333333333	DegreePositive	0.333333333333	Adverb_With_Hyphen	0.5	Adverb_Un_Hyphen	0.5	DeclensionMixed	0.25	DeclensionAdjectival	0.25	DeclensionNominal	0.25	Indeclinable	0.25	Comp_PunctuatorPref	0.0625	Comp_Suffixoid_Num_IJ	0.0625	Comp_PunctuatorPostSeparable	0.0625	Un_Comp_Suf	0.0625	Comp_SuffixoidAbbr	0.0625	Comp_Noun	0.0625	Comp_Suffixoid_Num_J	0.0625	Comp_PunctuatorPost	0.0625	Comp_PunctuatorPrefSeparable	0.0625	Comp_Suffixoid_Num_OJ	0.0625	Comp_Prefixoid	0.0625	Comp_Suffixoid	0.0625	Comp_Suffixoid_Chem	0.0625	Comp_Suffixoid_Num_PercentYJ	0.0625	Comp_Suffixoid_Num_YJ	0.0625	Comp_Adj	0.0625	Paired	1.0	NoSynthComparative	0.25	FullSynthComparison	0.25	OnlySuperlative	0.25	NoSynthSuperlative	0.25	MTwo	0.333333333333	MOne	0.333333333333	MThree	0.333333333333	NormalClassifyingCapitalization	1.0	Present	1.0	Verb	1.0	ZeroDoubleConjunct	1.0	NotCommonChild	1.0	Accusative	0.0909090909091	Prepositional	0.0909090909091	Instrumental	0.0909090909091	Dative	0.0909090909091	ZeroCase	0.0909090909091	Locative	0.0909090909091	Genitive	0.0909090909091	Partitive	0.0909090909091	Nominative	0.0909090909091	DativeSpecial	0.0909090909091	Vocative	0.0909090909091	RCDemonstrative	0.111111111111	RCNegative	0.111111111111	RCNoun	0.111111111111	RCPossessive	0.111111111111	RCIndefinite	0.111111111111	RCPersonal	0.111111111111	RCReflexive	0.111111111111	RCInterrogative	0.111111111111	RCAttributive	0.111111111111	NoPlacement	1.0	Perfective	1.0	NotDefaultFiller	1.0	Feminine	0.25	Common	0.25	Masculine	0.25	Neuter	0.25	NoLeftmostPlacement	1.0	UnIterat	1.0	NoRightmostPlacement	1.0	NotLeftConjunct	1.0	PersonThird	1.0	Active	1.0	VerbTransitive	1.0	NotRightConjunct	1.0	Plural_consonant	0.111111111111	Genitive_Locative_u	0.111111111111	Locative_u	0.111111111111	NoSpecialCaseForm	0.111111111111	SpecialVocative	0.111111111111	GenitivePlural_Zero	0.111111111111	SpecialPlual	0.111111111111	NominativePlural_a	0.111111111111	Genitive_u	0.111111111111	NoContrast	1.0	NormalCapitalization	1.0	V_Prefixoid	0.0416666666667	POL_Prefixoid	0.0416666666667	PO_Prefixoid	0.0416666666667	Letter_Prefixoid	0.0416666666667	InternMod_Prefixoid	0.0416666666667	Chem_Prefixoid	0.0416666666667	BES_Prefixoid	0.0416666666667	Chemical_Possible	0.0416666666667	VPOL_Prefixoid	0.0416666666667	Eval_Prefixoid	0.0416666666667	InternModEr_Prefixoid	0.0416666666667	Rus_Prefixoid	0.0416666666667	Intern_ReducedPrefixoid	0.0416666666667	NI_Prefixoid	0.0416666666667	Reduced_Prefixoid	0.0416666666667	NAI_Prefixoid	0.0416666666667	Intern_Prefixoid	0.0416666666667	BEZer_Prefixoid	0.0416666666667	InternHy_Prefixoid	0.0416666666667	KOE_Prefixoid	0.0416666666667	ProperNamePrefixoid	0.0416666666667	RusHy_Prefixoid	0.0416666666667	BEZ_Prefixoid	0.0416666666667	NE_Prefixoid	0.0416666666667	ParticipleShortForm	0.5	ParticipleFullForm	0.5	Singular	1.0	Four	0.2	SevenEight	0.2	Two	0.2	Three	0.2	FiveAndMore	0.2	AdjectiveFullForm	0.333333333333	AdjectiveShortFlectional	0.333333333333	AdjectiveShortForm	0.333333333333	NounProperNameDimin	0.111111111111	NounProperName	0.111111111111	NounProperGeneral	0.111111111111	NounProperTown	0.111111111111	NounProperSurNameFlective	0.111111111111	NounProperPatronymic	0.111111111111	AdjectiveProper	0.111111111111	AbbrProperGeneral	0.111111111111	NounProperSurNameForeign	0.111111111111	NormalNumberParadigm	1.0	FullRealization	1.0
97	166	ее	ее	488330	488329	Animate	0.5	Inanimate	0.5	NonReflexive	0.25	ImperfectiveReflexivity	0.25	Reflexive	0.25	FullReflexivity	0.25	NormalMorphForm	1.0	DefectOne	0.2	DefectFour	0.2	Byt	0.2	DefectThree	0.2	DefectTwo	0.2	GTNoun	0.5	GTAdjectiveAttributive	0.5	NotEllipted	1.0	VocalForm	0.75	NForm	0.25	NotControlled	1.0	ZeroTypeOfCoordination	1.0	Composite_ComplexNumeral	0.0714285714286	Composite_cko	0.0714285714286	NoCompositeness	0.0714285714286	Composite_cki	0.0714285714286	Composite_o	0.0714285714286	Composite_NumeralFull	0.0714285714286	Composite_NumeralShort	0.0714285714286	Composite_null	0.0714285714286	Composite_iko	0.0714285714286	Composite_sko	0.0714285714286	Composite_e	0.0714285714286	Composite_Numeral	0.0714285714286	Composite_usek	0.0714285714286	Composite_ski	0.0714285714286	DegreeComparative	0.333333333333	DegreeSuperlative	0.333333333333	DegreePositive	0.333333333333	Adverb_With_Hyphen	0.5	Adverb_Un_Hyphen	0.5	DeclensionMixed	0.25	DeclensionAdjectival	0.25	DeclensionNominal	0.25	Indeclinable	0.25	Comp_PunctuatorPref	0.0625	Comp_Suffixoid_Num_IJ	0.0625	Comp_PunctuatorPostSeparable	0.0625	Un_Comp_Suf	0.0625	Comp_SuffixoidAbbr	0.0625	Comp_Noun	0.0625	Comp_Suffixoid_Num_J	0.0625	Comp_PunctuatorPost	0.0625	Comp_PunctuatorPrefSeparable	0.0625	Comp_Suffixoid_Num_OJ	0.0625	Comp_Prefixoid	0.0625	Comp_Suffixoid	0.0625	Comp_Suffixoid_Chem	0.0625	Comp_Suffixoid_Num_PercentYJ	0.0625	Comp_Suffixoid_Num_YJ	0.0625	Comp_Adj	0.0625	BiAspectual	0.333333333333	MonoAspectual	0.333333333333	Paired	0.333333333333	NoSynthComparative	0.25	FullSynthComparison	0.25	OnlySuperlative	0.25	NoSynthSuperlative	0.25	MTwo	0.333333333333	MOne	0.333333333333	MThree	0.333333333333	NormalClassifyingCapitalization	1.0	Past	0.333333333333	Future	0.333333333333	Present	0.333333333333	Pronoun	1.0	ZeroDoubleConjunct	1.0	NotCommonChild	1.0	Accusative	0.3125	Prepositional	0.0625	Instrumental	0.0625	Dative	0.0625	Locative	0.0625	Genitive	0.3125	Partitive	0.0625	Nominative	0.0625	RCPossessive	0.5	RCPersonal	0.5	NoPlacement	1.0	Perfective	0.5	Imperfective	0.5	NotDefaultFiller	1.0	Feminine	0.625	Common	0.125	Masculine	0.125	Neuter	0.125	NoLeftmostPlacement	1.0	UnIterat	0.5	Iterat	0.5	NoRightmostPlacement	1.0	NotLeftConjunct	1.0	PersonThird	1.0	Active	0.333333333333	Passive	0.333333333333	VoiceSya	0.333333333333	VerbTransitive	0.25	VerbIntransitive	0.25	VerbIntransitiveSpecial	0.25	VerbTransitiveSpecial	0.25	NotRightConjunct	1.0	Plural_consonant	0.111111111111	Genitive_Locative_u	0.111111111111	Locative_u	0.111111111111	NoSpecialCaseForm	0.111111111111	SpecialVocative	0.111111111111	GenitivePlural_Zero	0.111111111111	SpecialPlual	0.111111111111	NominativePlural_a	0.111111111111	Genitive_u	0.111111111111	NoContrast	1.0	NormalCapitalization	1.0	V_Prefixoid	0.0416666666667	POL_Prefixoid	0.0416666666667	PO_Prefixoid	0.0416666666667	Letter_Prefixoid	0.0416666666667	InternMod_Prefixoid	0.0416666666667	Chem_Prefixoid	0.0416666666667	BES_Prefixoid	0.0416666666667	Chemical_Possible	0.0416666666667	VPOL_Prefixoid	0.0416666666667	Eval_Prefixoid	0.0416666666667	InternModEr_Prefixoid	0.0416666666667	Rus_Prefixoid	0.0416666666667	Intern_ReducedPrefixoid	0.0416666666667	NI_Prefixoid	0.0416666666667	Reduced_Prefixoid	0.0416666666667	NAI_Prefixoid	0.0416666666667	Intern_Prefixoid	0.0416666666667	BEZer_Prefixoid	0.0416666666667	InternHy_Prefixoid	0.0416666666667	KOE_Prefixoid	0.0416666666667	ProperNamePrefixoid	0.0416666666667	RusHy_Prefixoid	0.0416666666667	BEZ_Prefixoid	0.0416666666667	NE_Prefixoid	0.0416666666667	ParticipleShortForm	0.5	ParticipleFullForm	0.5	Plural	0.25	Singular	0.75	Four	0.2	SevenEight	0.2	Two	0.2	Three	0.2	FiveAndMore	0.2	AdjectiveFullForm	0.666666666667	AdjectiveShortFlectional	0.166666666667	AdjectiveShortForm	0.166666666667	NounProperNameDimin	0.111111111111	NounProperName	0.111111111111	NounProperGeneral	0.111111111111	NounProperTown	0.111111111111	NounProperSurNameFlective	0.111111111111	NounProperPatronymic	0.111111111111	AdjectiveProper	0.111111111111	AbbrProperGeneral	0.111111111111	NounProperSurNameForeign	0.111111111111	NormalNumberParadigm	1.0	FullRealization	1.0
97	169	безопасности	безопасности	488329	488318	Inanimate	1.0	NonReflexive	0.25	ImperfectiveReflexivity	0.25	Reflexive	0.25	FullReflexivity	0.25	NormalMorphForm	1.0	DefectOne	0.2	DefectFour	0.2	Byt	0.2	DefectThree	0.2	DefectTwo	0.2	GTNoun	1.0	NotEllipted	1.0	VocalForm	0.5	NForm	0.5	NotControlled	1.0	ZeroTypeOfCoordination	1.0	NoCompositeness	1.0	DegreeComparative	0.333333333333	DegreeSuperlative	0.333333333333	DegreePositive	0.333333333333	Adverb_With_Hyphen	0.5	Adverb_Un_Hyphen	0.5	DeclensionNominal	1.0	Un_Comp_Suf	1.0	BiAspectual	0.333333333333	MonoAspectual	0.333333333333	Paired	0.333333333333	NoSynthComparative	0.25	FullSynthComparison	0.25	OnlySuperlative	0.25	NoSynthSuperlative	0.25	MTwo	0.333333333333	MOne	0.333333333333	MThree	0.333333333333	NormalClassifyingCapitalization	1.0	Past	0.333333333333	Future	0.333333333333	Present	0.333333333333	Noun	1.0	ZeroDoubleConjunct	1.0	NotCommonChild	1.0	Dative	0.2	Partitive	0.2	Prepositional	0.2	Locative	0.2	Genitive	0.2	RCDemonstrative	0.111111111111	RCNegative	0.111111111111	RCNoun	0.111111111111	RCPossessive	0.111111111111	RCIndefinite	0.111111111111	RCPersonal	0.111111111111	RCReflexive	0.111111111111	RCInterrogative	0.111111111111	RCAttributive	0.111111111111	NoPlacement	1.0	Perfective	0.5	Imperfective	0.5	NotDefaultFiller	1.0	Feminine	1.0	NoLeftmostPlacement	1.0	UnIterat	0.5	Iterat	0.5	NoRightmostPlacement	1.0	NotLeftConjunct	1.0	PersonFirst	0.25	PersonThird	0.25	PersonSecond	0.25	PersonZero	0.25	Active	0.333333333333	Passive	0.333333333333	VoiceSya	0.333333333333	VerbTransitive	0.25	VerbIntransitive	0.25	VerbIntransitiveSpecial	0.25	VerbTransitiveSpecial	0.25	NotRightConjunct	1.0	NoSpecialCaseForm	1.0	NoContrast	1.0	NormalCapitalization	1.0	V_Prefixoid	0.0416666666667	POL_Prefixoid	0.0416666666667	PO_Prefixoid	0.0416666666667	Letter_Prefixoid	0.0416666666667	InternMod_Prefixoid	0.0416666666667	Chem_Prefixoid	0.0416666666667	BES_Prefixoid	0.0416666666667	Chemical_Possible	0.0416666666667	VPOL_Prefixoid	0.0416666666667	Eval_Prefixoid	0.0416666666667	InternModEr_Prefixoid	0.0416666666667	Rus_Prefixoid	0.0416666666667	Intern_ReducedPrefixoid	0.0416666666667	NI_Prefixoid	0.0416666666667	Reduced_Prefixoid	0.0416666666667	NAI_Prefixoid	0.0416666666667	Intern_Prefixoid	0.0416666666667	BEZer_Prefixoid	0.0416666666667	InternHy_Prefixoid	0.0416666666667	KOE_Prefixoid	0.0416666666667	ProperNamePrefixoid	0.0416666666667	RusHy_Prefixoid	0.0416666666667	BEZ_Prefixoid	0.0416666666667	NE_Prefixoid	0.0416666666667	ParticipleShortForm	0.5	ParticipleFullForm	0.5	Singular	1.0	Four	0.2	SevenEight	0.2	Two	0.2	Three	0.2	FiveAndMore	0.2	AdjectiveFullForm	0.333333333333	AdjectiveShortFlectional	0.333333333333	AdjectiveShortForm	0.333333333333	NounProperNameDimin	0.111111111111	NounProperName	0.111111111111	NounProperGeneral	0.111111111111	NounProperTown	0.111111111111	NounProperSurNameFlective	0.111111111111	NounProperPatronymic	0.111111111111	AdjectiveProper	0.111111111111	AbbrProperGeneral	0.111111111111	NounProperSurNameForeign	0.111111111111	SingulariaTantum	1.0	FullRealization	1.0
99	0	Со	Со	488334	488333	Animate	0.5	Inanimate	0.166666666667	NonReflexive	0.166666666667	ImperfectiveReflexivity	0.166666666667	Reflexive	0.166666666667	FullReflexivity	0.166666666667	NormalMorphForm	1.0	DefectOne	0.133333333333	DefectFour	0.133333333333	Byt	0.133333333333	DefectThree	0.133333333333	DefectTwo	0.133333333333	GTInvariable	0.333333333333	GTNoun	0.333333333333	NotEllipted	1.0	VocalForm	0.333333333333	NForm	0.333333333333	NotControlled	1.0	ZeroTypeOfCoordination	1.0	Composite_ComplexNumeral	0.0238095238095	Composite_cko	0.0238095238095	NoCompositeness	0.357142857143	Composite_cki	0.0238095238095	Composite_o	0.0238095238095	Composite_NumeralFull	0.0238095238095	Composite_NumeralShort	0.0238095238095	Composite_null	0.0238095238095	Composite_iko	0.0238095238095	Composite_sko	0.0238095238095	Composite_e	0.0238095238095	Composite_Numeral	0.0238095238095	Composite_usek	0.0238095238095	Composite_ski	0.0238095238095	DegreeComparative	0.222222222222	DegreeSuperlative	0.222222222222	DegreePositive	0.222222222222	Adverb_With_Hyphen	0.333333333333	Adverb_Un_Hyphen	0.333333333333	DeclensionMixed	0.0833333333333	DeclensionAdjectival	0.0833333333333	DeclensionNominal	0.0833333333333	Indeclinable	0.416666666667	Comp_PunctuatorPref	0.0208333333333	Comp_Suffixoid_Num_IJ	0.0208333333333	Comp_PunctuatorPostSeparable	0.0208333333333	Un_Comp_Suf	0.354166666667	Comp_SuffixoidAbbr	0.0208333333333	Comp_Noun	0.0208333333333	Comp_Suffixoid_Num_J	0.0208333333333	Comp_PunctuatorPost	0.0208333333333	Comp_PunctuatorPrefSeparable	0.0208333333333	Comp_Suffixoid_Num_OJ	0.0208333333333	Comp_Prefixoid	0.0208333333333	Comp_Suffixoid	0.0208333333333	Comp_Suffixoid_Chem	0.0208333333333	Comp_Suffixoid_Num_PercentYJ	0.0208333333333	Comp_Suffixoid_Num_YJ	0.0208333333333	Comp_Adj	0.0208333333333	BiAspectual	0.222222222222	MonoAspectual	0.222222222222	Paired	0.222222222222	NoSynthComparative	0.166666666667	FullSynthComparison	0.166666666667	OnlySuperlative	0.166666666667	NoSynthSuperlative	0.166666666667	MTwo	0.222222222222	MOne	0.222222222222	MThree	0.222222222222	NormalClassifyingCapitalization	1.0	Past	0.222222222222	Future	0.222222222222	Present	0.222222222222	Preposition	0.333333333333	Noun	0.333333333333	ZeroDoubleConjunct	1.0	NotCommonChild	1.0	Accusative	0.0719696969697	Prepositional	0.0719696969697	Instrumental	0.0719696969697	Dative	0.0719696969697	ZeroCase	0.030303030303	Locative	0.0719696969697	Genitive	0.0719696969697	Partitive	0.0719696969697	Nominative	0.0719696969697	DativeSpecial	0.030303030303	Vocative	0.030303030303	RCDemonstrative	0.0740740740741	RCNegative	0.0740740740741	RCNoun	0.0740740740741	RCPossessive	0.0740740740741	RCIndefinite	0.0740740740741	RCPersonal	0.0740740740741	RCReflexive	0.0740740740741	RCInterrogative	0.0740740740741	RCAttributive	0.0740740740741	NoPlacement	1.0	Perfective	0.333333333333	Imperfective	0.333333333333	NotDefaultFiller	1.0	Feminine	0.0833333333333	Common	0.416666666667	Masculine	0.0833333333333	Neuter	0.0833333333333	NoLeftmostPlacement	1.0	UnIterat	0.333333333333	Iterat	0.333333333333	NoRightmostPlacement	1.0	NotLeftConjunct	1.0	PersonFirst	0.166666666667	PersonThird	0.166666666667	PersonSecond	0.166666666667	PersonZero	0.166666666667	Active	0.222222222222	Passive	0.222222222222	VoiceSya	0.222222222222	VerbTransitive	0.166666666667	VerbIntransitive	0.166666666667	VerbIntransitiveSpecial	0.166666666667	VerbTransitiveSpecial	0.166666666667	NotRightConjunct	1.0	Plural_consonant	0.037037037037	Genitive_Locative_u	0.037037037037	Locative_u	0.037037037037	NoSpecialCaseForm	0.37037037037	SpecialVocative	0.037037037037	GenitivePlural_Zero	0.037037037037	SpecialPlual	0.037037037037	NominativePlural_a	0.037037037037	Genitive_u	0.037037037037	NoContrast	1.0	NormalCapitalization	1.0	V_Prefixoid	0.0277777777778	POL_Prefixoid	0.0277777777778	PO_Prefixoid	0.0277777777778	Letter_Prefixoid	0.0277777777778	InternMod_Prefixoid	0.0277777777778	Chem_Prefixoid	0.0277777777778	BES_Prefixoid	0.0277777777778	Chemical_Possible	0.0277777777778	VPOL_Prefixoid	0.0277777777778	Eval_Prefixoid	0.0277777777778	InternModEr_Prefixoid	0.0277777777778	Rus_Prefixoid	0.0277777777778	Intern_ReducedPrefixoid	0.0277777777778	NI_Prefixoid	0.0277777777778	Reduced_Prefixoid	0.0277777777778	NAI_Prefixoid	0.0277777777778	Intern_Prefixoid	0.0277777777778	BEZer_Prefixoid	0.0277777777778	InternHy_Prefixoid	0.0277777777778	KOE_Prefixoid	0.0277777777778	ProperNamePrefixoid	0.0277777777778	RusHy_Prefixoid	0.0277777777778	BEZ_Prefixoid	0.0277777777778	NE_Prefixoid	0.0277777777778	ParticipleShortForm	0.333333333333	ParticipleFullForm	0.333333333333	Plural	0.333333333333	Singular	0.333333333333	Four	0.133333333333	SevenEight	0.133333333333	Two	0.133333333333	Three	0.133333333333	FiveAndMore	0.133333333333	AdjectiveFullForm	0.222222222222	AdjectiveShortFlectional	0.222222222222	AdjectiveShortForm	0.222222222222	NounProperNameDimin	0.037037037037	NounProperName	0.037037037037	NounProperGeneral	0.037037037037	NounProperTown	0.037037037037	NounProperSurNameFlective	0.037037037037	NounProperPatronymic	0.037037037037	AdjectiveProper	0.037037037037	AbbrProperGeneral	0.037037037037	NounProperSurNameForeign	0.37037037037	NormalNumberParadigm	1.0	FullRealization	1.0
99	3	своей	своей	488335	488333	Animate	0.5	Inanimate	0.5	NonReflexive	0.25	ImperfectiveReflexivity	0.25	Reflexive	0.25	FullReflexivity	0.25	NormalMorphForm	1.0	DefectOne	0.2	DefectFour	0.2	Byt	0.2	DefectThree	0.2	DefectTwo	0.2	GTAdjectiveAttributive	1.0	NotEllipted	1.0	VocalForm	0.5	NForm	0.5	NotControlled	1.0	ZeroTypeOfCoordination	1.0	Composite_ComplexNumeral	0.0714285714286	Composite_cko	0.0714285714286	NoCompositeness	0.0714285714286	Composite_cki	0.0714285714286	Composite_o	0.0714285714286	Composite_NumeralFull	0.0714285714286	Composite_NumeralShort	0.0714285714286	Composite_null	0.0714285714286	Composite_iko	0.0714285714286	Composite_sko	0.0714285714286	Composite_e	0.0714285714286	Composite_Numeral	0.0714285714286	Composite_usek	0.0714285714286	Composite_ski	0.0714285714286	DegreeComparative	0.333333333333	DegreeSuperlative	0.333333333333	DegreePositive	0.333333333333	Adverb_With_Hyphen	0.5	Adverb_Un_Hyphen	0.5	DeclensionMixed	0.25	DeclensionAdjectival	0.25	DeclensionNominal	0.25	Indeclinable	0.25	Comp_PunctuatorPref	0.0625	Comp_Suffixoid_Num_IJ	0.0625	Comp_PunctuatorPostSeparable	0.0625	Un_Comp_Suf	0.0625	Comp_SuffixoidAbbr	0.0625	Comp_Noun	0.0625	Comp_Suffixoid_Num_J	0.0625	Comp_PunctuatorPost	0.0625	Comp_PunctuatorPrefSeparable	0.0625	Comp_Suffixoid_Num_OJ	0.0625	Comp_Prefixoid	0.0625	Comp_Suffixoid	0.0625	Comp_Suffixoid_Chem	0.0625	Comp_Suffixoid_Num_PercentYJ	0.0625	Comp_Suffixoid_Num_YJ	0.0625	Comp_Adj	0.0625	BiAspectual	0.333333333333	MonoAspectual	0.333333333333	Paired	0.333333333333	NoSynthComparative	0.25	FullSynthComparison	0.25	OnlySuperlative	0.25	NoSynthSuperlative	0.25	MTwo	0.333333333333	MOne	0.333333333333	MThree	0.333333333333	NormalClassifyingCapitalization	1.0	Past	0.333333333333	Future	0.333333333333	Present	0.333333333333	Pronoun	1.0	ZeroDoubleConjunct	1.0	NotCommonChild	1.0	Prepositional	0.166666666667	Instrumental	0.166666666667	Dative	0.166666666667	Locative	0.166666666667	Genitive	0.166666666667	Partitive	0.166666666667	RCPossessive	1.0	NoPlacement	1.0	Perfective	0.5	Imperfective	0.5	NotDefaultFiller	1.0	Feminine	1.0	NoLeftmostPlacement	1.0	UnIterat	0.5	Iterat	0.5	NoRightmostPlacement	1.0	NotLeftConjunct	1.0	PersonFirst	0.25	PersonThird	0.25	PersonSecond	0.25	PersonZero	0.25	Active	0.333333333333	Passive	0.333333333333	VoiceSya	0.333333333333	VerbTransitive	0.25	VerbIntransitive	0.25	VerbIntransitiveSpecial	0.25	VerbTransitiveSpecial	0.25	NotRightConjunct	1.0	Plural_consonant	0.111111111111	Genitive_Locative_u	0.111111111111	Locative_u	0.111111111111	NoSpecialCaseForm	0.111111111111	SpecialVocative	0.111111111111	GenitivePlural_Zero	0.111111111111	SpecialPlual	0.111111111111	NominativePlural_a	0.111111111111	Genitive_u	0.111111111111	NoContrast	1.0	NormalCapitalization	1.0	V_Prefixoid	0.0416666666667	POL_Prefixoid	0.0416666666667	PO_Prefixoid	0.0416666666667	Letter_Prefixoid	0.0416666666667	InternMod_Prefixoid	0.0416666666667	Chem_Prefixoid	0.0416666666667	BES_Prefixoid	0.0416666666667	Chemical_Possible	0.0416666666667	VPOL_Prefixoid	0.0416666666667	Eval_Prefixoid	0.0416666666667	InternModEr_Prefixoid	0.0416666666667	Rus_Prefixoid	0.0416666666667	Intern_ReducedPrefixoid	0.0416666666667	NI_Prefixoid	0.0416666666667	Reduced_Prefixoid	0.0416666666667	NAI_Prefixoid	0.0416666666667	Intern_Prefixoid	0.0416666666667	BEZer_Prefixoid	0.0416666666667	InternHy_Prefixoid	0.0416666666667	KOE_Prefixoid	0.0416666666667	ProperNamePrefixoid	0.0416666666667	RusHy_Prefixoid	0.0416666666667	BEZ_Prefixoid	0.0416666666667	NE_Prefixoid	0.0416666666667	ParticipleShortForm	0.5	ParticipleFullForm	0.5	Singular	1.0	Four	0.2	SevenEight	0.2	Two	0.2	Three	0.2	FiveAndMore	0.2	AdjectiveFullForm	1.0	NounProperNameDimin	0.111111111111	NounProperName	0.111111111111	NounProperGeneral	0.111111111111	NounProperTown	0.111111111111	NounProperSurNameFlective	0.111111111111	NounProperPatronymic	0.111111111111	AdjectiveProper	0.111111111111	AbbrProperGeneral	0.111111111111	NounProperSurNameForeign	0.111111111111	NormalNumberParadigm	1.0	FullRealization	1.0
99	9	стороны	стороны	488333	488332	Inanimate	0.5	NonReflexive	0.125	ImperfectiveReflexivity	0.125	Reflexive	0.125	FullReflexivity	0.125	NormalMorphForm	1.0	DefectOne	0.1	DefectFour	0.1	Byt	0.1	DefectThree	0.1	DefectTwo	0.1	GTNoun	0.5	NotEllipted	1.0	VocalForm	0.25	NForm	0.25	NotControlled	1.0	ZeroTypeOfCoordination	1.0	NoCompositeness	0.5	DegreeComparative	0.166666666667	DegreeSuperlative	0.166666666667	DegreePositive	0.166666666667	Adverb_With_Hyphen	0.25	Adverb_Un_Hyphen	0.25	DeclensionNominal	0.5	Un_Comp_Suf	0.5	BiAspectual	0.166666666667	MonoAspectual	0.166666666667	Paired	0.166666666667	NoSynthComparative	0.125	FullSynthComparison	0.125	OnlySuperlative	0.125	NoSynthSuperlative	0.125	MTwo	0.166666666667	MOne	0.166666666667	MThree	0.166666666667	NormalClassifyingCapitalization	1.0	Past	0.166666666667	Future	0.166666666667	Present	0.166666666667	Noun	0.5	ZeroDoubleConjunct	1.0	NotCommonChild	1.0	Accusative	0.125	Genitive	0.125	Partitive	0.125	Nominative	0.125	RCDemonstrative	0.0555555555556	RCNegative	0.0555555555556	RCNoun	0.0555555555556	RCPossessive	0.0555555555556	RCIndefinite	0.0555555555556	RCPersonal	0.0555555555556	RCReflexive	0.0555555555556	RCInterrogative	0.0555555555556	RCAttributive	0.0555555555556	NoPlacement	1.0	Perfective	0.25	Imperfective	0.25	NotDefaultFiller	1.0	Feminine	0.5	NoLeftmostPlacement	1.0	UnIterat	0.25	Iterat	0.25	NoRightmostPlacement	1.0	NotLeftConjunct	1.0	PersonFirst	0.125	PersonThird	0.125	PersonSecond	0.125	PersonZero	0.125	Active	0.166666666667	Passive	0.166666666667	VoiceSya	0.166666666667	VerbTransitive	0.125	VerbIntransitive	0.125	VerbIntransitiveSpecial	0.125	VerbTransitiveSpecial	0.125	NotRightConjunct	1.0	NoSpecialCaseForm	0.5	NoContrast	1.0	NormalCapitalization	1.0	V_Prefixoid	0.0208333333333	POL_Prefixoid	0.0208333333333	PO_Prefixoid	0.0208333333333	Letter_Prefixoid	0.0208333333333	InternMod_Prefixoid	0.0208333333333	Chem_Prefixoid	0.0208333333333	BES_Prefixoid	0.0208333333333	Chemical_Possible	0.0208333333333	VPOL_Prefixoid	0.0208333333333	Eval_Prefixoid	0.0208333333333	InternModEr_Prefixoid	0.0208333333333	Rus_Prefixoid	0.0208333333333	Intern_ReducedPrefixoid	0.0208333333333	NI_Prefixoid	0.0208333333333	Reduced_Prefixoid	0.0208333333333	NAI_Prefixoid	0.0208333333333	Intern_Prefixoid	0.0208333333333	BEZer_Prefixoid	0.0208333333333	InternHy_Prefixoid	0.0208333333333	KOE_Prefixoid	0.0208333333333	ProperNamePrefixoid	0.0208333333333	RusHy_Prefixoid	0.0208333333333	BEZ_Prefixoid	0.0208333333333	NE_Prefixoid	0.0208333333333	ParticipleShortForm	0.25	ParticipleFullForm	0.25	Plural	0.25	Singular	0.25	Four	0.1	SevenEight	0.1	Two	0.1	Three	0.1	FiveAndMore	0.1	AdjectiveFullForm	0.166666666667	AdjectiveShortFlectional	0.166666666667	AdjectiveShortForm	0.166666666667	NounProperNameDimin	0.0555555555556	NounProperName	0.0555555555556	NounProperGeneral	0.0555555555556	NounProperTown	0.0555555555556	NounProperSurNameFlective	0.0555555555556	NounProperPatronymic	0.0555555555556	AdjectiveProper	0.0555555555556	AbbrProperGeneral	0.0555555555556	NounProperSurNameForeign	0.0555555555556	NormalNumberParadigm	1.0	FullRealization	1.0
99	17	политик	политик	488336	488332	Animate	0.5	Inanimate	0.5	NonReflexive	0.25	ImperfectiveReflexivity	0.25	Reflexive	0.25	FullReflexivity	0.25	NormalMorphForm	1.0	DefectOne	0.2	DefectFour	0.2	Byt	0.2	DefectThree	0.2	DefectTwo	0.2	GTNoun	1.0	NotEllipted	1.0	VocalForm	0.5	NForm	0.5	NotControlled	1.0	ZeroTypeOfCoordination	1.0	NoCompositeness	1.0	DegreeComparative	0.333333333333	DegreeSuperlative	0.333333333333	DegreePositive	0.333333333333	Adverb_With_Hyphen	0.5	Adverb_Un_Hyphen	0.5	DeclensionNominal	1.0	Un_Comp_Suf	1.0	BiAspectual	0.333333333333	MonoAspectual	0.333333333333	Paired	0.333333333333	NoSynthComparative	0.25	FullSynthComparison	0.25	OnlySuperlative	0.25	NoSynthSuperlative	0.25	MTwo	0.333333333333	MOne	0.333333333333	MThree	0.333333333333	NormalClassifyingCapitalization	1.0	Past	0.333333333333	Future	0.333333333333	Present	0.333333333333	Noun	1.0	ZeroDoubleConjunct	1.0	NotCommonChild	1.0	Genitive	0.25	Partitive	0.25	Nominative	0.5	RCDemonstrative	0.111111111111	RCNegative	0.111111111111	RCNoun	0.111111111111	RCPossessive	0.111111111111	RCIndefinite	0.111111111111	RCPersonal	0.111111111111	RCReflexive	0.111111111111	RCInterrogative	0.111111111111	RCAttributive	0.111111111111	NoPlacement	1.0	Perfective	0.5	Imperfective	0.5	NotDefaultFiller	1.0	Feminine	0.5	Masculine	0.5	NoLeftmostPlacement	1.0	UnIterat	0.5	Iterat	0.5	NoRightmostPlacement	1.0	NotLeftConjunct	1.0	PersonFirst	0.25	PersonThird	0.25	PersonSecond	0.25	PersonZero	0.25	Active	0.333333333333	Passive	0.333333333333	VoiceSya	0.333333333333	VerbTransitive	0.25	VerbIntransitive	0.25	VerbIntransitiveSpecial	0.25	VerbTransitiveSpecial	0.25	NotRightConjunct	1.0	NoSpecialCaseForm	1.0	NoContrast	1.0	NormalCapitalization	1.0	V_Prefixoid	0.0416666666667	POL_Prefixoid	0.0416666666667	PO_Prefixoid	0.0416666666667	Letter_Prefixoid	0.0416666666667	InternMod_Prefixoid	0.0416666666667	Chem_Prefixoid	0.0416666666667	BES_Prefixoid	0.0416666666667	Chemical_Possible	0.0416666666667	VPOL_Prefixoid	0.0416666666667	Eval_Prefixoid	0.0416666666667	InternModEr_Prefixoid	0.0416666666667	Rus_Prefixoid	0.0416666666667	Intern_ReducedPrefixoid	0.0416666666667	NI_Prefixoid	0.0416666666667	Reduced_Prefixoid	0.0416666666667	NAI_Prefixoid	0.0416666666667	Intern_Prefixoid	0.0416666666667	BEZer_Prefixoid	0.0416666666667	InternHy_Prefixoid	0.0416666666667	KOE_Prefixoid	0.0416666666667	ProperNamePrefixoid	0.0416666666667	RusHy_Prefixoid	0.0416666666667	BEZ_Prefixoid	0.0416666666667	NE_Prefixoid	0.0416666666667	ParticipleShortForm	0.5	ParticipleFullForm	0.5	Plural	0.5	Singular	0.5	Four	0.2	SevenEight	0.2	Two	0.2	Three	0.2	FiveAndMore	0.2	AdjectiveFullForm	0.333333333333	AdjectiveShortFlectional	0.333333333333	AdjectiveShortForm	0.333333333333	NounProperNameDimin	0.111111111111	NounProperName	0.111111111111	NounProperGeneral	0.111111111111	NounProperTown	0.111111111111	NounProperSurNameFlective	0.111111111111	NounProperPatronymic	0.111111111111	AdjectiveProper	0.111111111111	AbbrProperGeneral	0.111111111111	NounProperSurNameForeign	0.111111111111	NormalNumberParadigm	1.0	FullRealization	1.0
99	25	выразил	выразил	488332	-1	Animate	0.5	Inanimate	0.5	FullReflexivity	1.0	NormalMorphForm	1.0	DefectOne	0.2	DefectFour	0.2	Byt	0.2	DefectThree	0.2	DefectTwo	0.2	GTVerb	1.0	NotEllipted	1.0	VocalForm	0.5	NForm	0.5	NotControlled	1.0	ZeroTypeOfCoordination	1.0	Composite_ComplexNumeral	0.0714285714286	Composite_cko	0.0714285714286	NoCompositeness	0.0714285714286	Composite_cki	0.0714285714286	Composite_o	0.0714285714286	Composite_NumeralFull	0.0714285714286	Composite_NumeralShort	0.0714285714286	Composite_null	0.0714285714286	Composite_iko	0.0714285714286	Composite_sko	0.0714285714286	Composite_e	0.0714285714286	Composite_Numeral	0.0714285714286	Composite_usek	0.0714285714286	Composite_ski	0.0714285714286	DegreeComparative	0.333333333333	DegreeSuperlative	0.333333333333	DegreePositive	0.333333333333	Adverb_With_Hyphen	0.5	Adverb_Un_Hyphen	0.5	DeclensionMixed	0.25	DeclensionAdjectival	0.25	DeclensionNominal	0.25	Indeclinable	0.25	Comp_PunctuatorPref	0.0625	Comp_Suffixoid_Num_IJ	0.0625	Comp_PunctuatorPostSeparable	0.0625	Un_Comp_Suf	0.0625	Comp_SuffixoidAbbr	0.0625	Comp_Noun	0.0625	Comp_Suffixoid_Num_J	0.0625	Comp_PunctuatorPost	0.0625	Comp_PunctuatorPrefSeparable	0.0625	Comp_Suffixoid_Num_OJ	0.0625	Comp_Prefixoid	0.0625	Comp_Suffixoid	0.0625	Comp_Suffixoid_Chem	0.0625	Comp_Suffixoid_Num_PercentYJ	0.0625	Comp_Suffixoid_Num_YJ	0.0625	Comp_Adj	0.0625	Paired	1.0	NoSynthComparative	0.25	FullSynthComparison	0.25	OnlySuperlative	0.25	NoSynthSuperlative	0.25	MTwo	0.333333333333	MOne	0.333333333333	MThree	0.333333333333	NormalClassifyingCapitalization	1.0	Past	1.0	Verb	1.0	ZeroDoubleConjunct	1.0	NotCommonChild	1.0	Accusative	0.0909090909091	Prepositional	0.0909090909091	Instrumental	0.0909090909091	Dative	0.0909090909091	ZeroCase	0.0909090909091	Locative	0.0909090909091	Genitive	0.0909090909091	Partitive	0.0909090909091	Nominative	0.0909090909091	DativeSpecial	0.0909090909091	Vocative	0.0909090909091	RCDemonstrative	0.111111111111	RCNegative	0.111111111111	RCNoun	0.111111111111	RCPossessive	0.111111111111	RCIndefinite	0.111111111111	RCPersonal	0.111111111111	RCReflexive	0.111111111111	RCInterrogative	0.111111111111	RCAttributive	0.111111111111	NoPlacement	1.0	Perfective	1.0	NotDefaultFiller	1.0	Masculine	1.0	NoLeftmostPlacement	1.0	UnIterat	1.0	NoRightmostPlacement	1.0	NotLeftConjunct	1.0	PersonFirst	0.25	PersonThird	0.25	PersonSecond	0.25	PersonZero	0.25	Active	1.0	VerbTransitive	1.0	NotRightConjunct	1.0	Plural_consonant	0.111111111111	Genitive_Locative_u	0.111111111111	Locative_u	0.111111111111	NoSpecialCaseForm	0.111111111111	SpecialVocative	0.111111111111	GenitivePlural_Zero	0.111111111111	SpecialPlual	0.111111111111	NominativePlural_a	0.111111111111	Genitive_u	0.111111111111	NoContrast	1.0	NormalCapitalization	1.0	V_Prefixoid	0.0416666666667	POL_Prefixoid	0.0416666666667	PO_Prefixoid	0.0416666666667	Letter_Prefixoid	0.0416666666667	InternMod_Prefixoid	0.0416666666667	Chem_Prefixoid	0.0416666666667	BES_Prefixoid	0.0416666666667	Chemical_Possible	0.0416666666667	VPOL_Prefixoid	0.0416666666667	Eval_Prefixoid	0.0416666666667	InternModEr_Prefixoid	0.0416666666667	Rus_Prefixoid	0.0416666666667	Intern_ReducedPrefixoid	0.0416666666667	NI_Prefixoid	0.0416666666667	Reduced_Prefixoid	0.0416666666667	NAI_Prefixoid	0.0416666666667	Intern_Prefixoid	0.0416666666667	BEZer_Prefixoid	0.0416666666667	InternHy_Prefixoid	0.0416666666667	KOE_Prefixoid	0.0416666666667	ProperNamePrefixoid	0.0416666666667	RusHy_Prefixoid	0.0416666666667	BEZ_Prefixoid	0.0416666666667	NE_Prefixoid	0.0416666666667	ParticipleShortForm	0.5	ParticipleFullForm	0.5	Singular	1.0	Four	0.2	SevenEight	0.2	Two	0.2	Three	0.2	FiveAndMore	0.2	AdjectiveFullForm	0.333333333333	AdjectiveShortFlectional	0.333333333333	AdjectiveShortForm	0.333333333333	NounProperNameDimin	0.111111111111	NounProperName	0.111111111111	NounProperGeneral	0.111111111111	NounProperTown	0.111111111111	NounProperSurNameFlective	0.111111111111	NounProperPatronymic	0.111111111111	AdjectiveProper	0.111111111111	AbbrProperGeneral	0.111111111111	NounProperSurNameForeign	0.111111111111	NormalNumberParadigm	1.0	FullRealization	1.0
99	33	надежду	надежду	488337	488332	Inanimate	1.0	NonReflexive	0.25	ImperfectiveReflexivity	0.25	Reflexive	0.25	FullReflexivity	0.25	NormalMorphForm	1.0	DefectOne	0.2	DefectFour	0.2	Byt	0.2	DefectThree	0.2	DefectTwo	0.2	GTNoun	1.0	NotEllipted	1.0	VocalForm	0.5	NForm	0.5	NotControlled	1.0	ZeroTypeOfCoordination	1.0	NoCompositeness	1.0	DegreeComparative	0.333333333333	DegreeSuperlative	0.333333333333	DegreePositive	0.333333333333	Adverb_With_Hyphen	0.5	Adverb_Un_Hyphen	0.5	DeclensionNominal	1.0	Un_Comp_Suf	1.0	BiAspectual	0.333333333333	MonoAspectual	0.333333333333	Paired	0.333333333333	NoSynthComparative	0.25	FullSynthComparison	0.25	OnlySuperlative	0.25	NoSynthSuperlative	0.25	MTwo	0.333333333333	MOne	0.333333333333	MThree	0.333333333333	NormalClassifyingCapitalization	1.0	Past	0.333333333333	Future	0.333333333333	Present	0.333333333333	Noun	1.0	ZeroDoubleConjunct	1.0	NotCommonChild	1.0	Accusative	1.0	RCDemonstrative	0.111111111111	RCNegative	0.111111111111	RCNoun	0.111111111111	RCPossessive	0.111111111111	RCIndefinite	0.111111111111	RCPersonal	0.111111111111	RCReflexive	0.111111111111	RCInterrogative	0.111111111111	RCAttributive	0.111111111111	NoPlacement	1.0	Perfective	0.5	Imperfective	0.5	NotDefaultFiller	1.0	Feminine	1.0	NoLeftmostPlacement	1.0	UnIterat	0.5	Iterat	0.5	NoRightmostPlacement	1.0	NotLeftConjunct	1.0	PersonFirst	0.25	PersonThird	0.25	PersonSecond	0.25	PersonZero	0.25	Active	0.333333333333	Passive	0.333333333333	VoiceSya	0.333333333333	VerbTransitive	0.25	VerbIntransitive	0.25	VerbIntransitiveSpecial	0.25	VerbTransitiveSpecial	0.25	NotRightConjunct	1.0	NoSpecialCaseForm	1.0	NoContrast	1.0	NormalCapitalization	1.0	V_Prefixoid	0.0416666666667	POL_Prefixoid	0.0416666666667	PO_Prefixoid	0.0416666666667	Letter_Prefixoid	0.0416666666667	InternMod_Prefixoid	0.0416666666667	Chem_Prefixoid	0.0416666666667	BES_Prefixoid	0.0416666666667	Chemical_Possible	0.0416666666667	VPOL_Prefixoid	0.0416666666667	Eval_Prefixoid	0.0416666666667	InternModEr_Prefixoid	0.0416666666667	Rus_Prefixoid	0.0416666666667	Intern_ReducedPrefixoid	0.0416666666667	NI_Prefixoid	0.0416666666667	Reduced_Prefixoid	0.0416666666667	NAI_Prefixoid	0.0416666666667	Intern_Prefixoid	0.0416666666667	BEZer_Prefixoid	0.0416666666667	InternHy_Prefixoid	0.0416666666667	KOE_Prefixoid	0.0416666666667	ProperNamePrefixoid	0.0416666666667	RusHy_Prefixoid	0.0416666666667	BEZ_Prefixoid	0.0416666666667	NE_Prefixoid	0.0416666666667	ParticipleShortForm	0.5	ParticipleFullForm	0.5	Singular	1.0	Four	0.2	SevenEight	0.2	Two	0.2	Three	0.2	FiveAndMore	0.2	AdjectiveFullForm	0.333333333333	AdjectiveShortFlectional	0.333333333333	AdjectiveShortForm	0.333333333333	NounProperNameDimin	0.111111111111	NounProperName	0.111111111111	NounProperGeneral	0.111111111111	NounProperTown	0.111111111111	NounProperSurNameFlective	0.111111111111	NounProperPatronymic	0.111111111111	AdjectiveProper	0.111111111111	AbbrProperGeneral	0.111111111111	NounProperSurNameForeign	0.111111111111	NormalNumberParadigm	1.0	FullRealization	1.0
99	42	что	что	488339	488338	Animate	0.125	Inanimate	0.375	NonReflexive	0.125	ImperfectiveReflexivity	0.125	Reflexive	0.125	FullReflexivity	0.125	NormalMorphForm	1.0	DefectOne	0.1	DefectFour	0.1	Byt	0.1	DefectThree	0.1	DefectTwo	0.1	GTInvariable	0.25	GTNoun	0.25	NotEllipted	1.0	VocalForm	0.25	NForm	0.25	NotControlled	1.0	ZeroTypeOfCoordination	1.0	Composite_ComplexNumeral	0.0357142857143	Composite_cko	0.0357142857143	NoCompositeness	0.0357142857143	Composite_cki	0.0357142857143	Composite_o	0.0357142857143	Composite_NumeralFull	0.0357142857143	Composite_NumeralShort	0.0357142857143	Composite_null	0.0357142857143	Composite_iko	0.0357142857143	Composite_sko	0.0357142857143	Composite_e	0.0357142857143	Composite_Numeral	0.0357142857143	Composite_usek	0.0357142857143	Composite_ski	0.0357142857143	DegreeComparative	0.166666666667	DegreeSuperlative	0.166666666667	DegreePositive	0.166666666667	Adverb_With_Hyphen	0.25	Adverb_Un_Hyphen	0.25	DeclensionMixed	0.125	DeclensionAdjectival	0.125	DeclensionNominal	0.125	Indeclinable	0.125	Comp_PunctuatorPref	0.03125	Comp_Suffixoid_Num_IJ	0.03125	Comp_PunctuatorPostSeparable	0.03125	Un_Comp_Suf	0.03125	Comp_SuffixoidAbbr	0.03125	Comp_Noun	0.03125	Comp_Suffixoid_Num_J	0.03125	Comp_PunctuatorPost	0.03125	Comp_PunctuatorPrefSeparable	0.03125	Comp_Suffixoid_Num_OJ	0.03125	Comp_Prefixoid	0.03125	Comp_Suffixoid	0.03125	Comp_Suffixoid_Chem	0.03125	Comp_Suffixoid_Num_PercentYJ	0.03125	Comp_Suffixoid_Num_YJ	0.03125	Comp_Adj	0.03125	BiAspectual	0.166666666667	MonoAspectual	0.166666666667	Paired	0.166666666667	NoSynthComparative	0.125	FullSynthComparison	0.125	OnlySuperlative	0.125	NoSynthSuperlative	0.125	MTwo	0.166666666667	MOne	0.166666666667	MThree	0.166666666667	NormalClassifyingCapitalization	1.0	Past	0.166666666667	Future	0.166666666667	Present	0.166666666667	Conjunction	0.25	Pronoun	0.25	ZeroDoubleConjunct	1.0	NotCommonChild	1.0	Accusative	0.147727272727	Prepositional	0.0227272727273	Instrumental	0.0227272727273	Dative	0.0227272727273	ZeroCase	0.0227272727273	Locative	0.0227272727273	Genitive	0.0227272727273	Partitive	0.0227272727273	Nominative	0.147727272727	DativeSpecial	0.0227272727273	Vocative	0.0227272727273	RCDemonstrative	0.0277777777778	RCNegative	0.0277777777778	RCNoun	0.0277777777778	RCPossessive	0.0277777777778	RCIndefinite	0.0277777777778	RCPersonal	0.0277777777778	RCReflexive	0.0277777777778	RCInterrogative	0.277777777778	RCAttributive	0.0277777777778	NoPlacement	1.0	Perfective	0.25	Imperfective	0.25	NotDefaultFiller	1.0	Feminine	0.0625	Common	0.0625	Masculine	0.0625	Neuter	0.3125	NoLeftmostPlacement	1.0	UnIterat	0.25	Iterat	0.25	NoRightmostPlacement	1.0	NotLeftConjunct	1.0	PersonFirst	0.125	PersonThird	0.125	PersonSecond	0.125	PersonZero	0.125	Active	0.166666666667	Passive	0.166666666667	VoiceSya	0.166666666667	VerbTransitive	0.125	VerbIntransitive	0.125	VerbIntransitiveSpecial	0.125	VerbTransitiveSpecial	0.125	NotRightConjunct	1.0	Plural_consonant	0.0555555555556	Genitive_Locative_u	0.0555555555556	Locative_u	0.0555555555556	NoSpecialCaseForm	0.0555555555556	SpecialVocative	0.0555555555556	GenitivePlural_Zero	0.0555555555556	SpecialPlual	0.0555555555556	NominativePlural_a	0.0555555555556	Genitive_u	0.0555555555556	NoContrast	1.0	NormalCapitalization	1.0	V_Prefixoid	0.0208333333333	POL_Prefixoid	0.0208333333333	PO_Prefixoid	0.0208333333333	Letter_Prefixoid	0.0208333333333	InternMod_Prefixoid	0.0208333333333	Chem_Prefixoid	0.0208333333333	BES_Prefixoid	0.0208333333333	Chemical_Possible	0.0208333333333	VPOL_Prefixoid	0.0208333333333	Eval_Prefixoid	0.0208333333333	InternModEr_Prefixoid	0.0208333333333	Rus_Prefixoid	0.0208333333333	Intern_ReducedPrefixoid	0.0208333333333	NI_Prefixoid	0.0208333333333	Reduced_Prefixoid	0.0208333333333	NAI_Prefixoid	0.0208333333333	Intern_Prefixoid	0.0208333333333	BEZer_Prefixoid	0.0208333333333	InternHy_Prefixoid	0.0208333333333	KOE_Prefixoid	0.0208333333333	ProperNamePrefixoid	0.0208333333333	RusHy_Prefixoid	0.0208333333333	BEZ_Prefixoid	0.0208333333333	NE_Prefixoid	0.0208333333333	ParticipleShortForm	0.25	ParticipleFullForm	0.25	Plural	0.125	Singular	0.375	Four	0.1	SevenEight	0.1	Two	0.1	Three	0.1	FiveAndMore	0.1	AdjectiveFullForm	0.166666666667	AdjectiveShortFlectional	0.166666666667	AdjectiveShortForm	0.166666666667	NounProperNameDimin	0.0555555555556	NounProperName	0.0555555555556	NounProperGeneral	0.0555555555556	NounProperTown	0.0555555555556	NounProperSurNameFlective	0.0555555555556	NounProperPatronymic	0.0555555555556	AdjectiveProper	0.0555555555556	AbbrProperGeneral	0.0555555555556	NounProperSurNameForeign	0.0555555555556	NormalNumberParadigm	1.0	FullRealization	1.0
99	46	Польша	Польша	488340	488338	Inanimate	1.0	NonReflexive	0.25	ImperfectiveReflexivity	0.25	Reflexive	0.25	FullReflexivity	0.25	NormalMorphForm	1.0	DefectOne	0.2	DefectFour	0.2	Byt	0.2	DefectThree	0.2	DefectTwo	0.2	GTNoun	1.0	NotEllipted	1.0	VocalForm	0.5	NForm	0.5	NotControlled	1.0	ZeroTypeOfCoordination	1.0	NoCompositeness	1.0	DegreeComparative	0.333333333333	DegreeSuperlative	0.333333333333	DegreePositive	0.333333333333	Adverb_With_Hyphen	0.5	Adverb_Un_Hyphen	0.5	DeclensionNominal	1.0	Un_Comp_Suf	1.0	BiAspectual	0.333333333333	MonoAspectual	0.333333333333	Paired	0.333333333333	NoSynthComparative	0.25	FullSynthComparison	0.25	OnlySuperlative	0.25	NoSynthSuperlative	0.25	MTwo	0.333333333333	MOne	0.333333333333	MThree	0.333333333333	NormalClassifyingCapitalization	1.0	Past	0.333333333333	Future	0.333333333333	Present	0.333333333333	Noun	1.0	ZeroDoubleConjunct	1.0	NotCommonChild	1.0	Nominative	1.0	RCDemonstrative	0.111111111111	RCNegative	0.111111111111	RCNoun	0.111111111111	RCPossessive	0.111111111111	RCIndefinite	0.111111111111	RCPersonal	0.111111111111	RCReflexive	0.111111111111	RCInterrogative	0.111111111111	RCAttributive	0.111111111111	NoPlacement	1.0	Perfective	0.5	Imperfective	0.5	NotDefaultFiller	1.0	Feminine	1.0	NoLeftmostPlacement	1.0	UnIterat	0.5	Iterat	0.5	NoRightmostPlacement	1.0	NotLeftConjunct	1.0	PersonFirst	0.25	PersonThird	0.25	PersonSecond	0.25	PersonZero	0.25	Active	0.333333333333	Passive	0.333333333333	VoiceSya	0.333333333333	VerbTransitive	0.25	VerbIntransitive	0.25	VerbIntransitiveSpecial	0.25	VerbTransitiveSpecial	0.25	NotRightConjunct	1.0	NoSpecialCaseForm	1.0	NoContrast	1.0	NormalCapitalization	1.0	V_Prefixoid	0.0416666666667	POL_Prefixoid	0.0416666666667	PO_Prefixoid	0.0416666666667	Letter_Prefixoid	0.0416666666667	InternMod_Prefixoid	0.0416666666667	Chem_Prefixoid	0.0416666666667	BES_Prefixoid	0.0416666666667	Chemical_Possible	0.0416666666667	VPOL_Prefixoid	0.0416666666667	Eval_Prefixoid	0.0416666666667	InternModEr_Prefixoid	0.0416666666667	Rus_Prefixoid	0.0416666666667	Intern_ReducedPrefixoid	0.0416666666667	NI_Prefixoid	0.0416666666667	Reduced_Prefixoid	0.0416666666667	NAI_Prefixoid	0.0416666666667	Intern_Prefixoid	0.0416666666667	BEZer_Prefixoid	0.0416666666667	InternHy_Prefixoid	0.0416666666667	KOE_Prefixoid	0.0416666666667	ProperNamePrefixoid	0.0416666666667	RusHy_Prefixoid	0.0416666666667	BEZ_Prefixoid	0.0416666666667	NE_Prefixoid	0.0416666666667	ParticipleShortForm	0.5	ParticipleFullForm	0.5	Singular	1.0	Four	0.2	SevenEight	0.2	Two	0.2	Three	0.2	FiveAndMore	0.2	AdjectiveFullForm	0.333333333333	AdjectiveShortFlectional	0.333333333333	AdjectiveShortForm	0.333333333333	NounProperGeneral	1.0	SingulariaTantum	1.0	FullRealization	1.0
99	53	останется	останется	488338	488337	Animate	0.5	Inanimate	0.5	Reflexive	1.0	NormalMorphForm	1.0	DefectOne	0.2	DefectFour	0.2	Byt	0.2	DefectThree	0.2	DefectTwo	0.2	GTVerb	1.0	NotEllipted	1.0	VocalForm	0.5	NForm	0.5	NotControlled	1.0	ZeroTypeOfCoordination	1.0	Composite_ComplexNumeral	0.0714285714286	Composite_cko	0.0714285714286	NoCompositeness	0.0714285714286	Composite_cki	0.0714285714286	Composite_o	0.0714285714286	Composite_NumeralFull	0.0714285714286	Composite_NumeralShort	0.0714285714286	Composite_null	0.0714285714286	Composite_iko	0.0714285714286	Composite_sko	0.0714285714286	Composite_e	0.0714285714286	Composite_Numeral	0.0714285714286	Composite_usek	0.0714285714286	Composite_ski	0.0714285714286	DegreeComparative	0.333333333333	DegreeSuperlative	0.333333333333	DegreePositive	0.333333333333	Adverb_With_Hyphen	0.5	Adverb_Un_Hyphen	0.5	DeclensionMixed	0.25	DeclensionAdjectival	0.25	DeclensionNominal	0.25	Indeclinable	0.25	Comp_PunctuatorPref	0.0625	Comp_Suffixoid_Num_IJ	0.0625	Comp_PunctuatorPostSeparable	0.0625	Un_Comp_Suf	0.0625	Comp_SuffixoidAbbr	0.0625	Comp_Noun	0.0625	Comp_Suffixoid_Num_J	0.0625	Comp_PunctuatorPost	0.0625	Comp_PunctuatorPrefSeparable	0.0625	Comp_Suffixoid_Num_OJ	0.0625	Comp_Prefixoid	0.0625	Comp_Suffixoid	0.0625	Comp_Suffixoid_Chem	0.0625	Comp_Suffixoid_Num_PercentYJ	0.0625	Comp_Suffixoid_Num_YJ	0.0625	Comp_Adj	0.0625	Paired	1.0	NoSynthComparative	0.25	FullSynthComparison	0.25	OnlySuperlative	0.25	NoSynthSuperlative	0.25	MTwo	0.333333333333	MOne	0.333333333333	MThree	0.333333333333	NormalClassifyingCapitalization	1.0	Present	1.0	Verb	1.0	ZeroDoubleConjunct	1.0	NotCommonChild	1.0	Accusative	0.0909090909091	Prepositional	0.0909090909091	Instrumental	0.0909090909091	Dative	0.0909090909091	ZeroCase	0.0909090909091	Locative	0.0909090909091	Genitive	0.0909090909091	Partitive	0.0909090909091	Nominative	0.0909090909091	DativeSpecial	0.0909090909091	Vocative	0.0909090909091	RCDemonstrative	0.111111111111	RCNegative	0.111111111111	RCNoun	0.111111111111	RCPossessive	0.111111111111	RCIndefinite	0.111111111111	RCPersonal	0.111111111111	RCReflexive	0.111111111111	RCInterrogative	0.111111111111	RCAttributive	0.111111111111	NoPlacement	1.0	Perfective	1.0	NotDefaultFiller	1.0	Feminine	0.25	Common	0.25	Masculine	0.25	Neuter	0.25	NoLeftmostPlacement	1.0	UnIterat	1.0	NoRightmostPlacement	1.0	NotLeftConjunct	1.0	PersonThird	1.0	VoiceSya	1.0	VerbIntransitive	1.0	NotRightConjunct	1.0	Plural_consonant	0.111111111111	Genitive_Locative_u	0.111111111111	Locative_u	0.111111111111	NoSpecialCaseForm	0.111111111111	SpecialVocative	0.111111111111	GenitivePlural_Zero	0.111111111111	SpecialPlual	0.111111111111	NominativePlural_a	0.111111111111	Genitive_u	0.111111111111	NoContrast	1.0	NormalCapitalization	1.0	V_Prefixoid	0.0416666666667	POL_Prefixoid	0.0416666666667	PO_Prefixoid	0.0416666666667	Letter_Prefixoid	0.0416666666667	InternMod_Prefixoid	0.0416666666667	Chem_Prefixoid	0.0416666666667	BES_Prefixoid	0.0416666666667	Chemical_Possible	0.0416666666667	VPOL_Prefixoid	0.0416666666667	Eval_Prefixoid	0.0416666666667	InternModEr_Prefixoid	0.0416666666667	Rus_Prefixoid	0.0416666666667	Intern_ReducedPrefixoid	0.0416666666667	NI_Prefixoid	0.0416666666667	Reduced_Prefixoid	0.0416666666667	NAI_Prefixoid	0.0416666666667	Intern_Prefixoid	0.0416666666667	BEZer_Prefixoid	0.0416666666667	InternHy_Prefixoid	0.0416666666667	KOE_Prefixoid	0.0416666666667	ProperNamePrefixoid	0.0416666666667	RusHy_Prefixoid	0.0416666666667	BEZ_Prefixoid	0.0416666666667	NE_Prefixoid	0.0416666666667	ParticipleShortForm	0.5	ParticipleFullForm	0.5	Singular	1.0	Four	0.2	SevenEight	0.2	Two	0.2	Three	0.2	FiveAndMore	0.2	AdjectiveFullForm	0.333333333333	AdjectiveShortFlectional	0.333333333333	AdjectiveShortForm	0.333333333333	NounProperNameDimin	0.111111111111	NounProperName	0.111111111111	NounProperGeneral	0.111111111111	NounProperTown	0.111111111111	NounProperSurNameFlective	0.111111111111	NounProperPatronymic	0.111111111111	AdjectiveProper	0.111111111111	AbbrProperGeneral	0.111111111111	NounProperSurNameForeign	0.111111111111	NormalNumberParadigm	1.0	FullRealization	1.0
99	63	главным	главным	488342	488341	Animate	0.5	Inanimate	0.5	NonReflexive	0.25	ImperfectiveReflexivity	0.25	Reflexive	0.25	FullReflexivity	0.25	NormalMorphForm	1.0	DefectOne	0.2	DefectFour	0.2	Byt	0.2	DefectThree	0.2	DefectTwo	0.2	GTAdjective	1.0	NotEllipted	1.0	VocalForm	0.5	NForm	0.5	NotControlled	1.0	ZeroTypeOfCoordination	1.0	NoCompositeness	1.0	DegreePositive	1.0	Adverb_With_Hyphen	0.5	Adverb_Un_Hyphen	0.5	DeclensionMixed	0.25	DeclensionAdjectival	0.25	DeclensionNominal	0.25	Indeclinable	0.25	Un_Comp_Suf	1.0	BiAspectual	0.333333333333	MonoAspectual	0.333333333333	Paired	0.333333333333	FullSynthComparison	1.0	MTwo	0.333333333333	MOne	0.333333333333	MThree	0.333333333333	NormalClassifyingCapitalization	1.0	Past	0.333333333333	Future	0.333333333333	Present	0.333333333333	Adjective	1.0	ZeroDoubleConjunct	1.0	NotCommonChild	1.0	Instrumental	0.5	Dative	0.5	RCDemonstrative	0.111111111111	RCNegative	0.111111111111	RCNoun	0.111111111111	RCPossessive	0.111111111111	RCIndefinite	0.111111111111	RCPersonal	0.111111111111	RCReflexive	0.111111111111	RCInterrogative	0.111111111111	RCAttributive	0.111111111111	NoPlacement	1.0	Perfective	0.5	Imperfective	0.5	NotDefaultFiller	1.0	Feminine	0.25	Common	0.25	Masculine	0.25	Neuter	0.25	NoLeftmostPlacement	1.0	UnIterat	0.5	Iterat	0.5	NoRightmostPlacement	1.0	NotLeftConjunct	1.0	PersonFirst	0.25	PersonThird	0.25	PersonSecond	0.25	PersonZero	0.25	Active	0.333333333333	Passive	0.333333333333	VoiceSya	0.333333333333	VerbTransitive	0.25	VerbIntransitive	0.25	VerbIntransitiveSpecial	0.25	VerbTransitiveSpecial	0.25	NotRightConjunct	1.0	Plural_consonant	0.111111111111	Genitive_Locative_u	0.111111111111	Locative_u	0.111111111111	NoSpecialCaseForm	0.111111111111	SpecialVocative	0.111111111111	GenitivePlural_Zero	0.111111111111	SpecialPlual	0.111111111111	NominativePlural_a	0.111111111111	Genitive_u	0.111111111111	NoContrast	1.0	NormalCapitalization	1.0	V_Prefixoid	0.0416666666667	POL_Prefixoid	0.0416666666667	PO_Prefixoid	0.0416666666667	Letter_Prefixoid	0.0416666666667	InternMod_Prefixoid	0.0416666666667	Chem_Prefixoid	0.0416666666667	BES_Prefixoid	0.0416666666667	Chemical_Possible	0.0416666666667	VPOL_Prefixoid	0.0416666666667	Eval_Prefixoid	0.0416666666667	InternModEr_Prefixoid	0.0416666666667	Rus_Prefixoid	0.0416666666667	Intern_ReducedPrefixoid	0.0416666666667	NI_Prefixoid	0.0416666666667	Reduced_Prefixoid	0.0416666666667	NAI_Prefixoid	0.0416666666667	Intern_Prefixoid	0.0416666666667	BEZer_Prefixoid	0.0416666666667	InternHy_Prefixoid	0.0416666666667	KOE_Prefixoid	0.0416666666667	ProperNamePrefixoid	0.0416666666667	RusHy_Prefixoid	0.0416666666667	BEZ_Prefixoid	0.0416666666667	NE_Prefixoid	0.0416666666667	ParticipleShortForm	0.5	ParticipleFullForm	0.5	Plural	0.5	Singular	0.5	Four	0.2	SevenEight	0.2	Two	0.2	Three	0.2	FiveAndMore	0.2	AdjectiveFullForm	1.0	NounProperNameDimin	0.111111111111	NounProperName	0.111111111111	NounProperGeneral	0.111111111111	NounProperTown	0.111111111111	NounProperSurNameFlective	0.111111111111	NounProperPatronymic	0.111111111111	AdjectiveProper	0.111111111111	AbbrProperGeneral	0.111111111111	NounProperSurNameForeign	0.111111111111	NormalNumberParadigm	1.0	FullRealization	1.0
99	71	союзником	союзником	488341	488338	Animate	1.0	NonReflexive	0.25	ImperfectiveReflexivity	0.25	Reflexive	0.25	FullReflexivity	0.25	NormalMorphForm	1.0	DefectOne	0.2	DefectFour	0.2	Byt	0.2	DefectThree	0.2	DefectTwo	0.2	GTNoun	1.0	NotEllipted	1.0	VocalForm	0.5	NForm	0.5	NotControlled	1.0	ZeroTypeOfCoordination	1.0	NoCompositeness	1.0	DegreeComparative	0.333333333333	DegreeSuperlative	0.333333333333	DegreePositive	0.333333333333	Adverb_With_Hyphen	0.5	Adverb_Un_Hyphen	0.5	DeclensionNominal	1.0	Un_Comp_Suf	1.0	BiAspectual	0.333333333333	MonoAspectual	0.333333333333	Paired	0.333333333333	NoSynthComparative	0.25	FullSynthComparison	0.25	OnlySuperlative	0.25	NoSynthSuperlative	0.25	MTwo	0.333333333333	MOne	0.333333333333	MThree	0.333333333333	NormalClassifyingCapitalization	1.0	Past	0.333333333333	Future	0.333333333333	Present	0.333333333333	Noun	1.0	ZeroDoubleConjunct	1.0	NotCommonChild	1.0	Instrumental	1.0	RCDemonstrative	0.111111111111	RCNegative	0.111111111111	RCNoun	0.111111111111	RCPossessive	0.111111111111	RCIndefinite	0.111111111111	RCPersonal	0.111111111111	RCReflexive	0.111111111111	RCInterrogative	0.111111111111	RCAttributive	0.111111111111	NoPlacement	1.0	Perfective	0.5	Imperfective	0.5	NotDefaultFiller	1.0	Masculine	1.0	NoLeftmostPlacement	1.0	UnIterat	0.5	Iterat	0.5	NoRightmostPlacement	1.0	NotLeftConjunct	1.0	PersonFirst	0.25	PersonThird	0.25	PersonSecond	0.25	PersonZero	0.25	Active	0.333333333333	Passive	0.333333333333	VoiceSya	0.333333333333	VerbTransitive	0.25	VerbIntransitive	0.25	VerbIntransitiveSpecial	0.25	VerbTransitiveSpecial	0.25	NotRightConjunct	1.0	NoSpecialCaseForm	1.0	NoContrast	1.0	NormalCapitalization	1.0	V_Prefixoid	0.0416666666667	POL_Prefixoid	0.0416666666667	PO_Prefixoid	0.0416666666667	Letter_Prefixoid	0.0416666666667	InternMod_Prefixoid	0.0416666666667	Chem_Prefixoid	0.0416666666667	BES_Prefixoid	0.0416666666667	Chemical_Possible	0.0416666666667	VPOL_Prefixoid	0.0416666666667	Eval_Prefixoid	0.0416666666667	InternModEr_Prefixoid	0.0416666666667	Rus_Prefixoid	0.0416666666667	Intern_ReducedPrefixoid	0.0416666666667	NI_Prefixoid	0.0416666666667	Reduced_Prefixoid	0.0416666666667	NAI_Prefixoid	0.0416666666667	Intern_Prefixoid	0.0416666666667	BEZer_Prefixoid	0.0416666666667	InternHy_Prefixoid	0.0416666666667	KOE_Prefixoid	0.0416666666667	ProperNamePrefixoid	0.0416666666667	RusHy_Prefixoid	0.0416666666667	BEZ_Prefixoid	0.0416666666667	NE_Prefixoid	0.0416666666667	ParticipleShortForm	0.5	ParticipleFullForm	0.5	Singular	1.0	Four	0.2	SevenEight	0.2	Two	0.2	Three	0.2	FiveAndMore	0.2	AdjectiveFullForm	0.333333333333	AdjectiveShortFlectional	0.333333333333	AdjectiveShortForm	0.333333333333	NounProperNameDimin	0.111111111111	NounProperName	0.111111111111	NounProperGeneral	0.111111111111	NounProperTown	0.111111111111	NounProperSurNameFlective	0.111111111111	NounProperPatronymic	0.111111111111	AdjectiveProper	0.111111111111	AbbrProperGeneral	0.111111111111	NounProperSurNameForeign	0.111111111111	NormalNumberParadigm	1.0	FullRealization	1.0
99	81	США	США	488343	488341	Inanimate	1.0	NonReflexive	0.25	ImperfectiveReflexivity	0.25	Reflexive	0.25	FullReflexivity	0.25	NormalMorphForm	1.0	DefectOne	0.2	DefectFour	0.2	Byt	0.2	DefectThree	0.2	DefectTwo	0.2	GTNoun	1.0	NotEllipted	1.0	VocalForm	0.5	NForm	0.5	NotControlled	1.0	ZeroTypeOfCoordination	1.0	NoCompositeness	1.0	DegreeComparative	0.333333333333	DegreeSuperlative	0.333333333333	DegreePositive	0.333333333333	Adverb_With_Hyphen	0.5	Adverb_Un_Hyphen	0.5	Indeclinable	1.0	Un_Comp_Suf	1.0	BiAspectual	0.333333333333	MonoAspectual	0.333333333333	Paired	0.333333333333	NoSynthComparative	0.25	FullSynthComparison	0.25	OnlySuperlative	0.25	NoSynthSuperlative	0.25	MTwo	0.333333333333	MOne	0.333333333333	MThree	0.333333333333	NormalClassifyingCapitalization	1.0	Past	0.333333333333	Future	0.333333333333	Present	0.333333333333	Noun	1.0	ZeroDoubleConjunct	1.0	NotCommonChild	1.0	Accusative	0.125	Prepositional	0.125	Instrumental	0.125	Dative	0.125	Locative	0.125	Genitive	0.125	Partitive	0.125	Nominative	0.125	RCDemonstrative	0.111111111111	RCNegative	0.111111111111	RCNoun	0.111111111111	RCPossessive	0.111111111111	RCIndefinite	0.111111111111	RCPersonal	0.111111111111	RCReflexive	0.111111111111	RCInterrogative	0.111111111111	RCAttributive	0.111111111111	NoPlacement	1.0	Perfective	0.5	Imperfective	0.5	NotDefaultFiller	1.0	Feminine	0.25	Common	0.25	Masculine	0.25	Neuter	0.25	NoLeftmostPlacement	1.0	UnIterat	0.5	Iterat	0.5	NoRightmostPlacement	1.0	NotLeftConjunct	1.0	PersonFirst	0.25	PersonThird	0.25	PersonSecond	0.25	PersonZero	0.25	Active	0.333333333333	Passive	0.333333333333	VoiceSya	0.333333333333	VerbTransitive	0.25	VerbIntransitive	0.25	VerbIntransitiveSpecial	0.25	VerbTransitiveSpecial	0.25	NotRightConjunct	1.0	Plural_consonant	0.111111111111	Genitive_Locative_u	0.111111111111	Locative_u	0.111111111111	NoSpecialCaseForm	0.111111111111	SpecialVocative	0.111111111111	GenitivePlural_Zero	0.111111111111	SpecialPlual	0.111111111111	NominativePlural_a	0.111111111111	Genitive_u	0.111111111111	NoContrast	1.0	NormalCapitalization	1.0	V_Prefixoid	0.0416666666667	POL_Prefixoid	0.0416666666667	PO_Prefixoid	0.0416666666667	Letter_Prefixoid	0.0416666666667	InternMod_Prefixoid	0.0416666666667	Chem_Prefixoid	0.0416666666667	BES_Prefixoid	0.0416666666667	Chemical_Possible	0.0416666666667	VPOL_Prefixoid	0.0416666666667	Eval_Prefixoid	0.0416666666667	InternModEr_Prefixoid	0.0416666666667	Rus_Prefixoid	0.0416666666667	Intern_ReducedPrefixoid	0.0416666666667	NI_Prefixoid	0.0416666666667	Reduced_Prefixoid	0.0416666666667	NAI_Prefixoid	0.0416666666667	Intern_Prefixoid	0.0416666666667	BEZer_Prefixoid	0.0416666666667	InternHy_Prefixoid	0.0416666666667	KOE_Prefixoid	0.0416666666667	ProperNamePrefixoid	0.0416666666667	RusHy_Prefixoid	0.0416666666667	BEZ_Prefixoid	0.0416666666667	NE_Prefixoid	0.0416666666667	ParticipleShortForm	0.5	ParticipleFullForm	0.5	Plural	1.0	Four	0.2	SevenEight	0.2	Two	0.2	Three	0.2	FiveAndMore	0.2	AdjectiveFullForm	0.333333333333	AdjectiveShortFlectional	0.333333333333	AdjectiveShortForm	0.333333333333	NounProperGeneral	1.0	PluraliaTantum	1.0	FullRealization	1.0
99	85	в	в	488345	488344	Animate	0.25	Inanimate	0.75	NonReflexive	0.25	ImperfectiveReflexivity	0.25	Reflexive	0.25	FullReflexivity	0.25	NormalMorphForm	1.0	DefectOne	0.2	DefectFour	0.2	Byt	0.2	DefectThree	0.2	DefectTwo	0.2	GTInvariable	0.5	GTNoun	0.5	NotEllipted	1.0	VocalForm	0.5	NForm	0.5	NotControlled	1.0	ZeroTypeOfCoordination	1.0	Composite_ComplexNumeral	0.0357142857143	Composite_cko	0.0357142857143	NoCompositeness	0.535714285714	Composite_cki	0.0357142857143	Composite_o	0.0357142857143	Composite_NumeralFull	0.0357142857143	Composite_NumeralShort	0.0357142857143	Composite_null	0.0357142857143	Composite_iko	0.0357142857143	Composite_sko	0.0357142857143	Composite_e	0.0357142857143	Composite_Numeral	0.0357142857143	Composite_usek	0.0357142857143	Composite_ski	0.0357142857143	DegreeComparative	0.333333333333	DegreeSuperlative	0.333333333333	DegreePositive	0.333333333333	Adverb_With_Hyphen	0.5	Adverb_Un_Hyphen	0.5	DeclensionMixed	0.125	DeclensionAdjectival	0.125	DeclensionNominal	0.125	Indeclinable	0.625	Comp_PunctuatorPref	0.03125	Comp_Suffixoid_Num_IJ	0.03125	Comp_PunctuatorPostSeparable	0.53125	Un_Comp_Suf	0.03125	Comp_SuffixoidAbbr	0.03125	Comp_Noun	0.03125	Comp_Suffixoid_Num_J	0.03125	Comp_PunctuatorPost	0.03125	Comp_PunctuatorPrefSeparable	0.03125	Comp_Suffixoid_Num_OJ	0.03125	Comp_Prefixoid	0.03125	Comp_Suffixoid	0.03125	Comp_Suffixoid_Chem	0.03125	Comp_Suffixoid_Num_PercentYJ	0.03125	Comp_Suffixoid_Num_YJ	0.03125	Comp_Adj	0.03125	BiAspectual	0.333333333333	MonoAspectual	0.333333333333	Paired	0.333333333333	NoSynthComparative	0.25	FullSynthComparison	0.25	OnlySuperlative	0.25	NoSynthSuperlative	0.25	MTwo	0.333333333333	MOne	0.333333333333	MThree	0.333333333333	NormalClassifyingCapitalization	1.0	Past	0.333333333333	Future	0.333333333333	Present	0.333333333333	Preposition	0.5	Noun	0.5	ZeroDoubleConjunct	1.0	NotCommonChild	1.0	Accusative	0.107954545455	Prepositional	0.107954545455	Instrumental	0.107954545455	Dative	0.107954545455	ZeroCase	0.0454545454545	Locative	0.107954545455	Genitive	0.107954545455	Partitive	0.107954545455	Nominative	0.107954545455	DativeSpecial	0.0454545454545	Vocative	0.0454545454545	RCDemonstrative	0.111111111111	RCNegative	0.111111111111	RCNoun	0.111111111111	RCPossessive	0.111111111111	RCIndefinite	0.111111111111	RCPersonal	0.111111111111	RCReflexive	0.111111111111	RCInterrogative	0.111111111111	RCAttributive	0.111111111111	NoPlacement	1.0	Perfective	0.5	Imperfective	0.5	NotDefaultFiller	1.0	Feminine	0.125	Common	0.125	Masculine	0.625	Neuter	0.125	NoLeftmostPlacement	1.0	UnIterat	0.5	Iterat	0.5	NoRightmostPlacement	1.0	NotLeftConjunct	1.0	PersonFirst	0.25	PersonThird	0.25	PersonSecond	0.25	PersonZero	0.25	Active	0.333333333333	Passive	0.333333333333	VoiceSya	0.333333333333	VerbTransitive	0.25	VerbIntransitive	0.25	VerbIntransitiveSpecial	0.25	VerbTransitiveSpecial	0.25	NotRightConjunct	1.0	Plural_consonant	0.111111111111	Genitive_Locative_u	0.111111111111	Locative_u	0.111111111111	NoSpecialCaseForm	0.111111111111	SpecialVocative	0.111111111111	GenitivePlural_Zero	0.111111111111	SpecialPlual	0.111111111111	NominativePlural_a	0.111111111111	Genitive_u	0.111111111111	NoContrast	1.0	NormalCapitalization	1.0	V_Prefixoid	0.0416666666667	POL_Prefixoid	0.0416666666667	PO_Prefixoid	0.0416666666667	Letter_Prefixoid	0.0416666666667	InternMod_Prefixoid	0.0416666666667	Chem_Prefixoid	0.0416666666667	BES_Prefixoid	0.0416666666667	Chemical_Possible	0.0416666666667	VPOL_Prefixoid	0.0416666666667	Eval_Prefixoid	0.0416666666667	InternModEr_Prefixoid	0.0416666666667	Rus_Prefixoid	0.0416666666667	Intern_ReducedPrefixoid	0.0416666666667	NI_Prefixoid	0.0416666666667	Reduced_Prefixoid	0.0416666666667	NAI_Prefixoid	0.0416666666667	Intern_Prefixoid	0.0416666666667	BEZer_Prefixoid	0.0416666666667	InternHy_Prefixoid	0.0416666666667	KOE_Prefixoid	0.0416666666667	ProperNamePrefixoid	0.0416666666667	RusHy_Prefixoid	0.0416666666667	BEZ_Prefixoid	0.0416666666667	NE_Prefixoid	0.0416666666667	ParticipleShortForm	0.5	ParticipleFullForm	0.5	Plural	0.5	Singular	0.5	Four	0.2	SevenEight	0.2	Two	0.2	Three	0.2	FiveAndMore	0.2	AdjectiveFullForm	0.333333333333	AdjectiveShortFlectional	0.333333333333	AdjectiveShortForm	0.333333333333	NounProperNameDimin	0.111111111111	NounProperName	0.111111111111	NounProperGeneral	0.111111111111	NounProperTown	0.111111111111	NounProperSurNameFlective	0.111111111111	NounProperPatronymic	0.111111111111	AdjectiveProper	0.111111111111	AbbrProperGeneral	0.111111111111	NounProperSurNameForeign	0.111111111111	NormalNumberParadigm	1.0	FullRealization	1.0
99	87	регионе	регионе	488344	488341	Inanimate	1.0	NonReflexive	0.25	ImperfectiveReflexivity	0.25	Reflexive	0.25	FullReflexivity	0.25	NormalMorphForm	1.0	DefectOne	0.2	DefectFour	0.2	Byt	0.2	DefectThree	0.2	DefectTwo	0.2	GTNoun	1.0	NotEllipted	1.0	VocalForm	0.5	NForm	0.5	NotControlled	1.0	ZeroTypeOfCoordination	1.0	NoCompositeness	1.0	DegreeComparative	0.333333333333	DegreeSuperlative	0.333333333333	DegreePositive	0.333333333333	Adverb_With_Hyphen	0.5	Adverb_Un_Hyphen	0.5	DeclensionNominal	1.0	Un_Comp_Suf	1.0	BiAspectual	0.333333333333	MonoAspectual	0.333333333333	Paired	0.333333333333	NoSynthComparative	0.25	FullSynthComparison	0.25	OnlySuperlative	0.25	NoSynthSuperlative	0.25	MTwo	0.333333333333	MOne	0.333333333333	MThree	0.333333333333	NormalClassifyingCapitalization	1.0	Past	0.333333333333	Future	0.333333333333	Present	0.333333333333	Noun	1.0	ZeroDoubleConjunct	1.0	NotCommonChild	1.0	Prepositional	0.5	Locative	0.5	RCDemonstrative	0.111111111111	RCNegative	0.111111111111	RCNoun	0.111111111111	RCPossessive	0.111111111111	RCIndefinite	0.111111111111	RCPersonal	0.111111111111	RCReflexive	0.111111111111	RCInterrogative	0.111111111111	RCAttributive	0.111111111111	NoPlacement	1.0	Perfective	0.5	Imperfective	0.5	NotDefaultFiller	1.0	Masculine	1.0	NoLeftmostPlacement	1.0	UnIterat	0.5	Iterat	0.5	NoRightmostPlacement	1.0	NotLeftConjunct	1.0	PersonFirst	0.25	PersonThird	0.25	PersonSecond	0.25	PersonZero	0.25	Active	0.333333333333	Passive	0.333333333333	VoiceSya	0.333333333333	VerbTransitive	0.25	VerbIntransitive	0.25	VerbIntransitiveSpecial	0.25	VerbTransitiveSpecial	0.25	NotRightConjunct	1.0	NoSpecialCaseForm	1.0	NoContrast	1.0	NormalCapitalization	1.0	V_Prefixoid	0.0416666666667	POL_Prefixoid	0.0416666666667	PO_Prefixoid	0.0416666666667	Letter_Prefixoid	0.0416666666667	InternMod_Prefixoid	0.0416666666667	Chem_Prefixoid	0.0416666666667	BES_Prefixoid	0.0416666666667	Chemical_Possible	0.0416666666667	VPOL_Prefixoid	0.0416666666667	Eval_Prefixoid	0.0416666666667	InternModEr_Prefixoid	0.0416666666667	Rus_Prefixoid	0.0416666666667	Intern_ReducedPrefixoid	0.0416666666667	NI_Prefixoid	0.0416666666667	Reduced_Prefixoid	0.0416666666667	NAI_Prefixoid	0.0416666666667	Intern_Prefixoid	0.0416666666667	BEZer_Prefixoid	0.0416666666667	InternHy_Prefixoid	0.0416666666667	KOE_Prefixoid	0.0416666666667	ProperNamePrefixoid	0.0416666666667	RusHy_Prefixoid	0.0416666666667	BEZ_Prefixoid	0.0416666666667	NE_Prefixoid	0.0416666666667	ParticipleShortForm	0.5	ParticipleFullForm	0.5	Singular	1.0	Four	0.2	SevenEight	0.2	Two	0.2	Three	0.2	FiveAndMore	0.2	AdjectiveFullForm	0.333333333333	AdjectiveShortFlectional	0.333333333333	AdjectiveShortForm	0.333333333333	NounProperNameDimin	0.111111111111	NounProperName	0.111111111111	NounProperGeneral	0.111111111111	NounProperTown	0.111111111111	NounProperSurNameFlective	0.111111111111	NounProperPatronymic	0.111111111111	AdjectiveProper	0.111111111111	AbbrProperGeneral	0.111111111111	NounProperSurNameForeign	0.111111111111	NormalNumberParadigm	1.0	FullRealization	1.0
101	0	В	В	488348	488347	Animate	0.125	Inanimate	0.625	NonReflexive	0.1875	ImperfectiveReflexivity	0.1875	Reflexive	0.1875	FullReflexivity	0.1875	NormalMorphForm	1.0	DefectOne	0.15	DefectFour	0.15	Byt	0.15	DefectThree	0.15	DefectTwo	0.15	GTInvariable	0.25	GTNoun	0.5	NotEllipted	1.0	VocalForm	0.375	NForm	0.375	NotControlled	1.0	ZeroTypeOfCoordination	1.0	Composite_ComplexNumeral	0.0178571428571	Composite_cko	0.0178571428571	NoCompositeness	0.517857142857	Composite_cki	0.0178571428571	Composite_o	0.0178571428571	Composite_NumeralFull	0.0178571428571	Composite_NumeralShort	0.0178571428571	Composite_null	0.0178571428571	Composite_iko	0.0178571428571	Composite_sko	0.0178571428571	Composite_e	0.0178571428571	Composite_Numeral	0.0178571428571	Composite_usek	0.0178571428571	Composite_ski	0.0178571428571	DegreeComparative	0.25	DegreeSuperlative	0.25	DegreePositive	0.25	Adverb_With_Hyphen	0.375	Adverb_Un_Hyphen	0.375	DeclensionMixed	0.0625	DeclensionAdjectival	0.0625	DeclensionNominal	0.0625	Indeclinable	0.5625	Comp_PunctuatorPref	0.015625	Comp_Suffixoid_Num_IJ	0.015625	Comp_PunctuatorPostSeparable	0.515625	Un_Comp_Suf	0.015625	Comp_SuffixoidAbbr	0.015625	Comp_Noun	0.015625	Comp_Suffixoid_Num_J	0.015625	Comp_PunctuatorPost	0.015625	Comp_PunctuatorPrefSeparable	0.015625	Comp_Suffixoid_Num_OJ	0.015625	Comp_Prefixoid	0.015625	Comp_Suffixoid	0.015625	Comp_Suffixoid_Chem	0.015625	Comp_Suffixoid_Num_PercentYJ	0.015625	Comp_Suffixoid_Num_YJ	0.015625	Comp_Adj	0.015625	BiAspectual	0.25	MonoAspectual	0.25	Paired	0.25	NoSynthComparative	0.1875	FullSynthComparison	0.1875	OnlySuperlative	0.1875	NoSynthSuperlative	0.1875	MTwo	0.25	MOne	0.25	MThree	0.25	NormalClassifyingCapitalization	1.0	Past	0.25	Future	0.25	Present	0.25	Preposition	0.25	Noun	0.5	ZeroDoubleConjunct	1.0	NotCommonChild	1.0	Accusative	0.0852272727273	Prepositional	0.0852272727273	Instrumental	0.0852272727273	Dative	0.0852272727273	ZeroCase	0.0227272727273	Locative	0.0852272727273	Genitive	0.0852272727273	Partitive	0.0852272727273	Nominative	0.0852272727273	DativeSpecial	0.0227272727273	Vocative	0.0227272727273	RCDemonstrative	0.0833333333333	RCNegative	0.0833333333333	RCNoun	0.0833333333333	RCPossessive	0.0833333333333	RCIndefinite	0.0833333333333	RCPersonal	0.0833333333333	RCReflexive	0.0833333333333	RCInterrogative	0.0833333333333	RCAttributive	0.0833333333333	NoPlacement	1.0	Perfective	0.375	Imperfective	0.375	NotDefaultFiller	1.0	Feminine	0.125	Common	0.125	Masculine	0.375	Neuter	0.125	NoLeftmostPlacement	1.0	UnIterat	0.375	Iterat	0.375	NoRightmostPlacement	1.0	NotLeftConjunct	1.0	PersonFirst	0.1875	PersonThird	0.1875	PersonSecond	0.1875	PersonZero	0.1875	Active	0.25	Passive	0.25	VoiceSya	0.25	VerbTransitive	0.1875	VerbIntransitive	0.1875	VerbIntransitiveSpecial	0.1875	VerbTransitiveSpecial	0.1875	NotRightConjunct	1.0	Plural_consonant	0.0833333333333	Genitive_Locative_u	0.0833333333333	Locative_u	0.0833333333333	NoSpecialCaseForm	0.0833333333333	SpecialVocative	0.0833333333333	GenitivePlural_Zero	0.0833333333333	SpecialPlual	0.0833333333333	NominativePlural_a	0.0833333333333	Genitive_u	0.0833333333333	NoContrast	1.0	NormalCapitalization	1.0	V_Prefixoid	0.03125	POL_Prefixoid	0.03125	PO_Prefixoid	0.03125	Letter_Prefixoid	0.03125	InternMod_Prefixoid	0.03125	Chem_Prefixoid	0.03125	BES_Prefixoid	0.03125	Chemical_Possible	0.03125	VPOL_Prefixoid	0.03125	Eval_Prefixoid	0.03125	InternModEr_Prefixoid	0.03125	Rus_Prefixoid	0.03125	Intern_ReducedPrefixoid	0.03125	NI_Prefixoid	0.03125	Reduced_Prefixoid	0.03125	NAI_Prefixoid	0.03125	Intern_Prefixoid	0.03125	BEZer_Prefixoid	0.03125	InternHy_Prefixoid	0.03125	KOE_Prefixoid	0.03125	ProperNamePrefixoid	0.03125	RusHy_Prefixoid	0.03125	BEZ_Prefixoid	0.03125	NE_Prefixoid	0.03125	ParticipleShortForm	0.375	ParticipleFullForm	0.375	Plural	0.375	Singular	0.375	Four	0.15	SevenEight	0.15	Two	0.15	Three	0.15	FiveAndMore	0.15	AdjectiveFullForm	0.25	AdjectiveShortFlectional	0.25	AdjectiveShortForm	0.25	NounProperNameDimin	0.0833333333333	NounProperName	0.0833333333333	NounProperGeneral	0.0833333333333	NounProperTown	0.0833333333333	NounProperSurNameFlective	0.0833333333333	NounProperPatronymic	0.0833333333333	AdjectiveProper	0.0833333333333	AbbrProperGeneral	0.0833333333333	NounProperSurNameForeign	0.0833333333333	NormalNumberParadigm	1.0	FullRealization	1.0
101	2	тот	тот	488349	488347	Animate	0.5	Inanimate	0.5	NonReflexive	0.25	ImperfectiveReflexivity	0.25	Reflexive	0.25	FullReflexivity	0.25	NormalMorphForm	1.0	DefectOne	0.2	DefectFour	0.2	Byt	0.2	DefectThree	0.2	DefectTwo	0.2	GTNoun	0.5	GTAdjectiveAttributive	0.5	NotEllipted	1.0	VocalForm	0.5	NForm	0.5	NotControlled	1.0	ZeroTypeOfCoordination	1.0	Composite_ComplexNumeral	0.0714285714286	Composite_cko	0.0714285714286	NoCompositeness	0.0714285714286	Composite_cki	0.0714285714286	Composite_o	0.0714285714286	Composite_NumeralFull	0.0714285714286	Composite_NumeralShort	0.0714285714286	Composite_null	0.0714285714286	Composite_iko	0.0714285714286	Composite_sko	0.0714285714286	Composite_e	0.0714285714286	Composite_Numeral	0.0714285714286	Composite_usek	0.0714285714286	Composite_ski	0.0714285714286	DegreeComparative	0.333333333333	DegreeSuperlative	0.333333333333	DegreePositive	0.333333333333	Adverb_With_Hyphen	0.5	Adverb_Un_Hyphen	0.5	DeclensionMixed	0.25	DeclensionAdjectival	0.25	DeclensionNominal	0.25	Indeclinable	0.25	Comp_PunctuatorPref	0.0625	Comp_Suffixoid_Num_IJ	0.0625	Comp_PunctuatorPostSeparable	0.0625	Un_Comp_Suf	0.0625	Comp_SuffixoidAbbr	0.0625	Comp_Noun	0.0625	Comp_Suffixoid_Num_J	0.0625	Comp_PunctuatorPost	0.0625	Comp_PunctuatorPrefSeparable	0.0625	Comp_Suffixoid_Num_OJ	0.0625	Comp_Prefixoid	0.0625	Comp_Suffixoid	0.0625	Comp_Suffixoid_Chem	0.0625	Comp_Suffixoid_Num_PercentYJ	0.0625	Comp_Suffixoid_Num_YJ	0.0625	Comp_Adj	0.0625	BiAspectual	0.333333333333	MonoAspectual	0.333333333333	Paired	0.333333333333	NoSynthComparative	0.25	FullSynthComparison	0.25	OnlySuperlative	0.25	NoSynthSuperlative	0.25	MTwo	0.333333333333	MOne	0.333333333333	MThree	0.333333333333	NormalClassifyingCapitalization	1.0	Past	0.333333333333	Future	0.333333333333	Present	0.333333333333	Pronoun	1.0	ZeroDoubleConjunct	1.0	NotCommonChild	1.0	Accusative	0.5	Nominative	0.5	RCDemonstrative	1.0	NoPlacement	1.0	Perfective	0.5	Imperfective	0.5	NotDefaultFiller	1.0	Masculine	1.0	NoLeftmostPlacement	1.0	UnIterat	0.5	Iterat	0.5	NoRightmostPlacement	1.0	NotLeftConjunct	1.0	PersonFirst	0.25	PersonThird	0.25	PersonSecond	0.25	PersonZero	0.25	Active	0.333333333333	Passive	0.333333333333	VoiceSya	0.333333333333	VerbTransitive	0.25	VerbIntransitive	0.25	VerbIntransitiveSpecial	0.25	VerbTransitiveSpecial	0.25	NotRightConjunct	1.0	Plural_consonant	0.111111111111	Genitive_Locative_u	0.111111111111	Locative_u	0.111111111111	NoSpecialCaseForm	0.111111111111	SpecialVocative	0.111111111111	GenitivePlural_Zero	0.111111111111	SpecialPlual	0.111111111111	NominativePlural_a	0.111111111111	Genitive_u	0.111111111111	NoContrast	1.0	NormalCapitalization	1.0	V_Prefixoid	0.0416666666667	POL_Prefixoid	0.0416666666667	PO_Prefixoid	0.0416666666667	Letter_Prefixoid	0.0416666666667	InternMod_Prefixoid	0.0416666666667	Chem_Prefixoid	0.0416666666667	BES_Prefixoid	0.0416666666667	Chemical_Possible	0.0416666666667	VPOL_Prefixoid	0.0416666666667	Eval_Prefixoid	0.0416666666667	InternModEr_Prefixoid	0.0416666666667	Rus_Prefixoid	0.0416666666667	Intern_ReducedPrefixoid	0.0416666666667	NI_Prefixoid	0.0416666666667	Reduced_Prefixoid	0.0416666666667	NAI_Prefixoid	0.0416666666667	Intern_Prefixoid	0.0416666666667	BEZer_Prefixoid	0.0416666666667	InternHy_Prefixoid	0.0416666666667	KOE_Prefixoid	0.0416666666667	ProperNamePrefixoid	0.0416666666667	RusHy_Prefixoid	0.0416666666667	BEZ_Prefixoid	0.0416666666667	NE_Prefixoid	0.0416666666667	ParticipleShortForm	0.5	ParticipleFullForm	0.5	Singular	1.0	Four	0.2	SevenEight	0.2	Two	0.2	Three	0.2	FiveAndMore	0.2	AdjectiveFullForm	0.333333333333	AdjectiveShortFlectional	0.333333333333	AdjectiveShortForm	0.333333333333	NounProperNameDimin	0.111111111111	NounProperName	0.111111111111	NounProperGeneral	0.111111111111	NounProperTown	0.111111111111	NounProperSurNameFlective	0.111111111111	NounProperPatronymic	0.111111111111	AdjectiveProper	0.111111111111	AbbrProperGeneral	0.111111111111	NounProperSurNameForeign	0.111111111111	NormalNumberParadigm	1.0	FullRealization	1.0
101	6	же	же	488350	488349	Animate	0.5	Inanimate	0.5	NonReflexive	0.25	ImperfectiveReflexivity	0.25	Reflexive	0.25	FullReflexivity	0.25	NormalMorphForm	1.0	DefectOne	0.2	DefectFour	0.2	Byt	0.2	DefectThree	0.2	DefectTwo	0.2	GTInvariable	1.0	NotEllipted	1.0	VocalForm	0.5	NForm	0.5	NotControlled	1.0	ZeroTypeOfCoordination	1.0	Composite_ComplexNumeral	0.0714285714286	Composite_cko	0.0714285714286	NoCompositeness	0.0714285714286	Composite_cki	0.0714285714286	Composite_o	0.0714285714286	Composite_NumeralFull	0.0714285714286	Composite_NumeralShort	0.0714285714286	Composite_null	0.0714285714286	Composite_iko	0.0714285714286	Composite_sko	0.0714285714286	Composite_e	0.0714285714286	Composite_Numeral	0.0714285714286	Composite_usek	0.0714285714286	Composite_ski	0.0714285714286	DegreeComparative	0.333333333333	DegreeSuperlative	0.333333333333	DegreePositive	0.333333333333	Adverb_With_Hyphen	0.5	Adverb_Un_Hyphen	0.5	DeclensionMixed	0.25	DeclensionAdjectival	0.25	DeclensionNominal	0.25	Indeclinable	0.25	Comp_PunctuatorPref	0.0625	Comp_Suffixoid_Num_IJ	0.0625	Comp_PunctuatorPostSeparable	0.0625	Un_Comp_Suf	0.0625	Comp_SuffixoidAbbr	0.0625	Comp_Noun	0.0625	Comp_Suffixoid_Num_J	0.0625	Comp_PunctuatorPost	0.0625	Comp_PunctuatorPrefSeparable	0.0625	Comp_Suffixoid_Num_OJ	0.0625	Comp_Prefixoid	0.0625	Comp_Suffixoid	0.0625	Comp_Suffixoid_Chem	0.0625	Comp_Suffixoid_Num_PercentYJ	0.0625	Comp_Suffixoid_Num_YJ	0.0625	Comp_Adj	0.0625	BiAspectual	0.333333333333	MonoAspectual	0.333333333333	Paired	0.333333333333	NoSynthComparative	0.25	FullSynthComparison	0.25	OnlySuperlative	0.25	NoSynthSuperlative	0.25	MTwo	0.333333333333	MOne	0.333333333333	MThree	0.333333333333	NormalClassifyingCapitalization	1.0	Past	0.333333333333	Future	0.333333333333	Present	0.333333333333	Particle	1.0	ZeroDoubleConjunct	1.0	NotCommonChild	1.0	Accusative	0.0909090909091	Prepositional	0.0909090909091	Instrumental	0.0909090909091	Dative	0.0909090909091	ZeroCase	0.0909090909091	Locative	0.0909090909091	Genitive	0.0909090909091	Partitive	0.0909090909091	Nominative	0.0909090909091	DativeSpecial	0.0909090909091	Vocative	0.0909090909091	RCDemonstrative	0.111111111111	RCNegative	0.111111111111	RCNoun	0.111111111111	RCPossessive	0.111111111111	RCIndefinite	0.111111111111	RCPersonal	0.111111111111	RCReflexive	0.111111111111	RCInterrogative	0.111111111111	RCAttributive	0.111111111111	NoPlacement	1.0	Perfective	0.5	Imperfective	0.5	NotDefaultFiller	1.0	Feminine	0.25	Common	0.25	Masculine	0.25	Neuter	0.25	NoLeftmostPlacement	1.0	UnIterat	0.5	Iterat	0.5	NoRightmostPlacement	1.0	NotLeftConjunct	1.0	PersonFirst	0.25	PersonThird	0.25	PersonSecond	0.25	PersonZero	0.25	Active	0.333333333333	Passive	0.333333333333	VoiceSya	0.333333333333	VerbTransitive	0.25	VerbIntransitive	0.25	VerbIntransitiveSpecial	0.25	VerbTransitiveSpecial	0.25	NotRightConjunct	1.0	Plural_consonant	0.111111111111	Genitive_Locative_u	0.111111111111	Locative_u	0.111111111111	NoSpecialCaseForm	0.111111111111	SpecialVocative	0.111111111111	GenitivePlural_Zero	0.111111111111	SpecialPlual	0.111111111111	NominativePlural_a	0.111111111111	Genitive_u	0.111111111111	NoContrast	1.0	NormalCapitalization	1.0	V_Prefixoid	0.0416666666667	POL_Prefixoid	0.0416666666667	PO_Prefixoid	0.0416666666667	Letter_Prefixoid	0.0416666666667	InternMod_Prefixoid	0.0416666666667	Chem_Prefixoid	0.0416666666667	BES_Prefixoid	0.0416666666667	Chemical_Possible	0.0416666666667	VPOL_Prefixoid	0.0416666666667	Eval_Prefixoid	0.0416666666667	InternModEr_Prefixoid	0.0416666666667	Rus_Prefixoid	0.0416666666667	Intern_ReducedPrefixoid	0.0416666666667	NI_Prefixoid	0.0416666666667	Reduced_Prefixoid	0.0416666666667	NAI_Prefixoid	0.0416666666667	Intern_Prefixoid	0.0416666666667	BEZer_Prefixoid	0.0416666666667	InternHy_Prefixoid	0.0416666666667	KOE_Prefixoid	0.0416666666667	ProperNamePrefixoid	0.0416666666667	RusHy_Prefixoid	0.0416666666667	BEZ_Prefixoid	0.0416666666667	NE_Prefixoid	0.0416666666667	ParticipleShortForm	0.5	ParticipleFullForm	0.5	Plural	0.5	Singular	0.5	Four	0.2	SevenEight	0.2	Two	0.2	Three	0.2	FiveAndMore	0.2	AdjectiveFullForm	0.333333333333	AdjectiveShortFlectional	0.333333333333	AdjectiveShortForm	0.333333333333	NounProperNameDimin	0.111111111111	NounProperName	0.111111111111	NounProperGeneral	0.111111111111	NounProperTown	0.111111111111	NounProperSurNameFlective	0.111111111111	NounProperPatronymic	0.111111111111	AdjectiveProper	0.111111111111	AbbrProperGeneral	0.111111111111	NounProperSurNameForeign	0.111111111111	NormalNumberParadigm	1.0	FullRealization	1.0
101	9	период	период	488347	488346	Inanimate	1.0	NonReflexive	0.25	ImperfectiveReflexivity	0.25	Reflexive	0.25	FullReflexivity	0.25	NormalMorphForm	1.0	DefectOne	0.2	DefectFour	0.2	Byt	0.2	DefectThree	0.2	DefectTwo	0.2	GTNoun	1.0	NotEllipted	1.0	VocalForm	0.5	NForm	0.5	NotControlled	1.0	ZeroTypeOfCoordination	1.0	NoCompositeness	1.0	DegreeComparative	0.333333333333	DegreeSuperlative	0.333333333333	DegreePositive	0.333333333333	Adverb_With_Hyphen	0.5	Adverb_Un_Hyphen	0.5	DeclensionNominal	1.0	Un_Comp_Suf	1.0	BiAspectual	0.333333333333	MonoAspectual	0.333333333333	Paired	0.333333333333	NoSynthComparative	0.25	FullSynthComparison	0.25	OnlySuperlative	0.25	NoSynthSuperlative	0.25	MTwo	0.333333333333	MOne	0.333333333333	MThree	0.333333333333	NormalClassifyingCapitalization	1.0	Past	0.333333333333	Future	0.333333333333	Present	0.333333333333	Noun	1.0	ZeroDoubleConjunct	1.0	NotCommonChild	1.0	Accusative	0.5	Nominative	0.5	RCDemonstrative	0.111111111111	RCNegative	0.111111111111	RCNoun	0.111111111111	RCPossessive	0.111111111111	RCIndefinite	0.111111111111	RCPersonal	0.111111111111	RCReflexive	0.111111111111	RCInterrogative	0.111111111111	RCAttributive	0.111111111111	NoPlacement	1.0	Perfective	0.5	Imperfective	0.5	NotDefaultFiller	1.0	Masculine	1.0	NoLeftmostPlacement	1.0	UnIterat	0.5	Iterat	0.5	NoRightmostPlacement	1.0	NotLeftConjunct	1.0	PersonFirst	0.25	PersonThird	0.25	PersonSecond	0.25	PersonZero	0.25	Active	0.333333333333	Passive	0.333333333333	VoiceSya	0.333333333333	VerbTransitive	0.25	VerbIntransitive	0.25	VerbIntransitiveSpecial	0.25	VerbTransitiveSpecial	0.25	NotRightConjunct	1.0	NoSpecialCaseForm	1.0	NoContrast	1.0	NormalCapitalization	1.0	V_Prefixoid	0.0416666666667	POL_Prefixoid	0.0416666666667	PO_Prefixoid	0.0416666666667	Letter_Prefixoid	0.0416666666667	InternMod_Prefixoid	0.0416666666667	Chem_Prefixoid	0.0416666666667	BES_Prefixoid	0.0416666666667	Chemical_Possible	0.0416666666667	VPOL_Prefixoid	0.0416666666667	Eval_Prefixoid	0.0416666666667	InternModEr_Prefixoid	0.0416666666667	Rus_Prefixoid	0.0416666666667	Intern_ReducedPrefixoid	0.0416666666667	NI_Prefixoid	0.0416666666667	Reduced_Prefixoid	0.0416666666667	NAI_Prefixoid	0.0416666666667	Intern_Prefixoid	0.0416666666667	BEZer_Prefixoid	0.0416666666667	InternHy_Prefixoid	0.0416666666667	KOE_Prefixoid	0.0416666666667	ProperNamePrefixoid	0.0416666666667	RusHy_Prefixoid	0.0416666666667	BEZ_Prefixoid	0.0416666666667	NE_Prefixoid	0.0416666666667	ParticipleShortForm	0.5	ParticipleFullForm	0.5	Singular	1.0	Four	0.2	SevenEight	0.2	Two	0.2	Three	0.2	FiveAndMore	0.2	AdjectiveFullForm	0.333333333333	AdjectiveShortFlectional	0.333333333333	AdjectiveShortForm	0.333333333333	NounProperNameDimin	0.111111111111	NounProperName	0.111111111111	NounProperGeneral	0.111111111111	NounProperTown	0.111111111111	NounProperSurNameFlective	0.111111111111	NounProperPatronymic	0.111111111111	AdjectiveProper	0.111111111111	AbbrProperGeneral	0.111111111111	NounProperSurNameForeign	0.111111111111	NormalNumberParadigm	1.0	FullRealization	1.0
101	16	Лех	Лех	488351	488347	Animate	0.333333333333	Inanimate	0.333333333333	NonReflexive	0.166666666667	ImperfectiveReflexivity	0.166666666667	Reflexive	0.166666666667	FullReflexivity	0.166666666667	NormalMorphForm	1.0	DefectOne	0.133333333333	DefectFour	0.133333333333	Byt	0.133333333333	DefectThree	0.133333333333	DefectTwo	0.133333333333	GTNoun	0.666666666667	NotEllipted	1.0	VocalForm	0.333333333333	NForm	0.333333333333	NotControlled	1.0	ZeroTypeOfCoordination	1.0	NoCompositeness	0.666666666667	DegreeComparative	0.222222222222	DegreeSuperlative	0.222222222222	DegreePositive	0.222222222222	Adverb_With_Hyphen	0.333333333333	Adverb_Un_Hyphen	0.333333333333	DeclensionMixed	0.333333333333	DeclensionNominal	0.333333333333	Un_Comp_Suf	0.666666666667	BiAspectual	0.222222222222	MonoAspectual	0.222222222222	Paired	0.222222222222	NoSynthComparative	0.166666666667	FullSynthComparison	0.166666666667	OnlySuperlative	0.166666666667	NoSynthSuperlative	0.166666666667	MTwo	0.222222222222	MOne	0.222222222222	MThree	0.222222222222	NormalClassifyingCapitalization	1.0	Past	0.222222222222	Future	0.222222222222	Present	0.222222222222	Noun	0.666666666667	ZeroDoubleConjunct	1.0	NotCommonChild	1.0	Accusative	0.25	Genitive	0.0833333333333	Partitive	0.0833333333333	Nominative	0.166666666667	Vocative	0.0833333333333	RCDemonstrative	0.0740740740741	RCNegative	0.0740740740741	RCNoun	0.0740740740741	RCPossessive	0.0740740740741	RCIndefinite	0.0740740740741	RCPersonal	0.0740740740741	RCReflexive	0.0740740740741	RCInterrogative	0.0740740740741	RCAttributive	0.0740740740741	NoPlacement	1.0	Perfective	0.333333333333	Imperfective	0.333333333333	NotDefaultFiller	1.0	Masculine	0.666666666667	NoLeftmostPlacement	1.0	UnIterat	0.333333333333	Iterat	0.333333333333	NoRightmostPlacement	1.0	NotLeftConjunct	1.0	PersonFirst	0.166666666667	PersonThird	0.166666666667	PersonSecond	0.166666666667	PersonZero	0.166666666667	Active	0.222222222222	Passive	0.222222222222	VoiceSya	0.222222222222	VerbTransitive	0.166666666667	VerbIntransitive	0.166666666667	VerbIntransitiveSpecial	0.166666666667	VerbTransitiveSpecial	0.166666666667	NotRightConjunct	1.0	SpecialVocative	0.333333333333	NoSpecialCaseForm	0.333333333333	NoContrast	1.0	NormalCapitalization	1.0	V_Prefixoid	0.0277777777778	POL_Prefixoid	0.0277777777778	PO_Prefixoid	0.0277777777778	Letter_Prefixoid	0.0277777777778	InternMod_Prefixoid	0.0277777777778	Chem_Prefixoid	0.0277777777778	BES_Prefixoid	0.0277777777778	Chemical_Possible	0.0277777777778	VPOL_Prefixoid	0.0277777777778	Eval_Prefixoid	0.0277777777778	InternModEr_Prefixoid	0.0277777777778	Rus_Prefixoid	0.0277777777778	Intern_ReducedPrefixoid	0.0277777777778	NI_Prefixoid	0.0277777777778	Reduced_Prefixoid	0.0277777777778	NAI_Prefixoid	0.0277777777778	Intern_Prefixoid	0.0277777777778	BEZer_Prefixoid	0.0277777777778	InternHy_Prefixoid	0.0277777777778	KOE_Prefixoid	0.0277777777778	ProperNamePrefixoid	0.0277777777778	RusHy_Prefixoid	0.0277777777778	BEZ_Prefixoid	0.0277777777778	NE_Prefixoid	0.0277777777778	ParticipleShortForm	0.333333333333	ParticipleFullForm	0.333333333333	Plural	0.166666666667	Singular	0.5	Four	0.133333333333	SevenEight	0.133333333333	Two	0.133333333333	Three	0.133333333333	FiveAndMore	0.133333333333	AdjectiveFullForm	0.222222222222	AdjectiveShortFlectional	0.222222222222	AdjectiveShortForm	0.222222222222	NounProperTown	0.333333333333	NounProperNameDimin	0.333333333333	SingulariaTantum	0.333333333333	NormalNumberParadigm	0.666666666667	FullRealization	1.0
101	20	Качиньский	Качиньский	488352	488346	Animate	1.0	NonReflexive	0.25	ImperfectiveReflexivity	0.25	Reflexive	0.25	FullReflexivity	0.25	NormalMorphForm	1.0	DefectOne	0.2	DefectFour	0.2	Byt	0.2	DefectThree	0.2	DefectTwo	0.2	GTNoun	1.0	NotEllipted	1.0	VocalForm	0.5	NForm	0.5	NotControlled	1.0	ZeroTypeOfCoordination	1.0	NoCompositeness	1.0	DegreeComparative	0.333333333333	DegreeSuperlative	0.333333333333	DegreePositive	0.333333333333	Adverb_With_Hyphen	0.5	Adverb_Un_Hyphen	0.5	DeclensionAdjectival	1.0	Un_Comp_Suf	1.0	BiAspectual	0.333333333333	MonoAspectual	0.333333333333	Paired	0.333333333333	NoSynthComparative	0.25	FullSynthComparison	0.25	OnlySuperlative	0.25	NoSynthSuperlative	0.25	MTwo	0.333333333333	MOne	0.333333333333	MThree	0.333333333333	NormalClassifyingCapitalization	1.0	Past	0.333333333333	Future	0.333333333333	Present	0.333333333333	Noun	1.0	ZeroDoubleConjunct	1.0	NotCommonChild	1.0	Nominative	1.0	RCDemonstrative	0.111111111111	RCNegative	0.111111111111	RCNoun	0.111111111111	RCPossessive	0.111111111111	RCIndefinite	0.111111111111	RCPersonal	0.111111111111	RCReflexive	0.111111111111	RCInterrogative	0.111111111111	RCAttributive	0.111111111111	NoPlacement	1.0	Perfective	0.5	Imperfective	0.5	NotDefaultFiller	1.0	Masculine	1.0	NoLeftmostPlacement	1.0	UnIterat	0.5	Iterat	0.5	NoRightmostPlacement	1.0	NotLeftConjunct	1.0	PersonFirst	0.25	PersonThird	0.25	PersonSecond	0.25	PersonZero	0.25	Active	0.333333333333	Passive	0.333333333333	VoiceSya	0.333333333333	VerbTransitive	0.25	VerbIntransitive	0.25	VerbIntransitiveSpecial	0.25	VerbTransitiveSpecial	0.25	NotRightConjunct	1.0	NoSpecialCaseForm	1.0	NoContrast	1.0	NormalCapitalization	1.0	V_Prefixoid	0.0416666666667	POL_Prefixoid	0.0416666666667	PO_Prefixoid	0.0416666666667	Letter_Prefixoid	0.0416666666667	InternMod_Prefixoid	0.0416666666667	Chem_Prefixoid	0.0416666666667	BES_Prefixoid	0.0416666666667	Chemical_Possible	0.0416666666667	VPOL_Prefixoid	0.0416666666667	Eval_Prefixoid	0.0416666666667	InternModEr_Prefixoid	0.0416666666667	Rus_Prefixoid	0.0416666666667	Intern_ReducedPrefixoid	0.0416666666667	NI_Prefixoid	0.0416666666667	Reduced_Prefixoid	0.0416666666667	NAI_Prefixoid	0.0416666666667	Intern_Prefixoid	0.0416666666667	BEZer_Prefixoid	0.0416666666667	InternHy_Prefixoid	0.0416666666667	KOE_Prefixoid	0.0416666666667	ProperNamePrefixoid	0.0416666666667	RusHy_Prefixoid	0.0416666666667	BEZ_Prefixoid	0.0416666666667	NE_Prefixoid	0.0416666666667	ParticipleShortForm	0.5	ParticipleFullForm	0.5	Singular	1.0	Four	0.2	SevenEight	0.2	Two	0.2	Three	0.2	FiveAndMore	0.2	AdjectiveFullForm	0.333333333333	AdjectiveShortFlectional	0.333333333333	AdjectiveShortForm	0.333333333333	NounProperSurNameFlective	1.0	NormalNumberParadigm	1.0	FullRealization	1.0
101	31	заявил	заявил	488346	-1	Animate	0.5	Inanimate	0.5	ImperfectiveReflexivity	1.0	NormalMorphForm	1.0	DefectOne	0.2	DefectFour	0.2	Byt	0.2	DefectThree	0.2	DefectTwo	0.2	GTVerb	1.0	NotEllipted	1.0	VocalForm	0.5	NForm	0.5	NotControlled	1.0	ZeroTypeOfCoordination	1.0	Composite_ComplexNumeral	0.0714285714286	Composite_cko	0.0714285714286	NoCompositeness	0.0714285714286	Composite_cki	0.0714285714286	Composite_o	0.0714285714286	Composite_NumeralFull	0.0714285714286	Composite_NumeralShort	0.0714285714286	Composite_null	0.0714285714286	Composite_iko	0.0714285714286	Composite_sko	0.0714285714286	Composite_e	0.0714285714286	Composite_Numeral	0.0714285714286	Composite_usek	0.0714285714286	Composite_ski	0.0714285714286	DegreeComparative	0.333333333333	DegreeSuperlative	0.333333333333	DegreePositive	0.333333333333	Adverb_With_Hyphen	0.5	Adverb_Un_Hyphen	0.5	DeclensionMixed	0.25	DeclensionAdjectival	0.25	DeclensionNominal	0.25	Indeclinable	0.25	Comp_PunctuatorPref	0.0625	Comp_Suffixoid_Num_IJ	0.0625	Comp_PunctuatorPostSeparable	0.0625	Un_Comp_Suf	0.0625	Comp_SuffixoidAbbr	0.0625	Comp_Noun	0.0625	Comp_Suffixoid_Num_J	0.0625	Comp_PunctuatorPost	0.0625	Comp_PunctuatorPrefSeparable	0.0625	Comp_Suffixoid_Num_OJ	0.0625	Comp_Prefixoid	0.0625	Comp_Suffixoid	0.0625	Comp_Suffixoid_Chem	0.0625	Comp_Suffixoid_Num_PercentYJ	0.0625	Comp_Suffixoid_Num_YJ	0.0625	Comp_Adj	0.0625	Paired	1.0	NoSynthComparative	0.25	FullSynthComparison	0.25	OnlySuperlative	0.25	NoSynthSuperlative	0.25	MTwo	0.333333333333	MOne	0.333333333333	MThree	0.333333333333	NormalClassifyingCapitalization	1.0	Past	1.0	Verb	1.0	ZeroDoubleConjunct	1.0	NotCommonChild	1.0	Accusative	0.0909090909091	Prepositional	0.0909090909091	Instrumental	0.0909090909091	Dative	0.0909090909091	ZeroCase	0.0909090909091	Locative	0.0909090909091	Genitive	0.0909090909091	Partitive	0.0909090909091	Nominative	0.0909090909091	DativeSpecial	0.0909090909091	Vocative	0.0909090909091	RCDemonstrative	0.111111111111	RCNegative	0.111111111111	RCNoun	0.111111111111	RCPossessive	0.111111111111	RCIndefinite	0.111111111111	RCPersonal	0.111111111111	RCReflexive	0.111111111111	RCInterrogative	0.111111111111	RCAttributive	0.111111111111	NoPlacement	1.0	Perfective	1.0	NotDefaultFiller	1.0	Masculine	1.0	NoLeftmostPlacement	1.0	UnIterat	1.0	NoRightmostPlacement	1.0	NotLeftConjunct	1.0	PersonFirst	0.25	PersonThird	0.25	PersonSecond	0.25	PersonZero	0.25	Active	1.0	VerbTransitive	1.0	NotRightConjunct	1.0	Plural_consonant	0.111111111111	Genitive_Locative_u	0.111111111111	Locative_u	0.111111111111	NoSpecialCaseForm	0.111111111111	SpecialVocative	0.111111111111	GenitivePlural_Zero	0.111111111111	SpecialPlual	0.111111111111	NominativePlural_a	0.111111111111	Genitive_u	0.111111111111	NoContrast	1.0	NormalCapitalization	1.0	V_Prefixoid	0.0416666666667	POL_Prefixoid	0.0416666666667	PO_Prefixoid	0.0416666666667	Letter_Prefixoid	0.0416666666667	InternMod_Prefixoid	0.0416666666667	Chem_Prefixoid	0.0416666666667	BES_Prefixoid	0.0416666666667	Chemical_Possible	0.0416666666667	VPOL_Prefixoid	0.0416666666667	Eval_Prefixoid	0.0416666666667	InternModEr_Prefixoid	0.0416666666667	Rus_Prefixoid	0.0416666666667	Intern_ReducedPrefixoid	0.0416666666667	NI_Prefixoid	0.0416666666667	Reduced_Prefixoid	0.0416666666667	NAI_Prefixoid	0.0416666666667	Intern_Prefixoid	0.0416666666667	BEZer_Prefixoid	0.0416666666667	InternHy_Prefixoid	0.0416666666667	KOE_Prefixoid	0.0416666666667	ProperNamePrefixoid	0.0416666666667	RusHy_Prefixoid	0.0416666666667	BEZ_Prefixoid	0.0416666666667	NE_Prefixoid	0.0416666666667	ParticipleShortForm	0.5	ParticipleFullForm	0.5	Singular	1.0	Four	0.2	SevenEight	0.2	Two	0.2	Three	0.2	FiveAndMore	0.2	AdjectiveFullForm	0.333333333333	AdjectiveShortFlectional	0.333333333333	AdjectiveShortForm	0.333333333333	NounProperNameDimin	0.111111111111	NounProperName	0.111111111111	NounProperGeneral	0.111111111111	NounProperTown	0.111111111111	NounProperSurNameFlective	0.111111111111	NounProperPatronymic	0.111111111111	AdjectiveProper	0.111111111111	AbbrProperGeneral	0.111111111111	NounProperSurNameForeign	0.111111111111	NormalNumberParadigm	1.0	FullRealization	1.0
101	39	что	что	488354	488353	Animate	0.125	Inanimate	0.375	NonReflexive	0.125	ImperfectiveReflexivity	0.125	Reflexive	0.125	FullReflexivity	0.125	NormalMorphForm	1.0	DefectOne	0.1	DefectFour	0.1	Byt	0.1	DefectThree	0.1	DefectTwo	0.1	GTInvariable	0.25	GTNoun	0.25	NotEllipted	1.0	VocalForm	0.25	NForm	0.25	NotControlled	1.0	ZeroTypeOfCoordination	1.0	Composite_ComplexNumeral	0.0357142857143	Composite_cko	0.0357142857143	NoCompositeness	0.0357142857143	Composite_cki	0.0357142857143	Composite_o	0.0357142857143	Composite_NumeralFull	0.0357142857143	Composite_NumeralShort	0.0357142857143	Composite_null	0.0357142857143	Composite_iko	0.0357142857143	Composite_sko	0.0357142857143	Composite_e	0.0357142857143	Composite_Numeral	0.0357142857143	Composite_usek	0.0357142857143	Composite_ski	0.0357142857143	DegreeComparative	0.166666666667	DegreeSuperlative	0.166666666667	DegreePositive	0.166666666667	Adverb_With_Hyphen	0.25	Adverb_Un_Hyphen	0.25	DeclensionMixed	0.125	DeclensionAdjectival	0.125	DeclensionNominal	0.125	Indeclinable	0.125	Comp_PunctuatorPref	0.03125	Comp_Suffixoid_Num_IJ	0.03125	Comp_PunctuatorPostSeparable	0.03125	Un_Comp_Suf	0.03125	Comp_SuffixoidAbbr	0.03125	Comp_Noun	0.03125	Comp_Suffixoid_Num_J	0.03125	Comp_PunctuatorPost	0.03125	Comp_PunctuatorPrefSeparable	0.03125	Comp_Suffixoid_Num_OJ	0.03125	Comp_Prefixoid	0.03125	Comp_Suffixoid	0.03125	Comp_Suffixoid_Chem	0.03125	Comp_Suffixoid_Num_PercentYJ	0.03125	Comp_Suffixoid_Num_YJ	0.03125	Comp_Adj	0.03125	BiAspectual	0.166666666667	MonoAspectual	0.166666666667	Paired	0.166666666667	NoSynthComparative	0.125	FullSynthComparison	0.125	OnlySuperlative	0.125	NoSynthSuperlative	0.125	MTwo	0.166666666667	MOne	0.166666666667	MThree	0.166666666667	NormalClassifyingCapitalization	1.0	Past	0.166666666667	Future	0.166666666667	Present	0.166666666667	Conjunction	0.25	Pronoun	0.25	ZeroDoubleConjunct	1.0	NotCommonChild	1.0	Accusative	0.147727272727	Prepositional	0.0227272727273	Instrumental	0.0227272727273	Dative	0.0227272727273	ZeroCase	0.0227272727273	Locative	0.0227272727273	Genitive	0.0227272727273	Partitive	0.0227272727273	Nominative	0.147727272727	DativeSpecial	0.0227272727273	Vocative	0.0227272727273	RCDemonstrative	0.0277777777778	RCNegative	0.0277777777778	RCNoun	0.0277777777778	RCPossessive	0.0277777777778	RCIndefinite	0.0277777777778	RCPersonal	0.0277777777778	RCReflexive	0.0277777777778	RCInterrogative	0.277777777778	RCAttributive	0.0277777777778	NoPlacement	1.0	Perfective	0.25	Imperfective	0.25	NotDefaultFiller	1.0	Feminine	0.0625	Common	0.0625	Masculine	0.0625	Neuter	0.3125	NoLeftmostPlacement	1.0	UnIterat	0.25	Iterat	0.25	NoRightmostPlacement	1.0	NotLeftConjunct	1.0	PersonFirst	0.125	PersonThird	0.125	PersonSecond	0.125	PersonZero	0.125	Active	0.166666666667	Passive	0.166666666667	VoiceSya	0.166666666667	VerbTransitive	0.125	VerbIntransitive	0.125	VerbIntransitiveSpecial	0.125	VerbTransitiveSpecial	0.125	NotRightConjunct	1.0	Plural_consonant	0.0555555555556	Genitive_Locative_u	0.0555555555556	Locative_u	0.0555555555556	NoSpecialCaseForm	0.0555555555556	SpecialVocative	0.0555555555556	GenitivePlural_Zero	0.0555555555556	SpecialPlual	0.0555555555556	NominativePlural_a	0.0555555555556	Genitive_u	0.0555555555556	NoContrast	1.0	NormalCapitalization	1.0	V_Prefixoid	0.0208333333333	POL_Prefixoid	0.0208333333333	PO_Prefixoid	0.0208333333333	Letter_Prefixoid	0.0208333333333	InternMod_Prefixoid	0.0208333333333	Chem_Prefixoid	0.0208333333333	BES_Prefixoid	0.0208333333333	Chemical_Possible	0.0208333333333	VPOL_Prefixoid	0.0208333333333	Eval_Prefixoid	0.0208333333333	InternModEr_Prefixoid	0.0208333333333	Rus_Prefixoid	0.0208333333333	Intern_ReducedPrefixoid	0.0208333333333	NI_Prefixoid	0.0208333333333	Reduced_Prefixoid	0.0208333333333	NAI_Prefixoid	0.0208333333333	Intern_Prefixoid	0.0208333333333	BEZer_Prefixoid	0.0208333333333	InternHy_Prefixoid	0.0208333333333	KOE_Prefixoid	0.0208333333333	ProperNamePrefixoid	0.0208333333333	RusHy_Prefixoid	0.0208333333333	BEZ_Prefixoid	0.0208333333333	NE_Prefixoid	0.0208333333333	ParticipleShortForm	0.25	ParticipleFullForm	0.25	Plural	0.125	Singular	0.375	Four	0.1	SevenEight	0.1	Two	0.1	Three	0.1	FiveAndMore	0.1	AdjectiveFullForm	0.166666666667	AdjectiveShortFlectional	0.166666666667	AdjectiveShortForm	0.166666666667	NounProperNameDimin	0.0555555555556	NounProperName	0.0555555555556	NounProperGeneral	0.0555555555556	NounProperTown	0.0555555555556	NounProperSurNameFlective	0.0555555555556	NounProperPatronymic	0.0555555555556	AdjectiveProper	0.0555555555556	AbbrProperGeneral	0.0555555555556	NounProperSurNameForeign	0.0555555555556	NormalNumberParadigm	1.0	FullRealization	1.0
101	43	именно	именно	488356	488355	Animate	0.5	Inanimate	0.5	NonReflexive	0.25	ImperfectiveReflexivity	0.25	Reflexive	0.25	FullReflexivity	0.25	NormalMorphForm	1.0	DefectOne	0.2	DefectFour	0.2	Byt	0.2	DefectThree	0.2	DefectTwo	0.2	GTInvariable	1.0	NotEllipted	1.0	VocalForm	0.5	NForm	0.5	NotControlled	1.0	ZeroTypeOfCoordination	1.0	Composite_ComplexNumeral	0.0714285714286	Composite_cko	0.0714285714286	NoCompositeness	0.0714285714286	Composite_cki	0.0714285714286	Composite_o	0.0714285714286	Composite_NumeralFull	0.0714285714286	Composite_NumeralShort	0.0714285714286	Composite_null	0.0714285714286	Composite_iko	0.0714285714286	Composite_sko	0.0714285714286	Composite_e	0.0714285714286	Composite_Numeral	0.0714285714286	Composite_usek	0.0714285714286	Composite_ski	0.0714285714286	DegreeComparative	0.333333333333	DegreeSuperlative	0.333333333333	DegreePositive	0.333333333333	Adverb_With_Hyphen	0.5	Adverb_Un_Hyphen	0.5	DeclensionMixed	0.25	DeclensionAdjectival	0.25	DeclensionNominal	0.25	Indeclinable	0.25	Comp_PunctuatorPref	0.0625	Comp_Suffixoid_Num_IJ	0.0625	Comp_PunctuatorPostSeparable	0.0625	Un_Comp_Suf	0.0625	Comp_SuffixoidAbbr	0.0625	Comp_Noun	0.0625	Comp_Suffixoid_Num_J	0.0625	Comp_PunctuatorPost	0.0625	Comp_PunctuatorPrefSeparable	0.0625	Comp_Suffixoid_Num_OJ	0.0625	Comp_Prefixoid	0.0625	Comp_Suffixoid	0.0625	Comp_Suffixoid_Chem	0.0625	Comp_Suffixoid_Num_PercentYJ	0.0625	Comp_Suffixoid_Num_YJ	0.0625	Comp_Adj	0.0625	BiAspectual	0.333333333333	MonoAspectual	0.333333333333	Paired	0.333333333333	NoSynthComparative	0.25	FullSynthComparison	0.25	OnlySuperlative	0.25	NoSynthSuperlative	0.25	MTwo	0.333333333333	MOne	0.333333333333	MThree	0.333333333333	NormalClassifyingCapitalization	1.0	Past	0.333333333333	Future	0.333333333333	Present	0.333333333333	Particle	1.0	ZeroDoubleConjunct	1.0	NotCommonChild	1.0	Accusative	0.0909090909091	Prepositional	0.0909090909091	Instrumental	0.0909090909091	Dative	0.0909090909091	ZeroCase	0.0909090909091	Locative	0.0909090909091	Genitive	0.0909090909091	Partitive	0.0909090909091	Nominative	0.0909090909091	DativeSpecial	0.0909090909091	Vocative	0.0909090909091	RCDemonstrative	0.111111111111	RCNegative	0.111111111111	RCNoun	0.111111111111	RCPossessive	0.111111111111	RCIndefinite	0.111111111111	RCPersonal	0.111111111111	RCReflexive	0.111111111111	RCInterrogative	0.111111111111	RCAttributive	0.111111111111	NoPlacement	1.0	Perfective	0.5	Imperfective	0.5	NotDefaultFiller	1.0	Feminine	0.25	Common	0.25	Masculine	0.25	Neuter	0.25	NoLeftmostPlacement	1.0	UnIterat	0.5	Iterat	0.5	NoRightmostPlacement	1.0	NotLeftConjunct	1.0	PersonFirst	0.25	PersonThird	0.25	PersonSecond	0.25	PersonZero	0.25	Active	0.333333333333	Passive	0.333333333333	VoiceSya	0.333333333333	VerbTransitive	0.25	VerbIntransitive	0.25	VerbIntransitiveSpecial	0.25	VerbTransitiveSpecial	0.25	NotRightConjunct	1.0	Plural_consonant	0.111111111111	Genitive_Locative_u	0.111111111111	Locative_u	0.111111111111	NoSpecialCaseForm	0.111111111111	SpecialVocative	0.111111111111	GenitivePlural_Zero	0.111111111111	SpecialPlual	0.111111111111	NominativePlural_a	0.111111111111	Genitive_u	0.111111111111	NoContrast	1.0	NormalCapitalization	1.0	V_Prefixoid	0.0416666666667	POL_Prefixoid	0.0416666666667	PO_Prefixoid	0.0416666666667	Letter_Prefixoid	0.0416666666667	InternMod_Prefixoid	0.0416666666667	Chem_Prefixoid	0.0416666666667	BES_Prefixoid	0.0416666666667	Chemical_Possible	0.0416666666667	VPOL_Prefixoid	0.0416666666667	Eval_Prefixoid	0.0416666666667	InternModEr_Prefixoid	0.0416666666667	Rus_Prefixoid	0.0416666666667	Intern_ReducedPrefixoid	0.0416666666667	NI_Prefixoid	0.0416666666667	Reduced_Prefixoid	0.0416666666667	NAI_Prefixoid	0.0416666666667	Intern_Prefixoid	0.0416666666667	BEZer_Prefixoid	0.0416666666667	InternHy_Prefixoid	0.0416666666667	KOE_Prefixoid	0.0416666666667	ProperNamePrefixoid	0.0416666666667	RusHy_Prefixoid	0.0416666666667	BEZ_Prefixoid	0.0416666666667	NE_Prefixoid	0.0416666666667	ParticipleShortForm	0.5	ParticipleFullForm	0.5	Plural	0.5	Singular	0.5	Four	0.2	SevenEight	0.2	Two	0.2	Three	0.2	FiveAndMore	0.2	AdjectiveFullForm	0.333333333333	AdjectiveShortFlectional	0.333333333333	AdjectiveShortForm	0.333333333333	NounProperNameDimin	0.111111111111	NounProperName	0.111111111111	NounProperGeneral	0.111111111111	NounProperTown	0.111111111111	NounProperSurNameFlective	0.111111111111	NounProperPatronymic	0.111111111111	AdjectiveProper	0.111111111111	AbbrProperGeneral	0.111111111111	NounProperSurNameForeign	0.111111111111	NormalNumberParadigm	1.0	FullRealization	1.0
101	50	на	на	488357	488355	Animate	0.5	Inanimate	0.5	NonReflexive	0.25	ImperfectiveReflexivity	0.25	Reflexive	0.25	FullReflexivity	0.25	NormalMorphForm	1.0	DefectOne	0.2	DefectFour	0.2	Byt	0.2	DefectThree	0.2	DefectTwo	0.2	GTInvariable	1.0	NotEllipted	1.0	VocalForm	0.5	NForm	0.5	NotControlled	1.0	ZeroTypeOfCoordination	1.0	Composite_ComplexNumeral	0.0714285714286	Composite_cko	0.0714285714286	NoCompositeness	0.0714285714286	Composite_cki	0.0714285714286	Composite_o	0.0714285714286	Composite_NumeralFull	0.0714285714286	Composite_NumeralShort	0.0714285714286	Composite_null	0.0714285714286	Composite_iko	0.0714285714286	Composite_sko	0.0714285714286	Composite_e	0.0714285714286	Composite_Numeral	0.0714285714286	Composite_usek	0.0714285714286	Composite_ski	0.0714285714286	DegreeComparative	0.333333333333	DegreeSuperlative	0.333333333333	DegreePositive	0.333333333333	Adverb_With_Hyphen	0.5	Adverb_Un_Hyphen	0.5	DeclensionMixed	0.25	DeclensionAdjectival	0.25	DeclensionNominal	0.25	Indeclinable	0.25	Comp_PunctuatorPref	0.0625	Comp_Suffixoid_Num_IJ	0.0625	Comp_PunctuatorPostSeparable	0.0625	Un_Comp_Suf	0.0625	Comp_SuffixoidAbbr	0.0625	Comp_Noun	0.0625	Comp_Suffixoid_Num_J	0.0625	Comp_PunctuatorPost	0.0625	Comp_PunctuatorPrefSeparable	0.0625	Comp_Suffixoid_Num_OJ	0.0625	Comp_Prefixoid	0.0625	Comp_Suffixoid	0.0625	Comp_Suffixoid_Chem	0.0625	Comp_Suffixoid_Num_PercentYJ	0.0625	Comp_Suffixoid_Num_YJ	0.0625	Comp_Adj	0.0625	BiAspectual	0.333333333333	MonoAspectual	0.333333333333	Paired	0.333333333333	NoSynthComparative	0.25	FullSynthComparison	0.25	OnlySuperlative	0.25	NoSynthSuperlative	0.25	MTwo	0.333333333333	MOne	0.333333333333	MThree	0.333333333333	NormalClassifyingCapitalization	1.0	Past	0.333333333333	Future	0.333333333333	Present	0.333333333333	Preposition	1.0	ZeroDoubleConjunct	1.0	NotCommonChild	1.0	Accusative	0.0909090909091	Prepositional	0.0909090909091	Instrumental	0.0909090909091	Dative	0.0909090909091	ZeroCase	0.0909090909091	Locative	0.0909090909091	Genitive	0.0909090909091	Partitive	0.0909090909091	Nominative	0.0909090909091	DativeSpecial	0.0909090909091	Vocative	0.0909090909091	RCDemonstrative	0.111111111111	RCNegative	0.111111111111	RCNoun	0.111111111111	RCPossessive	0.111111111111	RCIndefinite	0.111111111111	RCPersonal	0.111111111111	RCReflexive	0.111111111111	RCInterrogative	0.111111111111	RCAttributive	0.111111111111	NoPlacement	1.0	Perfective	0.5	Imperfective	0.5	NotDefaultFiller	1.0	Feminine	0.25	Common	0.25	Masculine	0.25	Neuter	0.25	NoLeftmostPlacement	1.0	UnIterat	0.5	Iterat	0.5	NoRightmostPlacement	1.0	NotLeftConjunct	1.0	PersonFirst	0.25	PersonThird	0.25	PersonSecond	0.25	PersonZero	0.25	Active	0.333333333333	Passive	0.333333333333	VoiceSya	0.333333333333	VerbTransitive	0.25	VerbIntransitive	0.25	VerbIntransitiveSpecial	0.25	VerbTransitiveSpecial	0.25	NotRightConjunct	1.0	Plural_consonant	0.111111111111	Genitive_Locative_u	0.111111111111	Locative_u	0.111111111111	NoSpecialCaseForm	0.111111111111	SpecialVocative	0.111111111111	GenitivePlural_Zero	0.111111111111	SpecialPlual	0.111111111111	NominativePlural_a	0.111111111111	Genitive_u	0.111111111111	NoContrast	1.0	NormalCapitalization	1.0	V_Prefixoid	0.0416666666667	POL_Prefixoid	0.0416666666667	PO_Prefixoid	0.0416666666667	Letter_Prefixoid	0.0416666666667	InternMod_Prefixoid	0.0416666666667	Chem_Prefixoid	0.0416666666667	BES_Prefixoid	0.0416666666667	Chemical_Possible	0.0416666666667	VPOL_Prefixoid	0.0416666666667	Eval_Prefixoid	0.0416666666667	InternModEr_Prefixoid	0.0416666666667	Rus_Prefixoid	0.0416666666667	Intern_ReducedPrefixoid	0.0416666666667	NI_Prefixoid	0.0416666666667	Reduced_Prefixoid	0.0416666666667	NAI_Prefixoid	0.0416666666667	Intern_Prefixoid	0.0416666666667	BEZer_Prefixoid	0.0416666666667	InternHy_Prefixoid	0.0416666666667	KOE_Prefixoid	0.0416666666667	ProperNamePrefixoid	0.0416666666667	RusHy_Prefixoid	0.0416666666667	BEZ_Prefixoid	0.0416666666667	NE_Prefixoid	0.0416666666667	ParticipleShortForm	0.5	ParticipleFullForm	0.5	Plural	0.5	Singular	0.5	Four	0.2	SevenEight	0.2	Two	0.2	Three	0.2	FiveAndMore	0.2	AdjectiveFullForm	0.333333333333	AdjectiveShortFlectional	0.333333333333	AdjectiveShortForm	0.333333333333	NounProperNameDimin	0.111111111111	NounProperName	0.111111111111	NounProperGeneral	0.111111111111	NounProperTown	0.111111111111	NounProperSurNameFlective	0.111111111111	NounProperPatronymic	0.111111111111	AdjectiveProper	0.111111111111	AbbrProperGeneral	0.111111111111	NounProperSurNameForeign	0.111111111111	NormalNumberParadigm	1.0	FullRealization	1.0
101	53	Туске	Туске	488355	488353	Animate	1.0	NonReflexive	0.25	ImperfectiveReflexivity	0.25	Reflexive	0.25	FullReflexivity	0.25	NormalMorphForm	1.0	DefectOne	0.2	DefectFour	0.2	Byt	0.2	DefectThree	0.2	DefectTwo	0.2	GTNoun	1.0	NotEllipted	1.0	VocalForm	0.5	NForm	0.5	NotControlled	1.0	ZeroTypeOfCoordination	1.0	NoCompositeness	1.0	DegreeComparative	0.333333333333	DegreeSuperlative	0.333333333333	DegreePositive	0.333333333333	Adverb_With_Hyphen	0.5	Adverb_Un_Hyphen	0.5	DeclensionMixed	0.25	DeclensionAdjectival	0.25	DeclensionNominal	0.25	Indeclinable	0.25	Un_Comp_Suf	1.0	BiAspectual	0.333333333333	MonoAspectual	0.333333333333	Paired	0.333333333333	NoSynthComparative	0.25	FullSynthComparison	0.25	OnlySuperlative	0.25	NoSynthSuperlative	0.25	MTwo	0.333333333333	MOne	0.333333333333	MThree	0.333333333333	NormalClassifyingCapitalization	1.0	Past	0.333333333333	Future	0.333333333333	Present	0.333333333333	Noun	1.0	ZeroDoubleConjunct	1.0	NotCommonChild	1.0	Prepositional	0.5	Locative	0.5	RCDemonstrative	0.111111111111	RCNegative	0.111111111111	RCNoun	0.111111111111	RCPossessive	0.111111111111	RCIndefinite	0.111111111111	RCPersonal	0.111111111111	RCReflexive	0.111111111111	RCInterrogative	0.111111111111	RCAttributive	0.111111111111	NoPlacement	1.0	Perfective	0.5	Imperfective	0.5	NotDefaultFiller	1.0	Masculine	1.0	NoLeftmostPlacement	1.0	UnIterat	0.5	Iterat	0.5	NoRightmostPlacement	1.0	NotLeftConjunct	1.0	PersonFirst	0.25	PersonThird	0.25	PersonSecond	0.25	PersonZero	0.25	Active	0.333333333333	Passive	0.333333333333	VoiceSya	0.333333333333	VerbTransitive	0.25	VerbIntransitive	0.25	VerbIntransitiveSpecial	0.25	VerbTransitiveSpecial	0.25	NotRightConjunct	1.0	NoSpecialCaseForm	1.0	NoContrast	1.0	NormalCapitalization	1.0	V_Prefixoid	0.0416666666667	POL_Prefixoid	0.0416666666667	PO_Prefixoid	0.0416666666667	Letter_Prefixoid	0.0416666666667	InternMod_Prefixoid	0.0416666666667	Chem_Prefixoid	0.0416666666667	BES_Prefixoid	0.0416666666667	Chemical_Possible	0.0416666666667	VPOL_Prefixoid	0.0416666666667	Eval_Prefixoid	0.0416666666667	InternModEr_Prefixoid	0.0416666666667	Rus_Prefixoid	0.0416666666667	Intern_ReducedPrefixoid	0.0416666666667	NI_Prefixoid	0.0416666666667	Reduced_Prefixoid	0.0416666666667	NAI_Prefixoid	0.0416666666667	Intern_Prefixoid	0.0416666666667	BEZer_Prefixoid	0.0416666666667	InternHy_Prefixoid	0.0416666666667	KOE_Prefixoid	0.0416666666667	ProperNamePrefixoid	0.0416666666667	RusHy_Prefixoid	0.0416666666667	BEZ_Prefixoid	0.0416666666667	NE_Prefixoid	0.0416666666667	ParticipleShortForm	0.5	ParticipleFullForm	0.5	Singular	1.0	Four	0.2	SevenEight	0.2	Two	0.2	Three	0.2	FiveAndMore	0.2	AdjectiveFullForm	0.333333333333	AdjectiveShortFlectional	0.333333333333	AdjectiveShortForm	0.333333333333	NounProperSurNameForeign	1.0	NormalNumberParadigm	1.0	FullRealization	1.0
101	59	лежит	лежит	488353	488346	Animate	0.5	Inanimate	0.5	FullReflexivity	1.0	NormalMorphForm	1.0	DefectOne	0.2	DefectFour	0.2	Byt	0.2	DefectThree	0.2	DefectTwo	0.2	GTVerb	1.0	NotEllipted	1.0	VocalForm	0.5	NForm	0.5	NotControlled	1.0	ZeroTypeOfCoordination	1.0	Composite_ComplexNumeral	0.0714285714286	Composite_cko	0.0714285714286	NoCompositeness	0.0714285714286	Composite_cki	0.0714285714286	Composite_o	0.0714285714286	Composite_NumeralFull	0.0714285714286	Composite_NumeralShort	0.0714285714286	Composite_null	0.0714285714286	Composite_iko	0.0714285714286	Composite_sko	0.0714285714286	Composite_e	0.0714285714286	Composite_Numeral	0.0714285714286	Composite_usek	0.0714285714286	Composite_ski	0.0714285714286	DegreeComparative	0.333333333333	DegreeSuperlative	0.333333333333	DegreePositive	0.333333333333	Adverb_With_Hyphen	0.5	Adverb_Un_Hyphen	0.5	DeclensionMixed	0.25	DeclensionAdjectival	0.25	DeclensionNominal	0.25	Indeclinable	0.25	Comp_PunctuatorPref	0.0625	Comp_Suffixoid_Num_IJ	0.0625	Comp_PunctuatorPostSeparable	0.0625	Un_Comp_Suf	0.0625	Comp_SuffixoidAbbr	0.0625	Comp_Noun	0.0625	Comp_Suffixoid_Num_J	0.0625	Comp_PunctuatorPost	0.0625	Comp_PunctuatorPrefSeparable	0.0625	Comp_Suffixoid_Num_OJ	0.0625	Comp_Prefixoid	0.0625	Comp_Suffixoid	0.0625	Comp_Suffixoid_Chem	0.0625	Comp_Suffixoid_Num_PercentYJ	0.0625	Comp_Suffixoid_Num_YJ	0.0625	Comp_Adj	0.0625	MonoAspectual	1.0	NoSynthComparative	0.25	FullSynthComparison	0.25	OnlySuperlative	0.25	NoSynthSuperlative	0.25	MTwo	0.333333333333	MOne	0.333333333333	MThree	0.333333333333	NormalClassifyingCapitalization	1.0	Present	1.0	Verb	1.0	ZeroDoubleConjunct	1.0	NotCommonChild	1.0	Accusative	0.0909090909091	Prepositional	0.0909090909091	Instrumental	0.0909090909091	Dative	0.0909090909091	ZeroCase	0.0909090909091	Locative	0.0909090909091	Genitive	0.0909090909091	Partitive	0.0909090909091	Nominative	0.0909090909091	DativeSpecial	0.0909090909091	Vocative	0.0909090909091	RCDemonstrative	0.111111111111	RCNegative	0.111111111111	RCNoun	0.111111111111	RCPossessive	0.111111111111	RCIndefinite	0.111111111111	RCPersonal	0.111111111111	RCReflexive	0.111111111111	RCInterrogative	0.111111111111	RCAttributive	0.111111111111	NoPlacement	1.0	Imperfective	1.0	NotDefaultFiller	1.0	Feminine	0.25	Common	0.25	Masculine	0.25	Neuter	0.25	NoLeftmostPlacement	1.0	UnIterat	1.0	NoRightmostPlacement	1.0	NotLeftConjunct	1.0	PersonThird	1.0	Active	1.0	VerbIntransitive	1.0	NotRightConjunct	1.0	Plural_consonant	0.111111111111	Genitive_Locative_u	0.111111111111	Locative_u	0.111111111111	NoSpecialCaseForm	0.111111111111	SpecialVocative	0.111111111111	GenitivePlural_Zero	0.111111111111	SpecialPlual	0.111111111111	NominativePlural_a	0.111111111111	Genitive_u	0.111111111111	NoContrast	1.0	NormalCapitalization	1.0	V_Prefixoid	0.0416666666667	POL_Prefixoid	0.0416666666667	PO_Prefixoid	0.0416666666667	Letter_Prefixoid	0.0416666666667	InternMod_Prefixoid	0.0416666666667	Chem_Prefixoid	0.0416666666667	BES_Prefixoid	0.0416666666667	Chemical_Possible	0.0416666666667	VPOL_Prefixoid	0.0416666666667	Eval_Prefixoid	0.0416666666667	InternModEr_Prefixoid	0.0416666666667	Rus_Prefixoid	0.0416666666667	Intern_ReducedPrefixoid	0.0416666666667	NI_Prefixoid	0.0416666666667	Reduced_Prefixoid	0.0416666666667	NAI_Prefixoid	0.0416666666667	Intern_Prefixoid	0.0416666666667	BEZer_Prefixoid	0.0416666666667	InternHy_Prefixoid	0.0416666666667	KOE_Prefixoid	0.0416666666667	ProperNamePrefixoid	0.0416666666667	RusHy_Prefixoid	0.0416666666667	BEZ_Prefixoid	0.0416666666667	NE_Prefixoid	0.0416666666667	ParticipleShortForm	0.5	ParticipleFullForm	0.5	Singular	1.0	Four	0.2	SevenEight	0.2	Two	0.2	Three	0.2	FiveAndMore	0.2	AdjectiveFullForm	0.333333333333	AdjectiveShortFlectional	0.333333333333	AdjectiveShortForm	0.333333333333	NounProperNameDimin	0.111111111111	NounProperName	0.111111111111	NounProperGeneral	0.111111111111	NounProperTown	0.111111111111	NounProperSurNameFlective	0.111111111111	NounProperPatronymic	0.111111111111	AdjectiveProper	0.111111111111	AbbrProperGeneral	0.111111111111	NounProperSurNameForeign	0.111111111111	NormalNumberParadigm	1.0	FullRealization	1.0
101	65	ответственность	ответственность	488358	488353	Inanimate	1.0	NonReflexive	0.25	ImperfectiveReflexivity	0.25	Reflexive	0.25	FullReflexivity	0.25	NormalMorphForm	1.0	DefectOne	0.2	DefectFour	0.2	Byt	0.2	DefectThree	0.2	DefectTwo	0.2	GTNoun	1.0	NotEllipted	1.0	VocalForm	0.5	NForm	0.5	NotControlled	1.0	ZeroTypeOfCoordination	1.0	NoCompositeness	1.0	DegreeComparative	0.333333333333	DegreeSuperlative	0.333333333333	DegreePositive	0.333333333333	Adverb_With_Hyphen	0.5	Adverb_Un_Hyphen	0.5	DeclensionNominal	1.0	Un_Comp_Suf	1.0	BiAspectual	0.333333333333	MonoAspectual	0.333333333333	Paired	0.333333333333	NoSynthComparative	0.25	FullSynthComparison	0.25	OnlySuperlative	0.25	NoSynthSuperlative	0.25	MTwo	0.333333333333	MOne	0.333333333333	MThree	0.333333333333	NormalClassifyingCapitalization	1.0	Past	0.333333333333	Future	0.333333333333	Present	0.333333333333	Noun	1.0	ZeroDoubleConjunct	1.0	NotCommonChild	1.0	Accusative	0.5	Nominative	0.5	RCDemonstrative	0.111111111111	RCNegative	0.111111111111	RCNoun	0.111111111111	RCPossessive	0.111111111111	RCIndefinite	0.111111111111	RCPersonal	0.111111111111	RCReflexive	0.111111111111	RCInterrogative	0.111111111111	RCAttributive	0.111111111111	NoPlacement	1.0	Perfective	0.5	Imperfective	0.5	NotDefaultFiller	1.0	Feminine	1.0	NoLeftmostPlacement	1.0	UnIterat	0.5	Iterat	0.5	NoRightmostPlacement	1.0	NotLeftConjunct	1.0	PersonFirst	0.25	PersonThird	0.25	PersonSecond	0.25	PersonZero	0.25	Active	0.333333333333	Passive	0.333333333333	VoiceSya	0.333333333333	VerbTransitive	0.25	VerbIntransitive	0.25	VerbIntransitiveSpecial	0.25	VerbTransitiveSpecial	0.25	NotRightConjunct	1.0	NoSpecialCaseForm	1.0	NoContrast	1.0	NormalCapitalization	1.0	V_Prefixoid	0.0416666666667	POL_Prefixoid	0.0416666666667	PO_Prefixoid	0.0416666666667	Letter_Prefixoid	0.0416666666667	InternMod_Prefixoid	0.0416666666667	Chem_Prefixoid	0.0416666666667	BES_Prefixoid	0.0416666666667	Chemical_Possible	0.0416666666667	VPOL_Prefixoid	0.0416666666667	Eval_Prefixoid	0.0416666666667	InternModEr_Prefixoid	0.0416666666667	Rus_Prefixoid	0.0416666666667	Intern_ReducedPrefixoid	0.0416666666667	NI_Prefixoid	0.0416666666667	Reduced_Prefixoid	0.0416666666667	NAI_Prefixoid	0.0416666666667	Intern_Prefixoid	0.0416666666667	BEZer_Prefixoid	0.0416666666667	InternHy_Prefixoid	0.0416666666667	KOE_Prefixoid	0.0416666666667	ProperNamePrefixoid	0.0416666666667	RusHy_Prefixoid	0.0416666666667	BEZ_Prefixoid	0.0416666666667	NE_Prefixoid	0.0416666666667	ParticipleShortForm	0.5	ParticipleFullForm	0.5	Singular	1.0	Four	0.2	SevenEight	0.2	Two	0.2	Three	0.2	FiveAndMore	0.2	AdjectiveFullForm	0.333333333333	AdjectiveShortFlectional	0.333333333333	AdjectiveShortForm	0.333333333333	NounProperNameDimin	0.111111111111	NounProperName	0.111111111111	NounProperGeneral	0.111111111111	NounProperTown	0.111111111111	NounProperSurNameFlective	0.111111111111	NounProperPatronymic	0.111111111111	AdjectiveProper	0.111111111111	AbbrProperGeneral	0.111111111111	NounProperSurNameForeign	0.111111111111	NormalNumberParadigm	1.0	FullRealization	1.0
101	81	за	за	488360	488359	Animate	0.5	Inanimate	0.5	NonReflexive	0.25	ImperfectiveReflexivity	0.25	Reflexive	0.25	FullReflexivity	0.25	NormalMorphForm	1.0	DefectOne	0.2	DefectFour	0.2	Byt	0.2	DefectThree	0.2	DefectTwo	0.2	GTInvariable	0.5	GTAdverb	0.5	NotEllipted	1.0	VocalForm	0.5	NForm	0.5	NotControlled	1.0	ZeroTypeOfCoordination	1.0	Composite_ComplexNumeral	0.0714285714286	Composite_cko	0.0714285714286	NoCompositeness	0.0714285714286	Composite_cki	0.0714285714286	Composite_o	0.0714285714286	Composite_NumeralFull	0.0714285714286	Composite_NumeralShort	0.0714285714286	Composite_null	0.0714285714286	Composite_iko	0.0714285714286	Composite_sko	0.0714285714286	Composite_e	0.0714285714286	Composite_Numeral	0.0714285714286	Composite_usek	0.0714285714286	Composite_ski	0.0714285714286	DegreeComparative	0.166666666667	DegreeSuperlative	0.166666666667	DegreePositive	0.666666666667	Adverb_With_Hyphen	0.25	Adverb_Un_Hyphen	0.75	DeclensionMixed	0.25	DeclensionAdjectival	0.25	DeclensionNominal	0.25	Indeclinable	0.25	Comp_PunctuatorPref	0.0625	Comp_Suffixoid_Num_IJ	0.0625	Comp_PunctuatorPostSeparable	0.0625	Un_Comp_Suf	0.0625	Comp_SuffixoidAbbr	0.0625	Comp_Noun	0.0625	Comp_Suffixoid_Num_J	0.0625	Comp_PunctuatorPost	0.0625	Comp_PunctuatorPrefSeparable	0.0625	Comp_Suffixoid_Num_OJ	0.0625	Comp_Prefixoid	0.0625	Comp_Suffixoid	0.0625	Comp_Suffixoid_Chem	0.0625	Comp_Suffixoid_Num_PercentYJ	0.0625	Comp_Suffixoid_Num_YJ	0.0625	Comp_Adj	0.0625	BiAspectual	0.333333333333	MonoAspectual	0.333333333333	Paired	0.333333333333	NoSynthComparative	0.625	FullSynthComparison	0.125	OnlySuperlative	0.125	NoSynthSuperlative	0.125	MTwo	0.333333333333	MOne	0.333333333333	MThree	0.333333333333	NormalClassifyingCapitalization	1.0	Past	0.333333333333	Future	0.333333333333	Present	0.333333333333	Preposition	0.5	Adverb	0.5	ZeroDoubleConjunct	1.0	NotCommonChild	1.0	Accusative	0.0909090909091	Prepositional	0.0909090909091	Instrumental	0.0909090909091	Dative	0.0909090909091	ZeroCase	0.0909090909091	Locative	0.0909090909091	Genitive	0.0909090909091	Partitive	0.0909090909091	Nominative	0.0909090909091	DativeSpecial	0.0909090909091	Vocative	0.0909090909091	RCDemonstrative	0.111111111111	RCNegative	0.111111111111	RCNoun	0.111111111111	RCPossessive	0.111111111111	RCIndefinite	0.111111111111	RCPersonal	0.111111111111	RCReflexive	0.111111111111	RCInterrogative	0.111111111111	RCAttributive	0.111111111111	NoPlacement	1.0	Perfective	0.5	Imperfective	0.5	NotDefaultFiller	1.0	Feminine	0.25	Common	0.25	Masculine	0.25	Neuter	0.25	NoLeftmostPlacement	1.0	UnIterat	0.5	Iterat	0.5	NoRightmostPlacement	1.0	NotLeftConjunct	1.0	PersonFirst	0.25	PersonThird	0.25	PersonSecond	0.25	PersonZero	0.25	Active	0.333333333333	Passive	0.333333333333	VoiceSya	0.333333333333	VerbTransitive	0.25	VerbIntransitive	0.25	VerbIntransitiveSpecial	0.25	VerbTransitiveSpecial	0.25	NotRightConjunct	1.0	Plural_consonant	0.111111111111	Genitive_Locative_u	0.111111111111	Locative_u	0.111111111111	NoSpecialCaseForm	0.111111111111	SpecialVocative	0.111111111111	GenitivePlural_Zero	0.111111111111	SpecialPlual	0.111111111111	NominativePlural_a	0.111111111111	Genitive_u	0.111111111111	NoContrast	1.0	NormalCapitalization	1.0	V_Prefixoid	0.0416666666667	POL_Prefixoid	0.0416666666667	PO_Prefixoid	0.0416666666667	Letter_Prefixoid	0.0416666666667	InternMod_Prefixoid	0.0416666666667	Chem_Prefixoid	0.0416666666667	BES_Prefixoid	0.0416666666667	Chemical_Possible	0.0416666666667	VPOL_Prefixoid	0.0416666666667	Eval_Prefixoid	0.0416666666667	InternModEr_Prefixoid	0.0416666666667	Rus_Prefixoid	0.0416666666667	Intern_ReducedPrefixoid	0.0416666666667	NI_Prefixoid	0.0416666666667	Reduced_Prefixoid	0.0416666666667	NAI_Prefixoid	0.0416666666667	Intern_Prefixoid	0.0416666666667	BEZer_Prefixoid	0.0416666666667	InternHy_Prefixoid	0.0416666666667	KOE_Prefixoid	0.0416666666667	ProperNamePrefixoid	0.0416666666667	RusHy_Prefixoid	0.0416666666667	BEZ_Prefixoid	0.0416666666667	NE_Prefixoid	0.0416666666667	ParticipleShortForm	0.5	ParticipleFullForm	0.5	Plural	0.5	Singular	0.5	Four	0.2	SevenEight	0.2	Two	0.2	Three	0.2	FiveAndMore	0.2	AdjectiveFullForm	0.333333333333	AdjectiveShortFlectional	0.333333333333	AdjectiveShortForm	0.333333333333	NounProperNameDimin	0.111111111111	NounProperName	0.111111111111	NounProperGeneral	0.111111111111	NounProperTown	0.111111111111	NounProperSurNameFlective	0.111111111111	NounProperPatronymic	0.111111111111	AdjectiveProper	0.111111111111	AbbrProperGeneral	0.111111111111	NounProperSurNameForeign	0.111111111111	NormalNumberParadigm	1.0	FullRealization	1.0
101	84	разрыв	разрыв	488359	488358	Animate	0.25	Inanimate	0.75	NonReflexive	0.125	ImperfectiveReflexivity	0.625	Reflexive	0.125	FullReflexivity	0.125	NormalMorphForm	1.0	DefectOne	0.2	DefectFour	0.2	Byt	0.2	DefectThree	0.2	DefectTwo	0.2	GTAdverb	0.5	GTNoun	0.5	NotEllipted	1.0	VocalForm	0.5	NForm	0.5	NotControlled	1.0	ZeroTypeOfCoordination	1.0	Composite_ComplexNumeral	0.0357142857143	Composite_cko	0.0357142857143	NoCompositeness	0.535714285714	Composite_cki	0.0357142857143	Composite_o	0.0357142857143	Composite_NumeralFull	0.0357142857143	Composite_NumeralShort	0.0357142857143	Composite_null	0.0357142857143	Composite_iko	0.0357142857143	Composite_sko	0.0357142857143	Composite_e	0.0357142857143	Composite_Numeral	0.0357142857143	Composite_usek	0.0357142857143	Composite_ski	0.0357142857143	DegreeComparative	0.333333333333	DegreeSuperlative	0.333333333333	DegreePositive	0.333333333333	Adverb_With_Hyphen	0.5	Adverb_Un_Hyphen	0.5	DeclensionMixed	0.125	DeclensionAdjectival	0.125	DeclensionNominal	0.625	Indeclinable	0.125	Comp_PunctuatorPref	0.03125	Comp_Suffixoid_Num_IJ	0.03125	Comp_PunctuatorPostSeparable	0.03125	Un_Comp_Suf	0.53125	Comp_SuffixoidAbbr	0.03125	Comp_Noun	0.03125	Comp_Suffixoid_Num_J	0.03125	Comp_PunctuatorPost	0.03125	Comp_PunctuatorPrefSeparable	0.03125	Comp_Suffixoid_Num_OJ	0.03125	Comp_Prefixoid	0.03125	Comp_Suffixoid	0.03125	Comp_Suffixoid_Chem	0.03125	Comp_Suffixoid_Num_PercentYJ	0.03125	Comp_Suffixoid_Num_YJ	0.03125	Comp_Adj	0.03125	BiAspectual	0.166666666667	MonoAspectual	0.166666666667	Paired	0.666666666667	NoSynthComparative	0.25	FullSynthComparison	0.25	OnlySuperlative	0.25	NoSynthSuperlative	0.25	MTwo	0.333333333333	MOne	0.333333333333	MThree	0.333333333333	NormalClassifyingCapitalization	1.0	Past	0.666666666667	Future	0.166666666667	Present	0.166666666667	Verb	0.5	Noun	0.5	ZeroDoubleConjunct	1.0	NotCommonChild	1.0	Accusative	0.295454545455	Prepositional	0.0454545454545	Instrumental	0.0454545454545	Dative	0.0454545454545	ZeroCase	0.0454545454545	Locative	0.0454545454545	Genitive	0.0454545454545	Partitive	0.0454545454545	Nominative	0.295454545455	DativeSpecial	0.0454545454545	Vocative	0.0454545454545	RCDemonstrative	0.111111111111	RCNegative	0.111111111111	RCNoun	0.111111111111	RCPossessive	0.111111111111	RCIndefinite	0.111111111111	RCPersonal	0.111111111111	RCReflexive	0.111111111111	RCInterrogative	0.111111111111	RCAttributive	0.111111111111	NoPlacement	1.0	Perfective	0.75	Imperfective	0.25	NotDefaultFiller	1.0	Feminine	0.125	Common	0.125	Masculine	0.625	Neuter	0.125	NoLeftmostPlacement	1.0	UnIterat	0.75	Iterat	0.25	NoRightmostPlacement	1.0	NotLeftConjunct	1.0	PersonFirst	0.25	PersonThird	0.25	PersonSecond	0.25	PersonZero	0.25	Active	0.666666666667	Passive	0.166666666667	VoiceSya	0.166666666667	VerbTransitive	0.625	VerbIntransitive	0.125	VerbIntransitiveSpecial	0.125	VerbTransitiveSpecial	0.125	NotRightConjunct	1.0	Plural_consonant	0.0555555555556	Genitive_Locative_u	0.0555555555556	Locative_u	0.0555555555556	NoSpecialCaseForm	0.555555555556	SpecialVocative	0.0555555555556	GenitivePlural_Zero	0.0555555555556	SpecialPlual	0.0555555555556	NominativePlural_a	0.0555555555556	Genitive_u	0.0555555555556	NoContrast	1.0	NormalCapitalization	1.0	V_Prefixoid	0.0416666666667	POL_Prefixoid	0.0416666666667	PO_Prefixoid	0.0416666666667	Letter_Prefixoid	0.0416666666667	InternMod_Prefixoid	0.0416666666667	Chem_Prefixoid	0.0416666666667	BES_Prefixoid	0.0416666666667	Chemical_Possible	0.0416666666667	VPOL_Prefixoid	0.0416666666667	Eval_Prefixoid	0.0416666666667	InternModEr_Prefixoid	0.0416666666667	Rus_Prefixoid	0.0416666666667	Intern_ReducedPrefixoid	0.0416666666667	NI_Prefixoid	0.0416666666667	Reduced_Prefixoid	0.0416666666667	NAI_Prefixoid	0.0416666666667	Intern_Prefixoid	0.0416666666667	BEZer_Prefixoid	0.0416666666667	InternHy_Prefixoid	0.0416666666667	KOE_Prefixoid	0.0416666666667	ProperNamePrefixoid	0.0416666666667	RusHy_Prefixoid	0.0416666666667	BEZ_Prefixoid	0.0416666666667	NE_Prefixoid	0.0416666666667	ParticipleShortForm	0.5	ParticipleFullForm	0.5	Plural	0.25	Singular	0.75	Four	0.2	SevenEight	0.2	Two	0.2	Three	0.2	FiveAndMore	0.2	AdjectiveFullForm	0.333333333333	AdjectiveShortFlectional	0.333333333333	AdjectiveShortForm	0.333333333333	NounProperNameDimin	0.111111111111	NounProperName	0.111111111111	NounProperGeneral	0.111111111111	NounProperTown	0.111111111111	NounProperSurNameFlective	0.111111111111	NounProperPatronymic	0.111111111111	AdjectiveProper	0.111111111111	AbbrProperGeneral	0.111111111111	NounProperSurNameForeign	0.111111111111	NormalNumberParadigm	1.0	FullRealization	1.0
101	91	договоренностей	договоренностей	488361	488359	Inanimate	1.0	NonReflexive	0.25	ImperfectiveReflexivity	0.25	Reflexive	0.25	FullReflexivity	0.25	NormalMorphForm	1.0	DefectOne	0.2	DefectFour	0.2	Byt	0.2	DefectThree	0.2	DefectTwo	0.2	GTNoun	1.0	NotEllipted	1.0	VocalForm	0.5	NForm	0.5	NotControlled	1.0	ZeroTypeOfCoordination	1.0	NoCompositeness	1.0	DegreeComparative	0.333333333333	DegreeSuperlative	0.333333333333	DegreePositive	0.333333333333	Adverb_With_Hyphen	0.5	Adverb_Un_Hyphen	0.5	DeclensionNominal	1.0	Un_Comp_Suf	1.0	BiAspectual	0.333333333333	MonoAspectual	0.333333333333	Paired	0.333333333333	NoSynthComparative	0.25	FullSynthComparison	0.25	OnlySuperlative	0.25	NoSynthSuperlative	0.25	MTwo	0.333333333333	MOne	0.333333333333	MThree	0.333333333333	NormalClassifyingCapitalization	1.0	Past	0.333333333333	Future	0.333333333333	Present	0.333333333333	Noun	1.0	ZeroDoubleConjunct	1.0	NotCommonChild	1.0	Genitive	0.5	Partitive	0.5	RCDemonstrative	0.111111111111	RCNegative	0.111111111111	RCNoun	0.111111111111	RCPossessive	0.111111111111	RCIndefinite	0.111111111111	RCPersonal	0.111111111111	RCReflexive	0.111111111111	RCInterrogative	0.111111111111	RCAttributive	0.111111111111	NoPlacement	1.0	Perfective	0.5	Imperfective	0.5	NotDefaultFiller	1.0	Feminine	1.0	NoLeftmostPlacement	1.0	UnIterat	0.5	Iterat	0.5	NoRightmostPlacement	1.0	NotLeftConjunct	1.0	PersonFirst	0.25	PersonThird	0.25	PersonSecond	0.25	PersonZero	0.25	Active	0.333333333333	Passive	0.333333333333	VoiceSya	0.333333333333	VerbTransitive	0.25	VerbIntransitive	0.25	VerbIntransitiveSpecial	0.25	VerbTransitiveSpecial	0.25	NotRightConjunct	1.0	NoSpecialCaseForm	1.0	NoContrast	1.0	NormalCapitalization	1.0	V_Prefixoid	0.0416666666667	POL_Prefixoid	0.0416666666667	PO_Prefixoid	0.0416666666667	Letter_Prefixoid	0.0416666666667	InternMod_Prefixoid	0.0416666666667	Chem_Prefixoid	0.0416666666667	BES_Prefixoid	0.0416666666667	Chemical_Possible	0.0416666666667	VPOL_Prefixoid	0.0416666666667	Eval_Prefixoid	0.0416666666667	InternModEr_Prefixoid	0.0416666666667	Rus_Prefixoid	0.0416666666667	Intern_ReducedPrefixoid	0.0416666666667	NI_Prefixoid	0.0416666666667	Reduced_Prefixoid	0.0416666666667	NAI_Prefixoid	0.0416666666667	Intern_Prefixoid	0.0416666666667	BEZer_Prefixoid	0.0416666666667	InternHy_Prefixoid	0.0416666666667	KOE_Prefixoid	0.0416666666667	ProperNamePrefixoid	0.0416666666667	RusHy_Prefixoid	0.0416666666667	BEZ_Prefixoid	0.0416666666667	NE_Prefixoid	0.0416666666667	ParticipleShortForm	0.5	ParticipleFullForm	0.5	Plural	1.0	Four	0.2	SevenEight	0.2	Two	0.2	Three	0.2	FiveAndMore	0.2	AdjectiveFullForm	0.333333333333	AdjectiveShortFlectional	0.333333333333	AdjectiveShortForm	0.333333333333	NounProperNameDimin	0.111111111111	NounProperName	0.111111111111	NounProperGeneral	0.111111111111	NounProperTown	0.111111111111	NounProperSurNameFlective	0.111111111111	NounProperPatronymic	0.111111111111	AdjectiveProper	0.111111111111	AbbrProperGeneral	0.111111111111	NounProperSurNameForeign	0.111111111111	NormalNumberParadigm	1.0	FullRealization	1.0
105	0	Сразу	Сразу	488365	488364	Animate	0.5	Inanimate	0.5	NonReflexive	0.25	ImperfectiveReflexivity	0.25	Reflexive	0.25	FullReflexivity	0.25	NormalMorphForm	1.0	DefectOne	0.2	DefectFour	0.2	Byt	0.2	DefectThree	0.2	DefectTwo	0.2	GTAdverb	1.0	NotEllipted	1.0	VocalForm	0.5	NForm	0.5	NotControlled	1.0	ZeroTypeOfCoordination	1.0	Composite_ComplexNumeral	0.0714285714286	Composite_cko	0.0714285714286	NoCompositeness	0.0714285714286	Composite_cki	0.0714285714286	Composite_o	0.0714285714286	Composite_NumeralFull	0.0714285714286	Composite_NumeralShort	0.0714285714286	Composite_null	0.0714285714286	Composite_iko	0.0714285714286	Composite_sko	0.0714285714286	Composite_e	0.0714285714286	Composite_Numeral	0.0714285714286	Composite_usek	0.0714285714286	Composite_ski	0.0714285714286	DegreePositive	1.0	Adverb_Un_Hyphen	1.0	DeclensionMixed	0.25	DeclensionAdjectival	0.25	DeclensionNominal	0.25	Indeclinable	0.25	Comp_PunctuatorPref	0.0625	Comp_Suffixoid_Num_IJ	0.0625	Comp_PunctuatorPostSeparable	0.0625	Un_Comp_Suf	0.0625	Comp_SuffixoidAbbr	0.0625	Comp_Noun	0.0625	Comp_Suffixoid_Num_J	0.0625	Comp_PunctuatorPost	0.0625	Comp_PunctuatorPrefSeparable	0.0625	Comp_Suffixoid_Num_OJ	0.0625	Comp_Prefixoid	0.0625	Comp_Suffixoid	0.0625	Comp_Suffixoid_Chem	0.0625	Comp_Suffixoid_Num_PercentYJ	0.0625	Comp_Suffixoid_Num_YJ	0.0625	Comp_Adj	0.0625	BiAspectual	0.333333333333	MonoAspectual	0.333333333333	Paired	0.333333333333	NoSynthComparative	1.0	MTwo	0.333333333333	MOne	0.333333333333	MThree	0.333333333333	NormalClassifyingCapitalization	1.0	Past	0.333333333333	Future	0.333333333333	Present	0.333333333333	Adverb	1.0	ZeroDoubleConjunct	1.0	NotCommonChild	1.0	Accusative	0.0909090909091	Prepositional	0.0909090909091	Instrumental	0.0909090909091	Dative	0.0909090909091	ZeroCase	0.0909090909091	Locative	0.0909090909091	Genitive	0.0909090909091	Partitive	0.0909090909091	Nominative	0.0909090909091	DativeSpecial	0.0909090909091	Vocative	0.0909090909091	RCDemonstrative	0.111111111111	RCNegative	0.111111111111	RCNoun	0.111111111111	RCPossessive	0.111111111111	RCIndefinite	0.111111111111	RCPersonal	0.111111111111	RCReflexive	0.111111111111	RCInterrogative	0.111111111111	RCAttributive	0.111111111111	NoPlacement	1.0	Perfective	0.5	Imperfective	0.5	NotDefaultFiller	1.0	Feminine	0.25	Common	0.25	Masculine	0.25	Neuter	0.25	NoLeftmostPlacement	1.0	UnIterat	0.5	Iterat	0.5	NoRightmostPlacement	1.0	NotLeftConjunct	1.0	PersonFirst	0.25	PersonThird	0.25	PersonSecond	0.25	PersonZero	0.25	Active	0.333333333333	Passive	0.333333333333	VoiceSya	0.333333333333	VerbTransitive	0.25	VerbIntransitive	0.25	VerbIntransitiveSpecial	0.25	VerbTransitiveSpecial	0.25	NotRightConjunct	1.0	Plural_consonant	0.111111111111	Genitive_Locative_u	0.111111111111	Locative_u	0.111111111111	NoSpecialCaseForm	0.111111111111	SpecialVocative	0.111111111111	GenitivePlural_Zero	0.111111111111	SpecialPlual	0.111111111111	NominativePlural_a	0.111111111111	Genitive_u	0.111111111111	NoContrast	1.0	NormalCapitalization	1.0	V_Prefixoid	0.0416666666667	POL_Prefixoid	0.0416666666667	PO_Prefixoid	0.0416666666667	Letter_Prefixoid	0.0416666666667	InternMod_Prefixoid	0.0416666666667	Chem_Prefixoid	0.0416666666667	BES_Prefixoid	0.0416666666667	Chemical_Possible	0.0416666666667	VPOL_Prefixoid	0.0416666666667	Eval_Prefixoid	0.0416666666667	InternModEr_Prefixoid	0.0416666666667	Rus_Prefixoid	0.0416666666667	Intern_ReducedPrefixoid	0.0416666666667	NI_Prefixoid	0.0416666666667	Reduced_Prefixoid	0.0416666666667	NAI_Prefixoid	0.0416666666667	Intern_Prefixoid	0.0416666666667	BEZer_Prefixoid	0.0416666666667	InternHy_Prefixoid	0.0416666666667	KOE_Prefixoid	0.0416666666667	ProperNamePrefixoid	0.0416666666667	RusHy_Prefixoid	0.0416666666667	BEZ_Prefixoid	0.0416666666667	NE_Prefixoid	0.0416666666667	ParticipleShortForm	0.5	ParticipleFullForm	0.5	Plural	0.5	Singular	0.5	Four	0.2	SevenEight	0.2	Two	0.2	Three	0.2	FiveAndMore	0.2	AdjectiveFullForm	0.333333333333	AdjectiveShortFlectional	0.333333333333	AdjectiveShortForm	0.333333333333	NounProperNameDimin	0.111111111111	NounProperName	0.111111111111	NounProperGeneral	0.111111111111	NounProperTown	0.111111111111	NounProperSurNameFlective	0.111111111111	NounProperPatronymic	0.111111111111	AdjectiveProper	0.111111111111	AbbrProperGeneral	0.111111111111	NounProperSurNameForeign	0.111111111111	NormalNumberParadigm	1.0	FullRealization	1.0
105	6	после	после	488367	488366	Animate	0.666666666667	Inanimate	0.333333333333	NonReflexive	0.25	ImperfectiveReflexivity	0.25	Reflexive	0.25	FullReflexivity	0.25	NormalMorphForm	1.0	DefectOne	0.2	DefectFour	0.2	Byt	0.2	DefectThree	0.2	DefectTwo	0.2	GTInvariable	0.333333333333	GTAdverb	0.333333333333	GTNoun	0.333333333333	NotEllipted	1.0	VocalForm	0.5	NForm	0.5	NotControlled	1.0	ZeroTypeOfCoordination	1.0	Composite_ComplexNumeral	0.047619047619	Composite_cko	0.047619047619	NoCompositeness	0.380952380952	Composite_cki	0.047619047619	Composite_o	0.047619047619	Composite_NumeralFull	0.047619047619	Composite_NumeralShort	0.047619047619	Composite_null	0.047619047619	Composite_iko	0.047619047619	Composite_sko	0.047619047619	Composite_e	0.047619047619	Composite_Numeral	0.047619047619	Composite_usek	0.047619047619	Composite_ski	0.047619047619	DegreeComparative	0.222222222222	DegreeSuperlative	0.222222222222	DegreePositive	0.555555555556	Adverb_With_Hyphen	0.333333333333	Adverb_Un_Hyphen	0.666666666667	DeclensionMixed	0.166666666667	DeclensionAdjectival	0.166666666667	DeclensionNominal	0.5	Indeclinable	0.166666666667	Comp_PunctuatorPref	0.0416666666667	Comp_Suffixoid_Num_IJ	0.0416666666667	Comp_PunctuatorPostSeparable	0.0416666666667	Un_Comp_Suf	0.375	Comp_SuffixoidAbbr	0.0416666666667	Comp_Noun	0.0416666666667	Comp_Suffixoid_Num_J	0.0416666666667	Comp_PunctuatorPost	0.0416666666667	Comp_PunctuatorPrefSeparable	0.0416666666667	Comp_Suffixoid_Num_OJ	0.0416666666667	Comp_Prefixoid	0.0416666666667	Comp_Suffixoid	0.0416666666667	Comp_Suffixoid_Chem	0.0416666666667	Comp_Suffixoid_Num_PercentYJ	0.0416666666667	Comp_Suffixoid_Num_YJ	0.0416666666667	Comp_Adj	0.0416666666667	BiAspectual	0.333333333333	MonoAspectual	0.333333333333	Paired	0.333333333333	NoSynthComparative	0.5	FullSynthComparison	0.166666666667	OnlySuperlative	0.166666666667	NoSynthSuperlative	0.166666666667	MTwo	0.333333333333	MOne	0.333333333333	MThree	0.333333333333	NormalClassifyingCapitalization	1.0	Past	0.333333333333	Future	0.333333333333	Present	0.333333333333	Preposition	0.333333333333	Noun	0.333333333333	Adverb	0.333333333333	ZeroDoubleConjunct	1.0	NotCommonChild	1.0	Accusative	0.0606060606061	Prepositional	0.227272727273	Instrumental	0.0606060606061	Dative	0.0606060606061	ZeroCase	0.0606060606061	Locative	0.227272727273	Genitive	0.0606060606061	Partitive	0.0606060606061	Nominative	0.0606060606061	DativeSpecial	0.0606060606061	Vocative	0.0606060606061	RCDemonstrative	0.111111111111	RCNegative	0.111111111111	RCNoun	0.111111111111	RCPossessive	0.111111111111	RCIndefinite	0.111111111111	RCPersonal	0.111111111111	RCReflexive	0.111111111111	RCInterrogative	0.111111111111	RCAttributive	0.111111111111	NoPlacement	1.0	Perfective	0.5	Imperfective	0.5	NotDefaultFiller	1.0	Feminine	0.166666666667	Common	0.166666666667	Masculine	0.5	Neuter	0.166666666667	NoLeftmostPlacement	1.0	UnIterat	0.5	Iterat	0.5	NoRightmostPlacement	1.0	NotLeftConjunct	1.0	PersonFirst	0.25	PersonThird	0.25	PersonSecond	0.25	PersonZero	0.25	Active	0.333333333333	Passive	0.333333333333	VoiceSya	0.333333333333	VerbTransitive	0.25	VerbIntransitive	0.25	VerbIntransitiveSpecial	0.25	VerbTransitiveSpecial	0.25	NotRightConjunct	1.0	Plural_consonant	0.0740740740741	Genitive_Locative_u	0.0740740740741	Locative_u	0.0740740740741	NoSpecialCaseForm	0.407407407407	SpecialVocative	0.0740740740741	GenitivePlural_Zero	0.0740740740741	SpecialPlual	0.0740740740741	NominativePlural_a	0.0740740740741	Genitive_u	0.0740740740741	NoContrast	1.0	NormalCapitalization	1.0	V_Prefixoid	0.0416666666667	POL_Prefixoid	0.0416666666667	PO_Prefixoid	0.0416666666667	Letter_Prefixoid	0.0416666666667	InternMod_Prefixoid	0.0416666666667	Chem_Prefixoid	0.0416666666667	BES_Prefixoid	0.0416666666667	Chemical_Possible	0.0416666666667	VPOL_Prefixoid	0.0416666666667	Eval_Prefixoid	0.0416666666667	InternModEr_Prefixoid	0.0416666666667	Rus_Prefixoid	0.0416666666667	Intern_ReducedPrefixoid	0.0416666666667	NI_Prefixoid	0.0416666666667	Reduced_Prefixoid	0.0416666666667	NAI_Prefixoid	0.0416666666667	Intern_Prefixoid	0.0416666666667	BEZer_Prefixoid	0.0416666666667	InternHy_Prefixoid	0.0416666666667	KOE_Prefixoid	0.0416666666667	ProperNamePrefixoid	0.0416666666667	RusHy_Prefixoid	0.0416666666667	BEZ_Prefixoid	0.0416666666667	NE_Prefixoid	0.0416666666667	ParticipleShortForm	0.5	ParticipleFullForm	0.5	Plural	0.333333333333	Singular	0.666666666667	Four	0.2	SevenEight	0.2	Two	0.2	Three	0.2	FiveAndMore	0.2	AdjectiveFullForm	0.333333333333	AdjectiveShortFlectional	0.333333333333	AdjectiveShortForm	0.333333333333	NounProperNameDimin	0.111111111111	NounProperName	0.111111111111	NounProperGeneral	0.111111111111	NounProperTown	0.111111111111	NounProperSurNameFlective	0.111111111111	NounProperPatronymic	0.111111111111	AdjectiveProper	0.111111111111	AbbrProperGeneral	0.111111111111	NounProperSurNameForeign	0.111111111111	NormalNumberParadigm	1.0	FullRealization	1.0
105	12	этого	этого	488366	488365	Animate	0.25	Inanimate	0.75	NonReflexive	0.25	ImperfectiveReflexivity	0.25	Reflexive	0.25	FullReflexivity	0.25	NormalMorphForm	1.0	DefectOne	0.2	DefectFour	0.2	Byt	0.2	DefectThree	0.2	DefectTwo	0.2	GTNoun	0.5	GTAdjectiveAttributive	0.5	NotEllipted	1.0	VocalForm	0.5	NForm	0.5	NotControlled	1.0	ZeroTypeOfCoordination	1.0	Composite_ComplexNumeral	0.0357142857143	Composite_cko	0.0357142857143	NoCompositeness	0.535714285714	Composite_cki	0.0357142857143	Composite_o	0.0357142857143	Composite_NumeralFull	0.0357142857143	Composite_NumeralShort	0.0357142857143	Composite_null	0.0357142857143	Composite_iko	0.0357142857143	Composite_sko	0.0357142857143	Composite_e	0.0357142857143	Composite_Numeral	0.0357142857143	Composite_usek	0.0357142857143	Composite_ski	0.0357142857143	DegreeComparative	0.333333333333	DegreeSuperlative	0.333333333333	DegreePositive	0.333333333333	Adverb_With_Hyphen	0.5	Adverb_Un_Hyphen	0.5	DeclensionMixed	0.125	DeclensionAdjectival	0.125	DeclensionNominal	0.625	Indeclinable	0.125	Comp_PunctuatorPref	0.03125	Comp_Suffixoid_Num_IJ	0.03125	Comp_PunctuatorPostSeparable	0.03125	Un_Comp_Suf	0.53125	Comp_SuffixoidAbbr	0.03125	Comp_Noun	0.03125	Comp_Suffixoid_Num_J	0.03125	Comp_PunctuatorPost	0.03125	Comp_PunctuatorPrefSeparable	0.03125	Comp_Suffixoid_Num_OJ	0.03125	Comp_Prefixoid	0.03125	Comp_Suffixoid	0.03125	Comp_Suffixoid_Chem	0.03125	Comp_Suffixoid_Num_PercentYJ	0.03125	Comp_Suffixoid_Num_YJ	0.03125	Comp_Adj	0.03125	BiAspectual	0.333333333333	MonoAspectual	0.333333333333	Paired	0.333333333333	NoSynthComparative	0.25	FullSynthComparison	0.25	OnlySuperlative	0.25	NoSynthSuperlative	0.25	MTwo	0.333333333333	MOne	0.333333333333	MThree	0.333333333333	NormalClassifyingCapitalization	1.0	Past	0.333333333333	Future	0.333333333333	Present	0.333333333333	Noun	0.5	Pronoun	0.5	ZeroDoubleConjunct	1.0	NotCommonChild	1.0	Accusative	0.166666666667	Genitive	0.416666666667	Partitive	0.416666666667	RCDemonstrative	0.555555555556	RCNegative	0.0555555555556	RCNoun	0.0555555555556	RCPossessive	0.0555555555556	RCIndefinite	0.0555555555556	RCPersonal	0.0555555555556	RCReflexive	0.0555555555556	RCInterrogative	0.0555555555556	RCAttributive	0.0555555555556	NoPlacement	1.0	Perfective	0.5	Imperfective	0.5	NotDefaultFiller	1.0	Masculine	0.25	Neuter	0.75	NoLeftmostPlacement	1.0	UnIterat	0.5	Iterat	0.5	NoRightmostPlacement	1.0	NotLeftConjunct	1.0	PersonFirst	0.25	PersonThird	0.25	PersonSecond	0.25	PersonZero	0.25	Active	0.333333333333	Passive	0.333333333333	VoiceSya	0.333333333333	VerbTransitive	0.25	VerbIntransitive	0.25	VerbIntransitiveSpecial	0.25	VerbTransitiveSpecial	0.25	NotRightConjunct	1.0	Plural_consonant	0.0555555555556	Genitive_Locative_u	0.0555555555556	Locative_u	0.0555555555556	NoSpecialCaseForm	0.555555555556	SpecialVocative	0.0555555555556	GenitivePlural_Zero	0.0555555555556	SpecialPlual	0.0555555555556	NominativePlural_a	0.0555555555556	Genitive_u	0.0555555555556	NoContrast	1.0	NormalCapitalization	1.0	V_Prefixoid	0.0416666666667	POL_Prefixoid	0.0416666666667	PO_Prefixoid	0.0416666666667	Letter_Prefixoid	0.0416666666667	InternMod_Prefixoid	0.0416666666667	Chem_Prefixoid	0.0416666666667	BES_Prefixoid	0.0416666666667	Chemical_Possible	0.0416666666667	VPOL_Prefixoid	0.0416666666667	Eval_Prefixoid	0.0416666666667	InternModEr_Prefixoid	0.0416666666667	Rus_Prefixoid	0.0416666666667	Intern_ReducedPrefixoid	0.0416666666667	NI_Prefixoid	0.0416666666667	Reduced_Prefixoid	0.0416666666667	NAI_Prefixoid	0.0416666666667	Intern_Prefixoid	0.0416666666667	BEZer_Prefixoid	0.0416666666667	InternHy_Prefixoid	0.0416666666667	KOE_Prefixoid	0.0416666666667	ProperNamePrefixoid	0.0416666666667	RusHy_Prefixoid	0.0416666666667	BEZ_Prefixoid	0.0416666666667	NE_Prefixoid	0.0416666666667	ParticipleShortForm	0.5	ParticipleFullForm	0.5	Singular	1.0	Four	0.2	SevenEight	0.2	Two	0.2	Three	0.2	FiveAndMore	0.2	AdjectiveFullForm	0.666666666667	AdjectiveShortFlectional	0.166666666667	AdjectiveShortForm	0.166666666667	NounProperNameDimin	0.111111111111	NounProperName	0.111111111111	NounProperGeneral	0.111111111111	NounProperTown	0.111111111111	NounProperSurNameFlective	0.111111111111	NounProperPatronymic	0.111111111111	AdjectiveProper	0.111111111111	AbbrProperGeneral	0.111111111111	NounProperSurNameForeign	0.111111111111	SingulariaTantum	0.5	NormalNumberParadigm	0.5	FullRealization	1.0
105	18	Туск	Туск	488368	488364	Animate	0.75	Inanimate	0.25	NonReflexive	0.625	ImperfectiveReflexivity	0.125	Reflexive	0.125	FullReflexivity	0.125	NormalMorphForm	1.0	DefectOne	0.2	DefectFour	0.2	Byt	0.2	DefectThree	0.2	DefectTwo	0.2	GTVerb	0.5	GTNoun	0.5	NotEllipted	1.0	VocalForm	0.5	NForm	0.5	NotControlled	1.0	ZeroTypeOfCoordination	1.0	Composite_ComplexNumeral	0.0357142857143	Composite_cko	0.0357142857143	NoCompositeness	0.535714285714	Composite_cki	0.0357142857143	Composite_o	0.0357142857143	Composite_NumeralFull	0.0357142857143	Composite_NumeralShort	0.0357142857143	Composite_null	0.0357142857143	Composite_iko	0.0357142857143	Composite_sko	0.0357142857143	Composite_e	0.0357142857143	Composite_Numeral	0.0357142857143	Composite_usek	0.0357142857143	Composite_ski	0.0357142857143	DegreeComparative	0.333333333333	DegreeSuperlative	0.333333333333	DegreePositive	0.333333333333	Adverb_With_Hyphen	0.5	Adverb_Un_Hyphen	0.5	DeclensionMixed	0.25	DeclensionAdjectival	0.25	DeclensionNominal	0.25	Indeclinable	0.25	Comp_PunctuatorPref	0.03125	Comp_Suffixoid_Num_IJ	0.03125	Comp_PunctuatorPostSeparable	0.03125	Un_Comp_Suf	0.53125	Comp_SuffixoidAbbr	0.03125	Comp_Noun	0.03125	Comp_Suffixoid_Num_J	0.03125	Comp_PunctuatorPost	0.03125	Comp_PunctuatorPrefSeparable	0.03125	Comp_Suffixoid_Num_OJ	0.03125	Comp_Prefixoid	0.03125	Comp_Suffixoid	0.03125	Comp_Suffixoid_Chem	0.03125	Comp_Suffixoid_Num_PercentYJ	0.03125	Comp_Suffixoid_Num_YJ	0.03125	Comp_Adj	0.03125	BiAspectual	0.166666666667	MonoAspectual	0.666666666667	Paired	0.166666666667	NoSynthComparative	0.25	FullSynthComparison	0.25	OnlySuperlative	0.25	NoSynthSuperlative	0.25	MTwo	0.333333333333	MOne	0.333333333333	MThree	0.333333333333	NormalClassifyingCapitalization	1.0	Past	0.666666666667	Future	0.166666666667	Present	0.166666666667	Verb	0.5	Noun	0.5	ZeroDoubleConjunct	1.0	NotCommonChild	1.0	Accusative	0.107954545455	Prepositional	0.107954545455	Instrumental	0.107954545455	Dative	0.107954545455	ZeroCase	0.0454545454545	Locative	0.107954545455	Genitive	0.107954545455	Partitive	0.107954545455	Nominative	0.107954545455	DativeSpecial	0.0454545454545	Vocative	0.0454545454545	RCDemonstrative	0.111111111111	RCNegative	0.111111111111	RCNoun	0.111111111111	RCPossessive	0.111111111111	RCIndefinite	0.111111111111	RCPersonal	0.111111111111	RCReflexive	0.111111111111	RCInterrogative	0.111111111111	RCAttributive	0.111111111111	NoPlacement	1.0	Perfective	0.25	Imperfective	0.75	NotDefaultFiller	1.0	Feminine	0.25	Masculine	0.75	NoLeftmostPlacement	1.0	UnIterat	0.75	Iterat	0.25	NoRightmostPlacement	1.0	NotLeftConjunct	1.0	PersonFirst	0.25	PersonThird	0.25	PersonSecond	0.25	PersonZero	0.25	Active	0.666666666667	Passive	0.166666666667	VoiceSya	0.166666666667	VerbTransitive	0.125	VerbIntransitive	0.625	VerbIntransitiveSpecial	0.125	VerbTransitiveSpecial	0.125	NotRightConjunct	1.0	Plural_consonant	0.0555555555556	Genitive_Locative_u	0.0555555555556	Locative_u	0.0555555555556	NoSpecialCaseForm	0.555555555556	SpecialVocative	0.0555555555556	GenitivePlural_Zero	0.0555555555556	SpecialPlual	0.0555555555556	NominativePlural_a	0.0555555555556	Genitive_u	0.0555555555556	NoContrast	1.0	NormalCapitalization	1.0	V_Prefixoid	0.0416666666667	POL_Prefixoid	0.0416666666667	PO_Prefixoid	0.0416666666667	Letter_Prefixoid	0.0416666666667	InternMod_Prefixoid	0.0416666666667	Chem_Prefixoid	0.0416666666667	BES_Prefixoid	0.0416666666667	Chemical_Possible	0.0416666666667	VPOL_Prefixoid	0.0416666666667	Eval_Prefixoid	0.0416666666667	InternModEr_Prefixoid	0.0416666666667	Rus_Prefixoid	0.0416666666667	Intern_ReducedPrefixoid	0.0416666666667	NI_Prefixoid	0.0416666666667	Reduced_Prefixoid	0.0416666666667	NAI_Prefixoid	0.0416666666667	Intern_Prefixoid	0.0416666666667	BEZer_Prefixoid	0.0416666666667	InternHy_Prefixoid	0.0416666666667	KOE_Prefixoid	0.0416666666667	ProperNamePrefixoid	0.0416666666667	RusHy_Prefixoid	0.0416666666667	BEZ_Prefixoid	0.0416666666667	NE_Prefixoid	0.0416666666667	ParticipleShortForm	0.5	ParticipleFullForm	0.5	Plural	0.25	Singular	0.75	Four	0.2	SevenEight	0.2	Two	0.2	Three	0.2	FiveAndMore	0.2	AdjectiveFullForm	0.333333333333	AdjectiveShortFlectional	0.333333333333	AdjectiveShortForm	0.333333333333	NounProperNameDimin	0.0555555555556	NounProperName	0.0555555555556	NounProperGeneral	0.0555555555556	NounProperTown	0.0555555555556	NounProperPatronymic	0.0555555555556	NounProperSurNameFlective	0.0555555555556	AdjectiveProper	0.0555555555556	AbbrProperGeneral	0.0555555555556	NounProperSurNameForeign	0.555555555556	NormalNumberParadigm	1.0	FullRealization	1.0
105	23	созвал	созвал	488364	-1	Animate	0.5	Inanimate	0.5	ImperfectiveReflexivity	1.0	NormalMorphForm	1.0	DefectOne	0.2	DefectFour	0.2	Byt	0.2	DefectThree	0.2	DefectTwo	0.2	GTVerb	1.0	NotEllipted	1.0	VocalForm	0.5	NForm	0.5	NotControlled	1.0	ZeroTypeOfCoordination	1.0	Composite_ComplexNumeral	0.0714285714286	Composite_cko	0.0714285714286	NoCompositeness	0.0714285714286	Composite_cki	0.0714285714286	Composite_o	0.0714285714286	Composite_NumeralFull	0.0714285714286	Composite_NumeralShort	0.0714285714286	Composite_null	0.0714285714286	Composite_iko	0.0714285714286	Composite_sko	0.0714285714286	Composite_e	0.0714285714286	Composite_Numeral	0.0714285714286	Composite_usek	0.0714285714286	Composite_ski	0.0714285714286	DegreeComparative	0.333333333333	DegreeSuperlative	0.333333333333	DegreePositive	0.333333333333	Adverb_With_Hyphen	0.5	Adverb_Un_Hyphen	0.5	DeclensionMixed	0.25	DeclensionAdjectival	0.25	DeclensionNominal	0.25	Indeclinable	0.25	Comp_PunctuatorPref	0.0625	Comp_Suffixoid_Num_IJ	0.0625	Comp_PunctuatorPostSeparable	0.0625	Un_Comp_Suf	0.0625	Comp_SuffixoidAbbr	0.0625	Comp_Noun	0.0625	Comp_Suffixoid_Num_J	0.0625	Comp_PunctuatorPost	0.0625	Comp_PunctuatorPrefSeparable	0.0625	Comp_Suffixoid_Num_OJ	0.0625	Comp_Prefixoid	0.0625	Comp_Suffixoid	0.0625	Comp_Suffixoid_Chem	0.0625	Comp_Suffixoid_Num_PercentYJ	0.0625	Comp_Suffixoid_Num_YJ	0.0625	Comp_Adj	0.0625	Paired	1.0	NoSynthComparative	0.25	FullSynthComparison	0.25	OnlySuperlative	0.25	NoSynthSuperlative	0.25	MOne	1.0	NormalClassifyingCapitalization	1.0	Past	1.0	Verb	1.0	ZeroDoubleConjunct	1.0	NotCommonChild	1.0	Accusative	0.0909090909091	Prepositional	0.0909090909091	Instrumental	0.0909090909091	Dative	0.0909090909091	ZeroCase	0.0909090909091	Locative	0.0909090909091	Genitive	0.0909090909091	Partitive	0.0909090909091	Nominative	0.0909090909091	DativeSpecial	0.0909090909091	Vocative	0.0909090909091	RCDemonstrative	0.111111111111	RCNegative	0.111111111111	RCNoun	0.111111111111	RCPossessive	0.111111111111	RCIndefinite	0.111111111111	RCPersonal	0.111111111111	RCReflexive	0.111111111111	RCInterrogative	0.111111111111	RCAttributive	0.111111111111	NoPlacement	1.0	Perfective	1.0	NotDefaultFiller	1.0	Masculine	1.0	NoLeftmostPlacement	1.0	UnIterat	1.0	NoRightmostPlacement	1.0	NotLeftConjunct	1.0	PersonFirst	0.25	PersonThird	0.25	PersonSecond	0.25	PersonZero	0.25	Active	1.0	VerbTransitive	1.0	NotRightConjunct	1.0	Plural_consonant	0.111111111111	Genitive_Locative_u	0.111111111111	Locative_u	0.111111111111	NoSpecialCaseForm	0.111111111111	SpecialVocative	0.111111111111	GenitivePlural_Zero	0.111111111111	SpecialPlual	0.111111111111	NominativePlural_a	0.111111111111	Genitive_u	0.111111111111	NoContrast	1.0	NormalCapitalization	1.0	V_Prefixoid	0.0416666666667	POL_Prefixoid	0.0416666666667	PO_Prefixoid	0.0416666666667	Letter_Prefixoid	0.0416666666667	InternMod_Prefixoid	0.0416666666667	Chem_Prefixoid	0.0416666666667	BES_Prefixoid	0.0416666666667	Chemical_Possible	0.0416666666667	VPOL_Prefixoid	0.0416666666667	Eval_Prefixoid	0.0416666666667	InternModEr_Prefixoid	0.0416666666667	Rus_Prefixoid	0.0416666666667	Intern_ReducedPrefixoid	0.0416666666667	NI_Prefixoid	0.0416666666667	Reduced_Prefixoid	0.0416666666667	NAI_Prefixoid	0.0416666666667	Intern_Prefixoid	0.0416666666667	BEZer_Prefixoid	0.0416666666667	InternHy_Prefixoid	0.0416666666667	KOE_Prefixoid	0.0416666666667	ProperNamePrefixoid	0.0416666666667	RusHy_Prefixoid	0.0416666666667	BEZ_Prefixoid	0.0416666666667	NE_Prefixoid	0.0416666666667	ParticipleShortForm	0.5	ParticipleFullForm	0.5	Singular	1.0	Four	0.2	SevenEight	0.2	Two	0.2	Three	0.2	FiveAndMore	0.2	AdjectiveFullForm	0.333333333333	AdjectiveShortFlectional	0.333333333333	AdjectiveShortForm	0.333333333333	NounProperNameDimin	0.111111111111	NounProperName	0.111111111111	NounProperGeneral	0.111111111111	NounProperTown	0.111111111111	NounProperSurNameFlective	0.111111111111	NounProperPatronymic	0.111111111111	AdjectiveProper	0.111111111111	AbbrProperGeneral	0.111111111111	NounProperSurNameForeign	0.111111111111	NormalNumberParadigm	1.0	FullRealization	1.0
105	30	экстренное	экстренное	488370	488369	Animate	0.5	Inanimate	0.5	NonReflexive	0.25	ImperfectiveReflexivity	0.25	Reflexive	0.25	FullReflexivity	0.25	NormalMorphForm	1.0	DefectOne	0.2	DefectFour	0.2	Byt	0.2	DefectThree	0.2	DefectTwo	0.2	GTAdjective	1.0	NotEllipted	1.0	VocalForm	0.5	NForm	0.5	NotControlled	1.0	ZeroTypeOfCoordination	1.0	NoCompositeness	1.0	DegreePositive	1.0	Adverb_With_Hyphen	0.5	Adverb_Un_Hyphen	0.5	DeclensionMixed	0.25	DeclensionAdjectival	0.25	DeclensionNominal	0.25	Indeclinable	0.25	Un_Comp_Suf	1.0	BiAspectual	0.333333333333	MonoAspectual	0.333333333333	Paired	0.333333333333	NoSynthSuperlative	1.0	MTwo	0.333333333333	MOne	0.333333333333	MThree	0.333333333333	NormalClassifyingCapitalization	1.0	Past	0.333333333333	Future	0.333333333333	Present	0.333333333333	Adjective	1.0	ZeroDoubleConjunct	1.0	NotCommonChild	1.0	Accusative	0.5	Nominative	0.5	RCDemonstrative	0.111111111111	RCNegative	0.111111111111	RCNoun	0.111111111111	RCPossessive	0.111111111111	RCIndefinite	0.111111111111	RCPersonal	0.111111111111	RCReflexive	0.111111111111	RCInterrogative	0.111111111111	RCAttributive	0.111111111111	NoPlacement	1.0	Perfective	0.5	Imperfective	0.5	NotDefaultFiller	1.0	Neuter	1.0	NoLeftmostPlacement	1.0	UnIterat	0.5	Iterat	0.5	NoRightmostPlacement	1.0	NotLeftConjunct	1.0	PersonFirst	0.25	PersonThird	0.25	PersonSecond	0.25	PersonZero	0.25	Active	0.333333333333	Passive	0.333333333333	VoiceSya	0.333333333333	VerbTransitive	0.25	VerbIntransitive	0.25	VerbIntransitiveSpecial	0.25	VerbTransitiveSpecial	0.25	NotRightConjunct	1.0	Plural_consonant	0.111111111111	Genitive_Locative_u	0.111111111111	Locative_u	0.111111111111	NoSpecialCaseForm	0.111111111111	SpecialVocative	0.111111111111	GenitivePlural_Zero	0.111111111111	SpecialPlual	0.111111111111	NominativePlural_a	0.111111111111	Genitive_u	0.111111111111	NoContrast	1.0	NormalCapitalization	1.0	V_Prefixoid	0.0416666666667	POL_Prefixoid	0.0416666666667	PO_Prefixoid	0.0416666666667	Letter_Prefixoid	0.0416666666667	InternMod_Prefixoid	0.0416666666667	Chem_Prefixoid	0.0416666666667	BES_Prefixoid	0.0416666666667	Chemical_Possible	0.0416666666667	VPOL_Prefixoid	0.0416666666667	Eval_Prefixoid	0.0416666666667	InternModEr_Prefixoid	0.0416666666667	Rus_Prefixoid	0.0416666666667	Intern_ReducedPrefixoid	0.0416666666667	NI_Prefixoid	0.0416666666667	Reduced_Prefixoid	0.0416666666667	NAI_Prefixoid	0.0416666666667	Intern_Prefixoid	0.0416666666667	BEZer_Prefixoid	0.0416666666667	InternHy_Prefixoid	0.0416666666667	KOE_Prefixoid	0.0416666666667	ProperNamePrefixoid	0.0416666666667	RusHy_Prefixoid	0.0416666666667	BEZ_Prefixoid	0.0416666666667	NE_Prefixoid	0.0416666666667	ParticipleShortForm	0.5	ParticipleFullForm	0.5	Singular	1.0	Four	0.2	SevenEight	0.2	Two	0.2	Three	0.2	FiveAndMore	0.2	AdjectiveFullForm	1.0	NounProperNameDimin	0.111111111111	NounProperName	0.111111111111	NounProperGeneral	0.111111111111	NounProperTown	0.111111111111	NounProperSurNameFlective	0.111111111111	NounProperPatronymic	0.111111111111	AdjectiveProper	0.111111111111	AbbrProperGeneral	0.111111111111	NounProperSurNameForeign	0.111111111111	NormalNumberParadigm	1.0	FullRealization	1.0
105	41	заседание	заседание	488369	488364	Inanimate	1.0	NonReflexive	0.25	ImperfectiveReflexivity	0.25	Reflexive	0.25	FullReflexivity	0.25	NormalMorphForm	1.0	DefectOne	0.2	DefectFour	0.2	Byt	0.2	DefectThree	0.2	DefectTwo	0.2	GTNoun	1.0	NotEllipted	1.0	VocalForm	0.5	NForm	0.5	NotControlled	1.0	ZeroTypeOfCoordination	1.0	NoCompositeness	1.0	DegreeComparative	0.333333333333	DegreeSuperlative	0.333333333333	DegreePositive	0.333333333333	Adverb_With_Hyphen	0.5	Adverb_Un_Hyphen	0.5	DeclensionNominal	1.0	Un_Comp_Suf	1.0	BiAspectual	0.333333333333	MonoAspectual	0.333333333333	Paired	0.333333333333	NoSynthComparative	0.25	FullSynthComparison	0.25	OnlySuperlative	0.25	NoSynthSuperlative	0.25	MTwo	0.333333333333	MOne	0.333333333333	MThree	0.333333333333	NormalClassifyingCapitalization	1.0	Past	0.333333333333	Future	0.333333333333	Present	0.333333333333	Noun	1.0	ZeroDoubleConjunct	1.0	NotCommonChild	1.0	Accusative	0.5	Nominative	0.5	RCDemonstrative	0.111111111111	RCNegative	0.111111111111	RCNoun	0.111111111111	RCPossessive	0.111111111111	RCIndefinite	0.111111111111	RCPersonal	0.111111111111	RCReflexive	0.111111111111	RCInterrogative	0.111111111111	RCAttributive	0.111111111111	NoPlacement	1.0	Perfective	0.5	Imperfective	0.5	NotDefaultFiller	1.0	Neuter	1.0	NoLeftmostPlacement	1.0	UnIterat	0.5	Iterat	0.5	NoRightmostPlacement	1.0	NotLeftConjunct	1.0	PersonFirst	0.25	PersonThird	0.25	PersonSecond	0.25	PersonZero	0.25	Active	0.333333333333	Passive	0.333333333333	VoiceSya	0.333333333333	VerbTransitive	0.25	VerbIntransitive	0.25	VerbIntransitiveSpecial	0.25	VerbTransitiveSpecial	0.25	NotRightConjunct	1.0	NoSpecialCaseForm	1.0	NoContrast	1.0	NormalCapitalization	1.0	V_Prefixoid	0.0416666666667	POL_Prefixoid	0.0416666666667	PO_Prefixoid	0.0416666666667	Letter_Prefixoid	0.0416666666667	InternMod_Prefixoid	0.0416666666667	Chem_Prefixoid	0.0416666666667	BES_Prefixoid	0.0416666666667	Chemical_Possible	0.0416666666667	VPOL_Prefixoid	0.0416666666667	Eval_Prefixoid	0.0416666666667	InternModEr_Prefixoid	0.0416666666667	Rus_Prefixoid	0.0416666666667	Intern_ReducedPrefixoid	0.0416666666667	NI_Prefixoid	0.0416666666667	Reduced_Prefixoid	0.0416666666667	NAI_Prefixoid	0.0416666666667	Intern_Prefixoid	0.0416666666667	BEZer_Prefixoid	0.0416666666667	InternHy_Prefixoid	0.0416666666667	KOE_Prefixoid	0.0416666666667	ProperNamePrefixoid	0.0416666666667	RusHy_Prefixoid	0.0416666666667	BEZ_Prefixoid	0.0416666666667	NE_Prefixoid	0.0416666666667	ParticipleShortForm	0.5	ParticipleFullForm	0.5	Singular	1.0	Four	0.2	SevenEight	0.2	Two	0.2	Three	0.2	FiveAndMore	0.2	AdjectiveFullForm	0.333333333333	AdjectiveShortFlectional	0.333333333333	AdjectiveShortForm	0.333333333333	NounProperNameDimin	0.111111111111	NounProperName	0.111111111111	NounProperGeneral	0.111111111111	NounProperTown	0.111111111111	NounProperSurNameFlective	0.111111111111	NounProperPatronymic	0.111111111111	AdjectiveProper	0.111111111111	AbbrProperGeneral	0.111111111111	NounProperSurNameForeign	0.111111111111	NormalNumberParadigm	1.0	FullRealization	1.0
105	51	правительства	правительства	488371	488369	Inanimate	1.0	NonReflexive	0.25	ImperfectiveReflexivity	0.25	Reflexive	0.25	FullReflexivity	0.25	NormalMorphForm	1.0	DefectOne	0.2	DefectFour	0.2	Byt	0.2	DefectThree	0.2	DefectTwo	0.2	GTNoun	1.0	NotEllipted	1.0	VocalForm	0.5	NForm	0.5	NotControlled	1.0	ZeroTypeOfCoordination	1.0	NoCompositeness	1.0	DegreeComparative	0.333333333333	DegreeSuperlative	0.333333333333	DegreePositive	0.333333333333	Adverb_With_Hyphen	0.5	Adverb_Un_Hyphen	0.5	DeclensionNominal	1.0	Un_Comp_Suf	1.0	BiAspectual	0.333333333333	MonoAspectual	0.333333333333	Paired	0.333333333333	NoSynthComparative	0.25	FullSynthComparison	0.25	OnlySuperlative	0.25	NoSynthSuperlative	0.25	MTwo	0.333333333333	MOne	0.333333333333	MThree	0.333333333333	NormalClassifyingCapitalization	1.0	Past	0.333333333333	Future	0.333333333333	Present	0.333333333333	Noun	1.0	ZeroDoubleConjunct	1.0	NotCommonChild	1.0	Accusative	0.25	Genitive	0.25	Partitive	0.25	Nominative	0.25	RCDemonstrative	0.111111111111	RCNegative	0.111111111111	RCNoun	0.111111111111	RCPossessive	0.111111111111	RCIndefinite	0.111111111111	RCPersonal	0.111111111111	RCReflexive	0.111111111111	RCInterrogative	0.111111111111	RCAttributive	0.111111111111	NoPlacement	1.0	Perfective	0.5	Imperfective	0.5	NotDefaultFiller	1.0	Neuter	1.0	NoLeftmostPlacement	1.0	UnIterat	0.5	Iterat	0.5	NoRightmostPlacement	1.0	NotLeftConjunct	1.0	PersonFirst	0.25	PersonThird	0.25	PersonSecond	0.25	PersonZero	0.25	Active	0.333333333333	Passive	0.333333333333	VoiceSya	0.333333333333	VerbTransitive	0.25	VerbIntransitive	0.25	VerbIntransitiveSpecial	0.25	VerbTransitiveSpecial	0.25	NotRightConjunct	1.0	NominativePlural_a	1.0	NoContrast	1.0	NormalCapitalization	1.0	V_Prefixoid	0.0416666666667	POL_Prefixoid	0.0416666666667	PO_Prefixoid	0.0416666666667	Letter_Prefixoid	0.0416666666667	InternMod_Prefixoid	0.0416666666667	Chem_Prefixoid	0.0416666666667	BES_Prefixoid	0.0416666666667	Chemical_Possible	0.0416666666667	VPOL_Prefixoid	0.0416666666667	Eval_Prefixoid	0.0416666666667	InternModEr_Prefixoid	0.0416666666667	Rus_Prefixoid	0.0416666666667	Intern_ReducedPrefixoid	0.0416666666667	NI_Prefixoid	0.0416666666667	Reduced_Prefixoid	0.0416666666667	NAI_Prefixoid	0.0416666666667	Intern_Prefixoid	0.0416666666667	BEZer_Prefixoid	0.0416666666667	InternHy_Prefixoid	0.0416666666667	KOE_Prefixoid	0.0416666666667	ProperNamePrefixoid	0.0416666666667	RusHy_Prefixoid	0.0416666666667	BEZ_Prefixoid	0.0416666666667	NE_Prefixoid	0.0416666666667	ParticipleShortForm	0.5	ParticipleFullForm	0.5	Plural	0.5	Singular	0.5	Four	0.2	SevenEight	0.2	Two	0.2	Three	0.2	FiveAndMore	0.2	AdjectiveFullForm	0.333333333333	AdjectiveShortFlectional	0.333333333333	AdjectiveShortForm	0.333333333333	NounProperNameDimin	0.111111111111	NounProperName	0.111111111111	NounProperGeneral	0.111111111111	NounProperTown	0.111111111111	NounProperSurNameFlective	0.111111111111	NounProperPatronymic	0.111111111111	AdjectiveProper	0.111111111111	AbbrProperGeneral	0.111111111111	NounProperSurNameForeign	0.111111111111	NormalNumberParadigm	1.0	FullRealization	1.0
105	65	Польши	Польши	488372	488371	Inanimate	1.0	NonReflexive	0.25	ImperfectiveReflexivity	0.25	Reflexive	0.25	FullReflexivity	0.25	NormalMorphForm	1.0	DefectOne	0.2	DefectFour	0.2	Byt	0.2	DefectThree	0.2	DefectTwo	0.2	GTNoun	1.0	NotEllipted	1.0	VocalForm	0.5	NForm	0.5	NotControlled	1.0	ZeroTypeOfCoordination	1.0	NoCompositeness	1.0	DegreeComparative	0.333333333333	DegreeSuperlative	0.333333333333	DegreePositive	0.333333333333	Adverb_With_Hyphen	0.5	Adverb_Un_Hyphen	0.5	DeclensionNominal	1.0	Un_Comp_Suf	1.0	BiAspectual	0.333333333333	MonoAspectual	0.333333333333	Paired	0.333333333333	NoSynthComparative	0.25	FullSynthComparison	0.25	OnlySuperlative	0.25	NoSynthSuperlative	0.25	MTwo	0.333333333333	MOne	0.333333333333	MThree	0.333333333333	NormalClassifyingCapitalization	1.0	Past	0.333333333333	Future	0.333333333333	Present	0.333333333333	Noun	1.0	ZeroDoubleConjunct	1.0	NotCommonChild	1.0	Genitive	0.5	Partitive	0.5	RCDemonstrative	0.111111111111	RCNegative	0.111111111111	RCNoun	0.111111111111	RCPossessive	0.111111111111	RCIndefinite	0.111111111111	RCPersonal	0.111111111111	RCReflexive	0.111111111111	RCInterrogative	0.111111111111	RCAttributive	0.111111111111	NoPlacement	1.0	Perfective	0.5	Imperfective	0.5	NotDefaultFiller	1.0	Feminine	1.0	NoLeftmostPlacement	1.0	UnIterat	0.5	Iterat	0.5	NoRightmostPlacement	1.0	NotLeftConjunct	1.0	PersonFirst	0.25	PersonThird	0.25	PersonSecond	0.25	PersonZero	0.25	Active	0.333333333333	Passive	0.333333333333	VoiceSya	0.333333333333	VerbTransitive	0.25	VerbIntransitive	0.25	VerbIntransitiveSpecial	0.25	VerbTransitiveSpecial	0.25	NotRightConjunct	1.0	NoSpecialCaseForm	1.0	NoContrast	1.0	NormalCapitalization	1.0	V_Prefixoid	0.0416666666667	POL_Prefixoid	0.0416666666667	PO_Prefixoid	0.0416666666667	Letter_Prefixoid	0.0416666666667	InternMod_Prefixoid	0.0416666666667	Chem_Prefixoid	0.0416666666667	BES_Prefixoid	0.0416666666667	Chemical_Possible	0.0416666666667	VPOL_Prefixoid	0.0416666666667	Eval_Prefixoid	0.0416666666667	InternModEr_Prefixoid	0.0416666666667	Rus_Prefixoid	0.0416666666667	Intern_ReducedPrefixoid	0.0416666666667	NI_Prefixoid	0.0416666666667	Reduced_Prefixoid	0.0416666666667	NAI_Prefixoid	0.0416666666667	Intern_Prefixoid	0.0416666666667	BEZer_Prefixoid	0.0416666666667	InternHy_Prefixoid	0.0416666666667	KOE_Prefixoid	0.0416666666667	ProperNamePrefixoid	0.0416666666667	RusHy_Prefixoid	0.0416666666667	BEZ_Prefixoid	0.0416666666667	NE_Prefixoid	0.0416666666667	ParticipleShortForm	0.5	ParticipleFullForm	0.5	Singular	1.0	Four	0.2	SevenEight	0.2	Two	0.2	Three	0.2	FiveAndMore	0.2	AdjectiveFullForm	0.333333333333	AdjectiveShortFlectional	0.333333333333	AdjectiveShortForm	0.333333333333	NounProperGeneral	1.0	SingulariaTantum	1.0	FullRealization	1.0
113	-1			488403	488398
113	0	Это	Это	488396	488395	Animate	0.5	Inanimate	0.5	NonReflexive	0.25	ImperfectiveReflexivity	0.25	Reflexive	0.25	FullReflexivity	0.25	NormalMorphForm	1.0	DefectOne	0.2	DefectFour	0.2	Byt	0.2	DefectThree	0.2	DefectTwo	0.2	GTAdjectiveAttributive	0.333333333333	GTInvariable	0.5	GTNoun	0.166666666667	NotEllipted	1.0	VocalForm	0.5	NForm	0.5	NotControlled	1.0	ZeroTypeOfCoordination	1.0	Composite_ComplexNumeral	0.0714285714286	Composite_cko	0.0714285714286	NoCompositeness	0.0714285714286	Composite_cki	0.0714285714286	Composite_o	0.0714285714286	Composite_NumeralFull	0.0714285714286	Composite_NumeralShort	0.0714285714286	Composite_null	0.0714285714286	Composite_iko	0.0714285714286	Composite_sko	0.0714285714286	Composite_e	0.0714285714286	Composite_Numeral	0.0714285714286	Composite_usek	0.0714285714286	Composite_ski	0.0714285714286	DegreeComparative	0.333333333333	DegreeSuperlative	0.333333333333	DegreePositive	0.333333333333	Adverb_With_Hyphen	0.5	Adverb_Un_Hyphen	0.5	DeclensionMixed	0.25	DeclensionAdjectival	0.25	DeclensionNominal	0.25	Indeclinable	0.25	Comp_PunctuatorPref	0.0416666666667	Comp_Suffixoid_Num_IJ	0.0416666666667	Comp_PunctuatorPostSeparable	0.0416666666667	Un_Comp_Suf	0.375	Comp_SuffixoidAbbr	0.0416666666667	Comp_Noun	0.0416666666667	Comp_Suffixoid_Num_J	0.0416666666667	Comp_PunctuatorPost	0.0416666666667	Comp_PunctuatorPrefSeparable	0.0416666666667	Comp_Suffixoid_Num_OJ	0.0416666666667	Comp_Prefixoid	0.0416666666667	Comp_Suffixoid	0.0416666666667	Comp_Suffixoid_Chem	0.0416666666667	Comp_Suffixoid_Num_PercentYJ	0.0416666666667	Comp_Suffixoid_Num_YJ	0.0416666666667	Comp_Adj	0.0416666666667	BiAspectual	0.333333333333	MonoAspectual	0.333333333333	Paired	0.333333333333	NoSynthComparative	0.25	FullSynthComparison	0.25	OnlySuperlative	0.25	NoSynthSuperlative	0.25	MTwo	0.333333333333	MOne	0.333333333333	MThree	0.333333333333	NormalClassifyingCapitalization	1.0	Past	0.333333333333	Future	0.333333333333	Present	0.333333333333	Particle	0.333333333333	Noun	0.166666666667	Prefixoid	0.166666666667	Pronoun	0.333333333333	ZeroDoubleConjunct	1.0	NotCommonChild	1.0	Accusative	0.227272727273	Prepositional	0.0606060606061	Instrumental	0.0606060606061	Dative	0.0606060606061	ZeroCase	0.0606060606061	Locative	0.0606060606061	Genitive	0.0606060606061	Partitive	0.0606060606061	Nominative	0.227272727273	DativeSpecial	0.0606060606061	Vocative	0.0606060606061	RCDemonstrative	0.407407407407	RCNegative	0.0740740740741	RCNoun	0.0740740740741	RCPossessive	0.0740740740741	RCIndefinite	0.0740740740741	RCPersonal	0.0740740740741	RCReflexive	0.0740740740741	RCInterrogative	0.0740740740741	RCAttributive	0.0740740740741	NoPlacement	1.0	Perfective	0.5	Imperfective	0.5	NotDefaultFiller	1.0	Feminine	0.166666666667	Common	0.166666666667	Masculine	0.166666666667	Neuter	0.5	NoLeftmostPlacement	1.0	UnIterat	0.5	Iterat	0.5	NoRightmostPlacement	1.0	NotLeftConjunct	1.0	PersonFirst	0.25	PersonThird	0.25	PersonSecond	0.25	PersonZero	0.25	Active	0.333333333333	Passive	0.333333333333	VoiceSya	0.333333333333	VerbTransitive	0.25	VerbIntransitive	0.25	VerbIntransitiveSpecial	0.25	VerbTransitiveSpecial	0.25	NotRightConjunct	1.0	Plural_consonant	0.111111111111	Genitive_Locative_u	0.111111111111	Locative_u	0.111111111111	NoSpecialCaseForm	0.111111111111	SpecialVocative	0.111111111111	GenitivePlural_Zero	0.111111111111	SpecialPlual	0.111111111111	NominativePlural_a	0.111111111111	Genitive_u	0.111111111111	NoContrast	1.0	NormalCapitalization	1.0	V_Prefixoid	0.0416666666667	POL_Prefixoid	0.0416666666667	PO_Prefixoid	0.0416666666667	Letter_Prefixoid	0.0416666666667	InternMod_Prefixoid	0.0416666666667	Chem_Prefixoid	0.0416666666667	BES_Prefixoid	0.0416666666667	Chemical_Possible	0.0416666666667	VPOL_Prefixoid	0.0416666666667	Eval_Prefixoid	0.0416666666667	InternModEr_Prefixoid	0.0416666666667	Rus_Prefixoid	0.0416666666667	Intern_ReducedPrefixoid	0.0416666666667	NI_Prefixoid	0.0416666666667	Reduced_Prefixoid	0.0416666666667	NAI_Prefixoid	0.0416666666667	Intern_Prefixoid	0.0416666666667	BEZer_Prefixoid	0.0416666666667	InternHy_Prefixoid	0.0416666666667	KOE_Prefixoid	0.0416666666667	ProperNamePrefixoid	0.0416666666667	RusHy_Prefixoid	0.0416666666667	BEZ_Prefixoid	0.0416666666667	NE_Prefixoid	0.0416666666667	ParticipleShortForm	0.5	ParticipleFullForm	0.5	Plural	0.333333333333	Singular	0.666666666667	Four	0.2	SevenEight	0.2	Two	0.2	Three	0.2	FiveAndMore	0.2	AdjectiveFullForm	0.555555555556	AdjectiveShortFlectional	0.222222222222	AdjectiveShortForm	0.222222222222	NounProperNameDimin	0.111111111111	NounProperName	0.111111111111	NounProperGeneral	0.111111111111	NounProperTown	0.111111111111	NounProperSurNameFlective	0.111111111111	NounProperPatronymic	0.111111111111	AdjectiveProper	0.111111111111	AbbrProperGeneral	0.111111111111	NounProperSurNameForeign	0.111111111111	SingulariaTantum	0.166666666667	NormalNumberParadigm	0.833333333333	FullRealization	1.0
113	4	позволяло	позволяло	488395	-1	Animate	0.5	Inanimate	0.5	ImperfectiveReflexivity	1.0	NormalMorphForm	1.0	DefectOne	0.2	DefectFour	0.2	Byt	0.2	DefectThree	0.2	DefectTwo	0.2	GTVerb	1.0	NotEllipted	1.0	VocalForm	0.5	NForm	0.5	NotControlled	1.0	ZeroTypeOfCoordination	1.0	Composite_ComplexNumeral	0.0714285714286	Composite_cko	0.0714285714286	NoCompositeness	0.0714285714286	Composite_cki	0.0714285714286	Composite_o	0.0714285714286	Composite_NumeralFull	0.0714285714286	Composite_NumeralShort	0.0714285714286	Composite_null	0.0714285714286	Composite_iko	0.0714285714286	Composite_sko	0.0714285714286	Composite_e	0.0714285714286	Composite_Numeral	0.0714285714286	Composite_usek	0.0714285714286	Composite_ski	0.0714285714286	DegreeComparative	0.333333333333	DegreeSuperlative	0.333333333333	DegreePositive	0.333333333333	Adverb_With_Hyphen	0.5	Adverb_Un_Hyphen	0.5	DeclensionMixed	0.25	DeclensionAdjectival	0.25	DeclensionNominal	0.25	Indeclinable	0.25	Comp_PunctuatorPref	0.0625	Comp_Suffixoid_Num_IJ	0.0625	Comp_PunctuatorPostSeparable	0.0625	Un_Comp_Suf	0.0625	Comp_SuffixoidAbbr	0.0625	Comp_Noun	0.0625	Comp_Suffixoid_Num_J	0.0625	Comp_PunctuatorPost	0.0625	Comp_PunctuatorPrefSeparable	0.0625	Comp_Suffixoid_Num_OJ	0.0625	Comp_Prefixoid	0.0625	Comp_Suffixoid	0.0625	Comp_Suffixoid_Chem	0.0625	Comp_Suffixoid_Num_PercentYJ	0.0625	Comp_Suffixoid_Num_YJ	0.0625	Comp_Adj	0.0625	Paired	1.0	NoSynthComparative	0.25	FullSynthComparison	0.25	OnlySuperlative	0.25	NoSynthSuperlative	0.25	MTwo	0.333333333333	MOne	0.333333333333	MThree	0.333333333333	NormalClassifyingCapitalization	1.0	Past	1.0	Verb	1.0	ZeroDoubleConjunct	1.0	NotCommonChild	1.0	Accusative	0.0909090909091	Prepositional	0.0909090909091	Instrumental	0.0909090909091	Dative	0.0909090909091	ZeroCase	0.0909090909091	Locative	0.0909090909091	Genitive	0.0909090909091	Partitive	0.0909090909091	Nominative	0.0909090909091	DativeSpecial	0.0909090909091	Vocative	0.0909090909091	RCDemonstrative	0.111111111111	RCNegative	0.111111111111	RCNoun	0.111111111111	RCPossessive	0.111111111111	RCIndefinite	0.111111111111	RCPersonal	0.111111111111	RCReflexive	0.111111111111	RCInterrogative	0.111111111111	RCAttributive	0.111111111111	NoPlacement	1.0	Imperfective	1.0	NotDefaultFiller	1.0	Neuter	1.0	NoLeftmostPlacement	1.0	UnIterat	1.0	NoRightmostPlacement	1.0	NotLeftConjunct	1.0	PersonFirst	0.25	PersonThird	0.25	PersonSecond	0.25	PersonZero	0.25	Active	1.0	VerbTransitive	1.0	NotRightConjunct	1.0	Plural_consonant	0.111111111111	Genitive_Locative_u	0.111111111111	Locative_u	0.111111111111	NoSpecialCaseForm	0.111111111111	SpecialVocative	0.111111111111	GenitivePlural_Zero	0.111111111111	SpecialPlual	0.111111111111	NominativePlural_a	0.111111111111	Genitive_u	0.111111111111	NoContrast	1.0	NormalCapitalization	1.0	V_Prefixoid	0.0416666666667	POL_Prefixoid	0.0416666666667	PO_Prefixoid	0.0416666666667	Letter_Prefixoid	0.0416666666667	InternMod_Prefixoid	0.0416666666667	Chem_Prefixoid	0.0416666666667	BES_Prefixoid	0.0416666666667	Chemical_Possible	0.0416666666667	VPOL_Prefixoid	0.0416666666667	Eval_Prefixoid	0.0416666666667	InternModEr_Prefixoid	0.0416666666667	Rus_Prefixoid	0.0416666666667	Intern_ReducedPrefixoid	0.0416666666667	NI_Prefixoid	0.0416666666667	Reduced_Prefixoid	0.0416666666667	NAI_Prefixoid	0.0416666666667	Intern_Prefixoid	0.0416666666667	BEZer_Prefixoid	0.0416666666667	InternHy_Prefixoid	0.0416666666667	KOE_Prefixoid	0.0416666666667	ProperNamePrefixoid	0.0416666666667	RusHy_Prefixoid	0.0416666666667	BEZ_Prefixoid	0.0416666666667	NE_Prefixoid	0.0416666666667	ParticipleShortForm	0.5	ParticipleFullForm	0.5	Singular	1.0	Four	0.2	SevenEight	0.2	Two	0.2	Three	0.2	FiveAndMore	0.2	AdjectiveFullForm	0.333333333333	AdjectiveShortFlectional	0.333333333333	AdjectiveShortForm	0.333333333333	NounProperNameDimin	0.111111111111	NounProperName	0.111111111111	NounProperGeneral	0.111111111111	NounProperTown	0.111111111111	NounProperSurNameFlective	0.111111111111	NounProperPatronymic	0.111111111111	AdjectiveProper	0.111111111111	AbbrProperGeneral	0.111111111111	NounProperSurNameForeign	0.111111111111	NormalNumberParadigm	1.0	FullRealization	1.0
113	14	Туску	Туску	488397	488395	Animate	1.0	NonReflexive	0.25	ImperfectiveReflexivity	0.25	Reflexive	0.25	FullReflexivity	0.25	NormalMorphForm	1.0	DefectOne	0.2	DefectFour	0.2	Byt	0.2	DefectThree	0.2	DefectTwo	0.2	GTNoun	1.0	NotEllipted	1.0	VocalForm	0.5	NForm	0.5	NotControlled	1.0	ZeroTypeOfCoordination	1.0	NoCompositeness	1.0	DegreeComparative	0.333333333333	DegreeSuperlative	0.333333333333	DegreePositive	0.333333333333	Adverb_With_Hyphen	0.5	Adverb_Un_Hyphen	0.5	DeclensionMixed	0.25	DeclensionAdjectival	0.25	DeclensionNominal	0.25	Indeclinable	0.25	Un_Comp_Suf	1.0	BiAspectual	0.333333333333	MonoAspectual	0.333333333333	Paired	0.333333333333	NoSynthComparative	0.25	FullSynthComparison	0.25	OnlySuperlative	0.25	NoSynthSuperlative	0.25	MTwo	0.333333333333	MOne	0.333333333333	MThree	0.333333333333	NormalClassifyingCapitalization	1.0	Past	0.333333333333	Future	0.333333333333	Present	0.333333333333	Noun	1.0	ZeroDoubleConjunct	1.0	NotCommonChild	1.0	Dative	1.0	RCDemonstrative	0.111111111111	RCNegative	0.111111111111	RCNoun	0.111111111111	RCPossessive	0.111111111111	RCIndefinite	0.111111111111	RCPersonal	0.111111111111	RCReflexive	0.111111111111	RCInterrogative	0.111111111111	RCAttributive	0.111111111111	NoPlacement	1.0	Perfective	0.5	Imperfective	0.5	NotDefaultFiller	1.0	Masculine	1.0	NoLeftmostPlacement	1.0	UnIterat	0.5	Iterat	0.5	NoRightmostPlacement	1.0	NotLeftConjunct	1.0	PersonFirst	0.25	PersonThird	0.25	PersonSecond	0.25	PersonZero	0.25	Active	0.333333333333	Passive	0.333333333333	VoiceSya	0.333333333333	VerbTransitive	0.25	VerbIntransitive	0.25	VerbIntransitiveSpecial	0.25	VerbTransitiveSpecial	0.25	NotRightConjunct	1.0	NoSpecialCaseForm	1.0	NoContrast	1.0	NormalCapitalization	1.0	V_Prefixoid	0.0416666666667	POL_Prefixoid	0.0416666666667	PO_Prefixoid	0.0416666666667	Letter_Prefixoid	0.0416666666667	InternMod_Prefixoid	0.0416666666667	Chem_Prefixoid	0.0416666666667	BES_Prefixoid	0.0416666666667	Chemical_Possible	0.0416666666667	VPOL_Prefixoid	0.0416666666667	Eval_Prefixoid	0.0416666666667	InternModEr_Prefixoid	0.0416666666667	Rus_Prefixoid	0.0416666666667	Intern_ReducedPrefixoid	0.0416666666667	NI_Prefixoid	0.0416666666667	Reduced_Prefixoid	0.0416666666667	NAI_Prefixoid	0.0416666666667	Intern_Prefixoid	0.0416666666667	BEZer_Prefixoid	0.0416666666667	InternHy_Prefixoid	0.0416666666667	KOE_Prefixoid	0.0416666666667	ProperNamePrefixoid	0.0416666666667	RusHy_Prefixoid	0.0416666666667	BEZ_Prefixoid	0.0416666666667	NE_Prefixoid	0.0416666666667	ParticipleShortForm	0.5	ParticipleFullForm	0.5	Singular	1.0	Four	0.2	SevenEight	0.2	Two	0.2	Three	0.2	FiveAndMore	0.2	AdjectiveFullForm	0.333333333333	AdjectiveShortFlectional	0.333333333333	AdjectiveShortForm	0.333333333333	NounProperSurNameForeign	1.0	NormalNumberParadigm	1.0	FullRealization	1.0
113	20	сохранить	сохранить	488398	488395	Animate	0.5	Inanimate	0.5	FullReflexivity	1.0	NormalMorphForm	1.0	DefectOne	0.2	DefectFour	0.2	Byt	0.2	DefectThree	0.2	DefectTwo	0.2	GTInfinitive	1.0	NotEllipted	1.0	VocalForm	0.5	NForm	0.5	NotControlled	1.0	ZeroTypeOfCoordination	1.0	Composite_ComplexNumeral	0.0714285714286	Composite_cko	0.0714285714286	NoCompositeness	0.0714285714286	Composite_cki	0.0714285714286	Composite_o	0.0714285714286	Composite_NumeralFull	0.0714285714286	Composite_NumeralShort	0.0714285714286	Composite_null	0.0714285714286	Composite_iko	0.0714285714286	Composite_sko	0.0714285714286	Composite_e	0.0714285714286	Composite_Numeral	0.0714285714286	Composite_usek	0.0714285714286	Composite_ski	0.0714285714286	DegreeComparative	0.333333333333	DegreeSuperlative	0.333333333333	DegreePositive	0.333333333333	Adverb_With_Hyphen	0.5	Adverb_Un_Hyphen	0.5	DeclensionMixed	0.25	DeclensionAdjectival	0.25	DeclensionNominal	0.25	Indeclinable	0.25	Comp_PunctuatorPref	0.0625	Comp_Suffixoid_Num_IJ	0.0625	Comp_PunctuatorPostSeparable	0.0625	Un_Comp_Suf	0.0625	Comp_SuffixoidAbbr	0.0625	Comp_Noun	0.0625	Comp_Suffixoid_Num_J	0.0625	Comp_PunctuatorPost	0.0625	Comp_PunctuatorPrefSeparable	0.0625	Comp_Suffixoid_Num_OJ	0.0625	Comp_Prefixoid	0.0625	Comp_Suffixoid	0.0625	Comp_Suffixoid_Chem	0.0625	Comp_Suffixoid_Num_PercentYJ	0.0625	Comp_Suffixoid_Num_YJ	0.0625	Comp_Adj	0.0625	Paired	1.0	NoSynthComparative	0.25	FullSynthComparison	0.25	OnlySuperlative	0.25	NoSynthSuperlative	0.25	MTwo	0.333333333333	MOne	0.333333333333	MThree	0.333333333333	NormalClassifyingCapitalization	1.0	Past	0.333333333333	Future	0.333333333333	Present	0.333333333333	Verb	1.0	ZeroDoubleConjunct	1.0	NotCommonChild	1.0	Accusative	0.0909090909091	Prepositional	0.0909090909091	Instrumental	0.0909090909091	Dative	0.0909090909091	ZeroCase	0.0909090909091	Locative	0.0909090909091	Genitive	0.0909090909091	Partitive	0.0909090909091	Nominative	0.0909090909091	DativeSpecial	0.0909090909091	Vocative	0.0909090909091	RCDemonstrative	0.111111111111	RCNegative	0.111111111111	RCNoun	0.111111111111	RCPossessive	0.111111111111	RCIndefinite	0.111111111111	RCPersonal	0.111111111111	RCReflexive	0.111111111111	RCInterrogative	0.111111111111	RCAttributive	0.111111111111	NoPlacement	1.0	Perfective	1.0	NotDefaultFiller	1.0	Feminine	0.25	Common	0.25	Masculine	0.25	Neuter	0.25	NoLeftmostPlacement	1.0	UnIterat	1.0	NoRightmostPlacement	1.0	NotLeftConjunct	1.0	PersonZero	1.0	Active	1.0	VerbTransitive	1.0	NotRightConjunct	1.0	Plural_consonant	0.111111111111	Genitive_Locative_u	0.111111111111	Locative_u	0.111111111111	NoSpecialCaseForm	0.111111111111	SpecialVocative	0.111111111111	GenitivePlural_Zero	0.111111111111	SpecialPlual	0.111111111111	NominativePlural_a	0.111111111111	Genitive_u	0.111111111111	NoContrast	1.0	NormalCapitalization	1.0	V_Prefixoid	0.0416666666667	POL_Prefixoid	0.0416666666667	PO_Prefixoid	0.0416666666667	Letter_Prefixoid	0.0416666666667	InternMod_Prefixoid	0.0416666666667	Chem_Prefixoid	0.0416666666667	BES_Prefixoid	0.0416666666667	Chemical_Possible	0.0416666666667	VPOL_Prefixoid	0.0416666666667	Eval_Prefixoid	0.0416666666667	InternModEr_Prefixoid	0.0416666666667	Rus_Prefixoid	0.0416666666667	Intern_ReducedPrefixoid	0.0416666666667	NI_Prefixoid	0.0416666666667	Reduced_Prefixoid	0.0416666666667	NAI_Prefixoid	0.0416666666667	Intern_Prefixoid	0.0416666666667	BEZer_Prefixoid	0.0416666666667	InternHy_Prefixoid	0.0416666666667	KOE_Prefixoid	0.0416666666667	ProperNamePrefixoid	0.0416666666667	RusHy_Prefixoid	0.0416666666667	BEZ_Prefixoid	0.0416666666667	NE_Prefixoid	0.0416666666667	ParticipleShortForm	0.5	ParticipleFullForm	0.5	Plural	0.5	Singular	0.5	Four	0.2	SevenEight	0.2	Two	0.2	Three	0.2	FiveAndMore	0.2	AdjectiveFullForm	0.333333333333	AdjectiveShortFlectional	0.333333333333	AdjectiveShortForm	0.333333333333	NounProperNameDimin	0.111111111111	NounProperName	0.111111111111	NounProperGeneral	0.111111111111	NounProperTown	0.111111111111	NounProperSurNameFlective	0.111111111111	NounProperPatronymic	0.111111111111	AdjectiveProper	0.111111111111	AbbrProperGeneral	0.111111111111	NounProperSurNameForeign	0.111111111111	NormalNumberParadigm	1.0	FullRealization	1.0
113	30	за	за	488400	488399	Animate	0.5	Inanimate	0.5	NonReflexive	0.25	ImperfectiveReflexivity	0.25	Reflexive	0.25	FullReflexivity	0.25	NormalMorphForm	1.0	DefectOne	0.2	DefectFour	0.2	Byt	0.2	DefectThree	0.2	DefectTwo	0.2	GTInvariable	0.5	GTAdverb	0.5	NotEllipted	1.0	VocalForm	0.5	NForm	0.5	NotControlled	1.0	ZeroTypeOfCoordination	1.0	Composite_ComplexNumeral	0.0714285714286	Composite_cko	0.0714285714286	NoCompositeness	0.0714285714286	Composite_cki	0.0714285714286	Composite_o	0.0714285714286	Composite_NumeralFull	0.0714285714286	Composite_NumeralShort	0.0714285714286	Composite_null	0.0714285714286	Composite_iko	0.0714285714286	Composite_sko	0.0714285714286	Composite_e	0.0714285714286	Composite_Numeral	0.0714285714286	Composite_usek	0.0714285714286	Composite_ski	0.0714285714286	DegreeComparative	0.166666666667	DegreeSuperlative	0.166666666667	DegreePositive	0.666666666667	Adverb_With_Hyphen	0.25	Adverb_Un_Hyphen	0.75	DeclensionMixed	0.25	DeclensionAdjectival	0.25	DeclensionNominal	0.25	Indeclinable	0.25	Comp_PunctuatorPref	0.0625	Comp_Suffixoid_Num_IJ	0.0625	Comp_PunctuatorPostSeparable	0.0625	Un_Comp_Suf	0.0625	Comp_SuffixoidAbbr	0.0625	Comp_Noun	0.0625	Comp_Suffixoid_Num_J	0.0625	Comp_PunctuatorPost	0.0625	Comp_PunctuatorPrefSeparable	0.0625	Comp_Suffixoid_Num_OJ	0.0625	Comp_Prefixoid	0.0625	Comp_Suffixoid	0.0625	Comp_Suffixoid_Chem	0.0625	Comp_Suffixoid_Num_PercentYJ	0.0625	Comp_Suffixoid_Num_YJ	0.0625	Comp_Adj	0.0625	BiAspectual	0.333333333333	MonoAspectual	0.333333333333	Paired	0.333333333333	NoSynthComparative	0.625	FullSynthComparison	0.125	OnlySuperlative	0.125	NoSynthSuperlative	0.125	MTwo	0.333333333333	MOne	0.333333333333	MThree	0.333333333333	NormalClassifyingCapitalization	1.0	Past	0.333333333333	Future	0.333333333333	Present	0.333333333333	Preposition	0.5	Adverb	0.5	ZeroDoubleConjunct	1.0	NotCommonChild	1.0	Accusative	0.0909090909091	Prepositional	0.0909090909091	Instrumental	0.0909090909091	Dative	0.0909090909091	ZeroCase	0.0909090909091	Locative	0.0909090909091	Genitive	0.0909090909091	Partitive	0.0909090909091	Nominative	0.0909090909091	DativeSpecial	0.0909090909091	Vocative	0.0909090909091	RCDemonstrative	0.111111111111	RCNegative	0.111111111111	RCNoun	0.111111111111	RCPossessive	0.111111111111	RCIndefinite	0.111111111111	RCPersonal	0.111111111111	RCReflexive	0.111111111111	RCInterrogative	0.111111111111	RCAttributive	0.111111111111	NoPlacement	1.0	Perfective	0.5	Imperfective	0.5	NotDefaultFiller	1.0	Feminine	0.25	Common	0.25	Masculine	0.25	Neuter	0.25	NoLeftmostPlacement	1.0	UnIterat	0.5	Iterat	0.5	NoRightmostPlacement	1.0	NotLeftConjunct	1.0	PersonFirst	0.25	PersonThird	0.25	PersonSecond	0.25	PersonZero	0.25	Active	0.333333333333	Passive	0.333333333333	VoiceSya	0.333333333333	VerbTransitive	0.25	VerbIntransitive	0.25	VerbIntransitiveSpecial	0.25	VerbTransitiveSpecial	0.25	NotRightConjunct	1.0	Plural_consonant	0.111111111111	Genitive_Locative_u	0.111111111111	Locative_u	0.111111111111	NoSpecialCaseForm	0.111111111111	SpecialVocative	0.111111111111	GenitivePlural_Zero	0.111111111111	SpecialPlual	0.111111111111	NominativePlural_a	0.111111111111	Genitive_u	0.111111111111	NoContrast	1.0	NormalCapitalization	1.0	V_Prefixoid	0.0416666666667	POL_Prefixoid	0.0416666666667	PO_Prefixoid	0.0416666666667	Letter_Prefixoid	0.0416666666667	InternMod_Prefixoid	0.0416666666667	Chem_Prefixoid	0.0416666666667	BES_Prefixoid	0.0416666666667	Chemical_Possible	0.0416666666667	VPOL_Prefixoid	0.0416666666667	Eval_Prefixoid	0.0416666666667	InternModEr_Prefixoid	0.0416666666667	Rus_Prefixoid	0.0416666666667	Intern_ReducedPrefixoid	0.0416666666667	NI_Prefixoid	0.0416666666667	Reduced_Prefixoid	0.0416666666667	NAI_Prefixoid	0.0416666666667	Intern_Prefixoid	0.0416666666667	BEZer_Prefixoid	0.0416666666667	InternHy_Prefixoid	0.0416666666667	KOE_Prefixoid	0.0416666666667	ProperNamePrefixoid	0.0416666666667	RusHy_Prefixoid	0.0416666666667	BEZ_Prefixoid	0.0416666666667	NE_Prefixoid	0.0416666666667	ParticipleShortForm	0.5	ParticipleFullForm	0.5	Plural	0.5	Singular	0.5	Four	0.2	SevenEight	0.2	Two	0.2	Three	0.2	FiveAndMore	0.2	AdjectiveFullForm	0.333333333333	AdjectiveShortFlectional	0.333333333333	AdjectiveShortForm	0.333333333333	NounProperNameDimin	0.111111111111	NounProperName	0.111111111111	NounProperGeneral	0.111111111111	NounProperTown	0.111111111111	NounProperSurNameFlective	0.111111111111	NounProperPatronymic	0.111111111111	AdjectiveProper	0.111111111111	AbbrProperGeneral	0.111111111111	NounProperSurNameForeign	0.111111111111	NormalNumberParadigm	1.0	FullRealization	1.0
113	33	собой	собой	488399	488398	Animate	0.25	Inanimate	0.75	NonReflexive	0.25	ImperfectiveReflexivity	0.25	Reflexive	0.25	FullReflexivity	0.25	NormalMorphForm	1.0	DefectOne	0.2	DefectFour	0.2	Byt	0.2	DefectThree	0.2	DefectTwo	0.2	GTNoun	1.0	NotEllipted	1.0	VocalForm	0.5	NForm	0.5	NotControlled	1.0	ZeroTypeOfCoordination	1.0	Composite_ComplexNumeral	0.0357142857143	Composite_cko	0.0357142857143	NoCompositeness	0.535714285714	Composite_cki	0.0357142857143	Composite_o	0.0357142857143	Composite_NumeralFull	0.0357142857143	Composite_NumeralShort	0.0357142857143	Composite_null	0.0357142857143	Composite_iko	0.0357142857143	Composite_sko	0.0357142857143	Composite_e	0.0357142857143	Composite_Numeral	0.0357142857143	Composite_usek	0.0357142857143	Composite_ski	0.0357142857143	DegreeComparative	0.333333333333	DegreeSuperlative	0.333333333333	DegreePositive	0.333333333333	Adverb_With_Hyphen	0.5	Adverb_Un_Hyphen	0.5	DeclensionMixed	0.125	DeclensionAdjectival	0.125	DeclensionNominal	0.625	Indeclinable	0.125	Comp_PunctuatorPref	0.03125	Comp_Suffixoid_Num_IJ	0.03125	Comp_PunctuatorPostSeparable	0.03125	Un_Comp_Suf	0.53125	Comp_SuffixoidAbbr	0.03125	Comp_Noun	0.03125	Comp_Suffixoid_Num_J	0.03125	Comp_PunctuatorPost	0.03125	Comp_PunctuatorPrefSeparable	0.03125	Comp_Suffixoid_Num_OJ	0.03125	Comp_Prefixoid	0.03125	Comp_Suffixoid	0.03125	Comp_Suffixoid_Chem	0.03125	Comp_Suffixoid_Num_PercentYJ	0.03125	Comp_Suffixoid_Num_YJ	0.03125	Comp_Adj	0.03125	BiAspectual	0.333333333333	MonoAspectual	0.333333333333	Paired	0.333333333333	NoSynthComparative	0.25	FullSynthComparison	0.25	OnlySuperlative	0.25	NoSynthSuperlative	0.25	MTwo	0.333333333333	MOne	0.333333333333	MThree	0.333333333333	NormalClassifyingCapitalization	1.0	Past	0.333333333333	Future	0.333333333333	Present	0.333333333333	Noun	0.5	Pronoun	0.5	ZeroDoubleConjunct	1.0	NotCommonChild	1.0	Instrumental	1.0	RCDemonstrative	0.0555555555556	RCNegative	0.0555555555556	RCNoun	0.0555555555556	RCPossessive	0.0555555555556	RCIndefinite	0.0555555555556	RCPersonal	0.0555555555556	RCReflexive	0.555555555556	RCInterrogative	0.0555555555556	RCAttributive	0.0555555555556	NoPlacement	1.0	Perfective	0.5	Imperfective	0.5	NotDefaultFiller	1.0	Feminine	0.625	Common	0.125	Masculine	0.125	Neuter	0.125	NoLeftmostPlacement	1.0	UnIterat	0.5	Iterat	0.5	NoRightmostPlacement	1.0	NotLeftConjunct	1.0	PersonFirst	0.125	PersonThird	0.125	PersonZero	0.625	PersonSecond	0.125	Active	0.333333333333	Passive	0.333333333333	VoiceSya	0.333333333333	VerbTransitive	0.25	VerbIntransitive	0.25	VerbIntransitiveSpecial	0.25	VerbTransitiveSpecial	0.25	NotRightConjunct	1.0	Plural_consonant	0.0555555555556	Genitive_Locative_u	0.0555555555556	Locative_u	0.0555555555556	NoSpecialCaseForm	0.555555555556	SpecialVocative	0.0555555555556	GenitivePlural_Zero	0.0555555555556	SpecialPlual	0.0555555555556	NominativePlural_a	0.0555555555556	Genitive_u	0.0555555555556	NoContrast	1.0	NormalCapitalization	1.0	V_Prefixoid	0.0416666666667	POL_Prefixoid	0.0416666666667	PO_Prefixoid	0.0416666666667	Letter_Prefixoid	0.0416666666667	InternMod_Prefixoid	0.0416666666667	Chem_Prefixoid	0.0416666666667	BES_Prefixoid	0.0416666666667	Chemical_Possible	0.0416666666667	VPOL_Prefixoid	0.0416666666667	Eval_Prefixoid	0.0416666666667	InternModEr_Prefixoid	0.0416666666667	Rus_Prefixoid	0.0416666666667	Intern_ReducedPrefixoid	0.0416666666667	NI_Prefixoid	0.0416666666667	Reduced_Prefixoid	0.0416666666667	NAI_Prefixoid	0.0416666666667	Intern_Prefixoid	0.0416666666667	BEZer_Prefixoid	0.0416666666667	InternHy_Prefixoid	0.0416666666667	KOE_Prefixoid	0.0416666666667	ProperNamePrefixoid	0.0416666666667	RusHy_Prefixoid	0.0416666666667	BEZ_Prefixoid	0.0416666666667	NE_Prefixoid	0.0416666666667	ParticipleShortForm	0.5	ParticipleFullForm	0.5	Plural	0.25	Singular	0.75	Four	0.2	SevenEight	0.2	Two	0.2	Three	0.2	FiveAndMore	0.2	AdjectiveFullForm	0.333333333333	AdjectiveShortFlectional	0.333333333333	AdjectiveShortForm	0.333333333333	NounProperNameDimin	0.111111111111	NounProperName	0.111111111111	NounProperGeneral	0.111111111111	NounProperTown	0.111111111111	NounProperSurNameFlective	0.111111111111	NounProperPatronymic	0.111111111111	AdjectiveProper	0.111111111111	AbbrProperGeneral	0.111111111111	NounProperSurNameForeign	0.111111111111	SingulariaTantum	0.5	NormalNumberParadigm	0.5	FullRealization	1.0
113	39	пост	пост	488401	488398	Animate	0.25	Inanimate	0.75	NonReflexive	0.25	ImperfectiveReflexivity	0.25	Reflexive	0.25	FullReflexivity	0.25	NormalMorphForm	1.0	DefectOne	0.2	DefectFour	0.2	Byt	0.2	DefectThree	0.2	DefectTwo	0.2	GTInvariable	0.5	GTNoun	0.5	NotEllipted	1.0	VocalForm	0.5	NForm	0.5	NotControlled	1.0	ZeroTypeOfCoordination	1.0	Composite_ComplexNumeral	0.0357142857143	Composite_cko	0.0357142857143	NoCompositeness	0.535714285714	Composite_cki	0.0357142857143	Composite_o	0.0357142857143	Composite_NumeralFull	0.0357142857143	Composite_NumeralShort	0.0357142857143	Composite_null	0.0357142857143	Composite_iko	0.0357142857143	Composite_sko	0.0357142857143	Composite_e	0.0357142857143	Composite_Numeral	0.0357142857143	Composite_usek	0.0357142857143	Composite_ski	0.0357142857143	DegreeComparative	0.333333333333	DegreeSuperlative	0.333333333333	DegreePositive	0.333333333333	Adverb_With_Hyphen	0.5	Adverb_Un_Hyphen	0.5	DeclensionMixed	0.125	DeclensionAdjectival	0.125	DeclensionNominal	0.625	Indeclinable	0.125	Un_Comp_Suf	1.0	BiAspectual	0.333333333333	MonoAspectual	0.333333333333	Paired	0.333333333333	NoSynthComparative	0.25	FullSynthComparison	0.25	OnlySuperlative	0.25	NoSynthSuperlative	0.25	MTwo	0.333333333333	MOne	0.333333333333	MThree	0.333333333333	NormalClassifyingCapitalization	1.0	Past	0.333333333333	Future	0.333333333333	Present	0.333333333333	Noun	0.5	Prefixoid	0.5	ZeroDoubleConjunct	1.0	NotCommonChild	1.0	Accusative	0.295454545455	Prepositional	0.0454545454545	Instrumental	0.0454545454545	Dative	0.0454545454545	ZeroCase	0.0454545454545	Locative	0.0454545454545	Genitive	0.0454545454545	Partitive	0.0454545454545	Nominative	0.295454545455	DativeSpecial	0.0454545454545	Vocative	0.0454545454545	RCDemonstrative	0.111111111111	RCNegative	0.111111111111	RCNoun	0.111111111111	RCPossessive	0.111111111111	RCIndefinite	0.111111111111	RCPersonal	0.111111111111	RCReflexive	0.111111111111	RCInterrogative	0.111111111111	RCAttributive	0.111111111111	NoPlacement	1.0	Perfective	0.5	Imperfective	0.5	NotDefaultFiller	1.0	Feminine	0.125	Common	0.125	Masculine	0.625	Neuter	0.125	NoLeftmostPlacement	1.0	UnIterat	0.5	Iterat	0.5	NoRightmostPlacement	1.0	NotLeftConjunct	1.0	PersonFirst	0.25	PersonThird	0.25	PersonSecond	0.25	PersonZero	0.25	Active	0.333333333333	Passive	0.333333333333	VoiceSya	0.333333333333	VerbTransitive	0.25	VerbIntransitive	0.25	VerbIntransitiveSpecial	0.25	VerbTransitiveSpecial	0.25	NotRightConjunct	1.0	Plural_consonant	0.0555555555556	Genitive_Locative_u	0.0555555555556	Locative_u	0.555555555556	NoSpecialCaseForm	0.0555555555556	SpecialVocative	0.0555555555556	GenitivePlural_Zero	0.0555555555556	SpecialPlual	0.0555555555556	NominativePlural_a	0.0555555555556	Genitive_u	0.0555555555556	NoContrast	1.0	NormalCapitalization	1.0	V_Prefixoid	0.0208333333333	POL_Prefixoid	0.0208333333333	Intern_ReducedPrefixoid	0.0208333333333	Letter_Prefixoid	0.0208333333333	InternMod_Prefixoid	0.520833333333	Chem_Prefixoid	0.0208333333333	BES_Prefixoid	0.0208333333333	Chemical_Possible	0.0208333333333	VPOL_Prefixoid	0.0208333333333	Eval_Prefixoid	0.0208333333333	InternModEr_Prefixoid	0.0208333333333	Rus_Prefixoid	0.0208333333333	PO_Prefixoid	0.0208333333333	NI_Prefixoid	0.0208333333333	Reduced_Prefixoid	0.0208333333333	NAI_Prefixoid	0.0208333333333	Intern_Prefixoid	0.0208333333333	BEZer_Prefixoid	0.0208333333333	InternHy_Prefixoid	0.0208333333333	KOE_Prefixoid	0.0208333333333	ProperNamePrefixoid	0.0208333333333	RusHy_Prefixoid	0.0208333333333	BEZ_Prefixoid	0.0208333333333	NE_Prefixoid	0.0208333333333	ParticipleShortForm	0.5	ParticipleFullForm	0.5	Plural	0.25	Singular	0.75	Four	0.2	SevenEight	0.2	Two	0.2	Three	0.2	FiveAndMore	0.2	AdjectiveFullForm	0.333333333333	AdjectiveShortFlectional	0.333333333333	AdjectiveShortForm	0.333333333333	NounProperNameDimin	0.111111111111	NounProperName	0.111111111111	NounProperGeneral	0.111111111111	NounProperTown	0.111111111111	NounProperSurNameFlective	0.111111111111	NounProperPatronymic	0.111111111111	AdjectiveProper	0.111111111111	AbbrProperGeneral	0.111111111111	NounProperSurNameForeign	0.111111111111	NormalNumberParadigm	1.0	FullRealization	1.0
113	44	премьер-министра	премьер-министра	488402	488401	Animate	0.666666666667	Inanimate	0.333333333333	NonReflexive	0.25	ImperfectiveReflexivity	0.25	Reflexive	0.25	FullReflexivity	0.25	NormalMorphForm	1.0	DefectOne	0.2	DefectFour	0.2	Byt	0.2	DefectThree	0.2	DefectTwo	0.2	GTNoun	1.0	NotEllipted	1.0	VocalForm	0.5	NForm	0.5	NotControlled	1.0	ZeroTypeOfCoordination	1.0	NoCompositeness	1.0	DegreeComparative	0.333333333333	DegreeSuperlative	0.333333333333	DegreePositive	0.333333333333	Adverb_With_Hyphen	0.5	Adverb_Un_Hyphen	0.5	DeclensionNominal	1.0	Un_Comp_Suf	1.0	BiAspectual	0.333333333333	MonoAspectual	0.333333333333	Paired	0.333333333333	NoSynthComparative	0.25	FullSynthComparison	0.25	OnlySuperlative	0.25	NoSynthSuperlative	0.25	MTwo	0.333333333333	MOne	0.333333333333	MThree	0.333333333333	NormalClassifyingCapitalization	1.0	Past	0.333333333333	Future	0.333333333333	Present	0.333333333333	Noun	1.0	ZeroDoubleConjunct	1.0	NotCommonChild	1.0	Accusative	0.111111111111	Genitive	0.277777777778	Partitive	0.277777777778	Nominative	0.333333333333	RCDemonstrative	0.111111111111	RCNegative	0.111111111111	RCNoun	0.111111111111	RCPossessive	0.111111111111	RCIndefinite	0.111111111111	RCPersonal	0.111111111111	RCReflexive	0.111111111111	RCInterrogative	0.111111111111	RCAttributive	0.111111111111	NoPlacement	1.0	Perfective	0.5	Imperfective	0.5	NotDefaultFiller	1.0	Feminine	0.333333333333	Masculine	0.666666666667	NoLeftmostPlacement	1.0	UnIterat	0.5	Iterat	0.5	NoRightmostPlacement	1.0	NotLeftConjunct	1.0	PersonFirst	0.25	PersonThird	0.25	PersonSecond	0.25	PersonZero	0.25	Active	0.333333333333	Passive	0.333333333333	VoiceSya	0.333333333333	VerbTransitive	0.25	VerbIntransitive	0.25	VerbIntransitiveSpecial	0.25	VerbTransitiveSpecial	0.25	NotRightConjunct	1.0	NoSpecialCaseForm	1.0	NoContrast	1.0	NormalCapitalization	1.0	V_Prefixoid	0.0416666666667	POL_Prefixoid	0.0416666666667	PO_Prefixoid	0.0416666666667	Letter_Prefixoid	0.0416666666667	InternMod_Prefixoid	0.0416666666667	Chem_Prefixoid	0.0416666666667	BES_Prefixoid	0.0416666666667	Chemical_Possible	0.0416666666667	VPOL_Prefixoid	0.0416666666667	Eval_Prefixoid	0.0416666666667	InternModEr_Prefixoid	0.0416666666667	Rus_Prefixoid	0.0416666666667	Intern_ReducedPrefixoid	0.0416666666667	NI_Prefixoid	0.0416666666667	Reduced_Prefixoid	0.0416666666667	NAI_Prefixoid	0.0416666666667	Intern_Prefixoid	0.0416666666667	BEZer_Prefixoid	0.0416666666667	InternHy_Prefixoid	0.0416666666667	KOE_Prefixoid	0.0416666666667	ProperNamePrefixoid	0.0416666666667	RusHy_Prefixoid	0.0416666666667	BEZ_Prefixoid	0.0416666666667	NE_Prefixoid	0.0416666666667	ParticipleShortForm	0.5	ParticipleFullForm	0.5	Plural	0.333333333333	Singular	0.666666666667	Four	0.2	SevenEight	0.2	Two	0.2	Three	0.2	FiveAndMore	0.2	AdjectiveFullForm	0.333333333333	AdjectiveShortFlectional	0.333333333333	AdjectiveShortForm	0.333333333333	NounProperNameDimin	0.111111111111	NounProperName	0.111111111111	NounProperGeneral	0.111111111111	NounProperTown	0.111111111111	NounProperSurNameFlective	0.111111111111	NounProperPatronymic	0.111111111111	AdjectiveProper	0.111111111111	AbbrProperGeneral	0.111111111111	NounProperSurNameForeign	0.111111111111	NormalNumberParadigm	1.0	FullRealization	1.0
115	-1			488404	-1
115	-1			488412	488406
115	0	Туск	Туск	488405	488404	Animate	0.75	Inanimate	0.25	NonReflexive	0.625	ImperfectiveReflexivity	0.125	Reflexive	0.125	FullReflexivity	0.125	NormalMorphForm	1.0	DefectOne	0.2	DefectFour	0.2	Byt	0.2	DefectThree	0.2	DefectTwo	0.2	GTVerb	0.5	GTNoun	0.5	NotEllipted	1.0	VocalForm	0.5	NForm	0.5	NotControlled	1.0	ZeroTypeOfCoordination	1.0	Composite_ComplexNumeral	0.0357142857143	Composite_cko	0.0357142857143	NoCompositeness	0.535714285714	Composite_cki	0.0357142857143	Composite_o	0.0357142857143	Composite_NumeralFull	0.0357142857143	Composite_NumeralShort	0.0357142857143	Composite_null	0.0357142857143	Composite_iko	0.0357142857143	Composite_sko	0.0357142857143	Composite_e	0.0357142857143	Composite_Numeral	0.0357142857143	Composite_usek	0.0357142857143	Composite_ski	0.0357142857143	DegreeComparative	0.333333333333	DegreeSuperlative	0.333333333333	DegreePositive	0.333333333333	Adverb_With_Hyphen	0.5	Adverb_Un_Hyphen	0.5	DeclensionMixed	0.25	DeclensionAdjectival	0.25	DeclensionNominal	0.25	Indeclinable	0.25	Comp_PunctuatorPref	0.03125	Comp_Suffixoid_Num_IJ	0.03125	Comp_PunctuatorPostSeparable	0.03125	Un_Comp_Suf	0.53125	Comp_SuffixoidAbbr	0.03125	Comp_Noun	0.03125	Comp_Suffixoid_Num_J	0.03125	Comp_PunctuatorPost	0.03125	Comp_PunctuatorPrefSeparable	0.03125	Comp_Suffixoid_Num_OJ	0.03125	Comp_Prefixoid	0.03125	Comp_Suffixoid	0.03125	Comp_Suffixoid_Chem	0.03125	Comp_Suffixoid_Num_PercentYJ	0.03125	Comp_Suffixoid_Num_YJ	0.03125	Comp_Adj	0.03125	BiAspectual	0.166666666667	MonoAspectual	0.666666666667	Paired	0.166666666667	NoSynthComparative	0.25	FullSynthComparison	0.25	OnlySuperlative	0.25	NoSynthSuperlative	0.25	MTwo	0.333333333333	MOne	0.333333333333	MThree	0.333333333333	NormalClassifyingCapitalization	1.0	Past	0.666666666667	Future	0.166666666667	Present	0.166666666667	Verb	0.5	Noun	0.5	ZeroDoubleConjunct	1.0	NotCommonChild	1.0	Accusative	0.107954545455	Prepositional	0.107954545455	Instrumental	0.107954545455	Dative	0.107954545455	ZeroCase	0.0454545454545	Locative	0.107954545455	Genitive	0.107954545455	Partitive	0.107954545455	Nominative	0.107954545455	DativeSpecial	0.0454545454545	Vocative	0.0454545454545	RCDemonstrative	0.111111111111	RCNegative	0.111111111111	RCNoun	0.111111111111	RCPossessive	0.111111111111	RCIndefinite	0.111111111111	RCPersonal	0.111111111111	RCReflexive	0.111111111111	RCInterrogative	0.111111111111	RCAttributive	0.111111111111	NoPlacement	1.0	Perfective	0.25	Imperfective	0.75	NotDefaultFiller	1.0	Feminine	0.25	Masculine	0.75	NoLeftmostPlacement	1.0	UnIterat	0.75	Iterat	0.25	NoRightmostPlacement	1.0	NotLeftConjunct	1.0	PersonFirst	0.25	PersonThird	0.25	PersonSecond	0.25	PersonZero	0.25	Active	0.666666666667	Passive	0.166666666667	VoiceSya	0.166666666667	VerbTransitive	0.125	VerbIntransitive	0.625	VerbIntransitiveSpecial	0.125	VerbTransitiveSpecial	0.125	NotRightConjunct	1.0	Plural_consonant	0.0555555555556	Genitive_Locative_u	0.0555555555556	Locative_u	0.0555555555556	NoSpecialCaseForm	0.555555555556	SpecialVocative	0.0555555555556	GenitivePlural_Zero	0.0555555555556	SpecialPlual	0.0555555555556	NominativePlural_a	0.0555555555556	Genitive_u	0.0555555555556	NoContrast	1.0	NormalCapitalization	1.0	V_Prefixoid	0.0416666666667	POL_Prefixoid	0.0416666666667	PO_Prefixoid	0.0416666666667	Letter_Prefixoid	0.0416666666667	InternMod_Prefixoid	0.0416666666667	Chem_Prefixoid	0.0416666666667	BES_Prefixoid	0.0416666666667	Chemical_Possible	0.0416666666667	VPOL_Prefixoid	0.0416666666667	Eval_Prefixoid	0.0416666666667	InternModEr_Prefixoid	0.0416666666667	Rus_Prefixoid	0.0416666666667	Intern_ReducedPrefixoid	0.0416666666667	NI_Prefixoid	0.0416666666667	Reduced_Prefixoid	0.0416666666667	NAI_Prefixoid	0.0416666666667	Intern_Prefixoid	0.0416666666667	BEZer_Prefixoid	0.0416666666667	InternHy_Prefixoid	0.0416666666667	KOE_Prefixoid	0.0416666666667	ProperNamePrefixoid	0.0416666666667	RusHy_Prefixoid	0.0416666666667	BEZ_Prefixoid	0.0416666666667	NE_Prefixoid	0.0416666666667	ParticipleShortForm	0.5	ParticipleFullForm	0.5	Plural	0.25	Singular	0.75	Four	0.2	SevenEight	0.2	Two	0.2	Three	0.2	FiveAndMore	0.2	AdjectiveFullForm	0.333333333333	AdjectiveShortFlectional	0.333333333333	AdjectiveShortForm	0.333333333333	NounProperNameDimin	0.0555555555556	NounProperName	0.0555555555556	NounProperGeneral	0.0555555555556	NounProperTown	0.0555555555556	NounProperPatronymic	0.0555555555556	NounProperSurNameFlective	0.0555555555556	AdjectiveProper	0.0555555555556	AbbrProperGeneral	0.0555555555556	NounProperSurNameForeign	0.555555555556	NormalNumberParadigm	1.0	FullRealization	1.0
115	5	известен	известен	488406	488404	Animate	0.5	Inanimate	0.5	NonReflexive	0.25	ImperfectiveReflexivity	0.25	Reflexive	0.25	FullReflexivity	0.25	NormalMorphForm	1.0	DefectOne	0.2	DefectFour	0.2	Byt	0.2	DefectThree	0.2	DefectTwo	0.2	GTAdjective	1.0	NotEllipted	1.0	VocalForm	0.5	NForm	0.5	NotControlled	1.0	ZeroTypeOfCoordination	1.0	NoCompositeness	1.0	DegreePositive	1.0	Adverb_With_Hyphen	0.5	Adverb_Un_Hyphen	0.5	DeclensionMixed	0.25	DeclensionAdjectival	0.25	DeclensionNominal	0.25	Indeclinable	0.25	Un_Comp_Suf	1.0	BiAspectual	0.333333333333	MonoAspectual	0.333333333333	Paired	0.333333333333	FullSynthComparison	1.0	MTwo	0.333333333333	MOne	0.333333333333	MThree	0.333333333333	NormalClassifyingCapitalization	1.0	Past	0.333333333333	Future	0.333333333333	Present	0.333333333333	Adjective	1.0	ZeroDoubleConjunct	1.0	NotCommonChild	1.0	ZeroCase	1.0	RCDemonstrative	0.111111111111	RCNegative	0.111111111111	RCNoun	0.111111111111	RCPossessive	0.111111111111	RCIndefinite	0.111111111111	RCPersonal	0.111111111111	RCReflexive	0.111111111111	RCInterrogative	0.111111111111	RCAttributive	0.111111111111	NoPlacement	1.0	Perfective	0.5	Imperfective	0.5	NotDefaultFiller	1.0	Masculine	1.0	NoLeftmostPlacement	1.0	UnIterat	0.5	Iterat	0.5	NoRightmostPlacement	1.0	NotLeftConjunct	1.0	PersonFirst	0.25	PersonThird	0.25	PersonSecond	0.25	PersonZero	0.25	Active	0.333333333333	Passive	0.333333333333	VoiceSya	0.333333333333	VerbTransitive	0.25	VerbIntransitive	0.25	VerbIntransitiveSpecial	0.25	VerbTransitiveSpecial	0.25	NotRightConjunct	1.0	Plural_consonant	0.111111111111	Genitive_Locative_u	0.111111111111	Locative_u	0.111111111111	NoSpecialCaseForm	0.111111111111	SpecialVocative	0.111111111111	GenitivePlural_Zero	0.111111111111	SpecialPlual	0.111111111111	NominativePlural_a	0.111111111111	Genitive_u	0.111111111111	NoContrast	1.0	NormalCapitalization	1.0	V_Prefixoid	0.0416666666667	POL_Prefixoid	0.0416666666667	PO_Prefixoid	0.0416666666667	Letter_Prefixoid	0.0416666666667	InternMod_Prefixoid	0.0416666666667	Chem_Prefixoid	0.0416666666667	BES_Prefixoid	0.0416666666667	Chemical_Possible	0.0416666666667	VPOL_Prefixoid	0.0416666666667	Eval_Prefixoid	0.0416666666667	InternModEr_Prefixoid	0.0416666666667	Rus_Prefixoid	0.0416666666667	Intern_ReducedPrefixoid	0.0416666666667	NI_Prefixoid	0.0416666666667	Reduced_Prefixoid	0.0416666666667	NAI_Prefixoid	0.0416666666667	Intern_Prefixoid	0.0416666666667	BEZer_Prefixoid	0.0416666666667	InternHy_Prefixoid	0.0416666666667	KOE_Prefixoid	0.0416666666667	ProperNamePrefixoid	0.0416666666667	RusHy_Prefixoid	0.0416666666667	BEZ_Prefixoid	0.0416666666667	NE_Prefixoid	0.0416666666667	ParticipleShortForm	0.5	ParticipleFullForm	0.5	Singular	1.0	Four	0.2	SevenEight	0.2	Two	0.2	Three	0.2	FiveAndMore	0.2	AdjectiveShortForm	1.0	NounProperNameDimin	0.111111111111	NounProperName	0.111111111111	NounProperGeneral	0.111111111111	NounProperTown	0.111111111111	NounProperSurNameFlective	0.111111111111	NounProperPatronymic	0.111111111111	AdjectiveProper	0.111111111111	AbbrProperGeneral	0.111111111111	NounProperSurNameForeign	0.111111111111	NormalNumberParadigm	1.0	FullRealization	1.0
115	14	своей	своей	488408	488407	Animate	0.5	Inanimate	0.5	NonReflexive	0.25	ImperfectiveReflexivity	0.25	Reflexive	0.25	FullReflexivity	0.25	NormalMorphForm	1.0	DefectOne	0.2	DefectFour	0.2	Byt	0.2	DefectThree	0.2	DefectTwo	0.2	GTAdjectiveAttributive	1.0	NotEllipted	1.0	VocalForm	0.5	NForm	0.5	NotControlled	1.0	ZeroTypeOfCoordination	1.0	Composite_ComplexNumeral	0.0714285714286	Composite_cko	0.0714285714286	NoCompositeness	0.0714285714286	Composite_cki	0.0714285714286	Composite_o	0.0714285714286	Composite_NumeralFull	0.0714285714286	Composite_NumeralShort	0.0714285714286	Composite_null	0.0714285714286	Composite_iko	0.0714285714286	Composite_sko	0.0714285714286	Composite_e	0.0714285714286	Composite_Numeral	0.0714285714286	Composite_usek	0.0714285714286	Composite_ski	0.0714285714286	DegreeComparative	0.333333333333	DegreeSuperlative	0.333333333333	DegreePositive	0.333333333333	Adverb_With_Hyphen	0.5	Adverb_Un_Hyphen	0.5	DeclensionMixed	0.25	DeclensionAdjectival	0.25	DeclensionNominal	0.25	Indeclinable	0.25	Comp_PunctuatorPref	0.0625	Comp_Suffixoid_Num_IJ	0.0625	Comp_PunctuatorPostSeparable	0.0625	Un_Comp_Suf	0.0625	Comp_SuffixoidAbbr	0.0625	Comp_Noun	0.0625	Comp_Suffixoid_Num_J	0.0625	Comp_PunctuatorPost	0.0625	Comp_PunctuatorPrefSeparable	0.0625	Comp_Suffixoid_Num_OJ	0.0625	Comp_Prefixoid	0.0625	Comp_Suffixoid	0.0625	Comp_Suffixoid_Chem	0.0625	Comp_Suffixoid_Num_PercentYJ	0.0625	Comp_Suffixoid_Num_YJ	0.0625	Comp_Adj	0.0625	BiAspectual	0.333333333333	MonoAspectual	0.333333333333	Paired	0.333333333333	NoSynthComparative	0.25	FullSynthComparison	0.25	OnlySuperlative	0.25	NoSynthSuperlative	0.25	MTwo	0.333333333333	MOne	0.333333333333	MThree	0.333333333333	NormalClassifyingCapitalization	1.0	Past	0.333333333333	Future	0.333333333333	Present	0.333333333333	Pronoun	1.0	ZeroDoubleConjunct	1.0	NotCommonChild	1.0	Prepositional	0.166666666667	Instrumental	0.166666666667	Dative	0.166666666667	Locative	0.166666666667	Genitive	0.166666666667	Partitive	0.166666666667	RCPossessive	1.0	NoPlacement	1.0	Perfective	0.5	Imperfective	0.5	NotDefaultFiller	1.0	Feminine	1.0	NoLeftmostPlacement	1.0	UnIterat	0.5	Iterat	0.5	NoRightmostPlacement	1.0	NotLeftConjunct	1.0	PersonFirst	0.25	PersonThird	0.25	PersonSecond	0.25	PersonZero	0.25	Active	0.333333333333	Passive	0.333333333333	VoiceSya	0.333333333333	VerbTransitive	0.25	VerbIntransitive	0.25	VerbIntransitiveSpecial	0.25	VerbTransitiveSpecial	0.25	NotRightConjunct	1.0	Plural_consonant	0.111111111111	Genitive_Locative_u	0.111111111111	Locative_u	0.111111111111	NoSpecialCaseForm	0.111111111111	SpecialVocative	0.111111111111	GenitivePlural_Zero	0.111111111111	SpecialPlual	0.111111111111	NominativePlural_a	0.111111111111	Genitive_u	0.111111111111	NoContrast	1.0	NormalCapitalization	1.0	V_Prefixoid	0.0416666666667	POL_Prefixoid	0.0416666666667	PO_Prefixoid	0.0416666666667	Letter_Prefixoid	0.0416666666667	InternMod_Prefixoid	0.0416666666667	Chem_Prefixoid	0.0416666666667	BES_Prefixoid	0.0416666666667	Chemical_Possible	0.0416666666667	VPOL_Prefixoid	0.0416666666667	Eval_Prefixoid	0.0416666666667	InternModEr_Prefixoid	0.0416666666667	Rus_Prefixoid	0.0416666666667	Intern_ReducedPrefixoid	0.0416666666667	NI_Prefixoid	0.0416666666667	Reduced_Prefixoid	0.0416666666667	NAI_Prefixoid	0.0416666666667	Intern_Prefixoid	0.0416666666667	BEZer_Prefixoid	0.0416666666667	InternHy_Prefixoid	0.0416666666667	KOE_Prefixoid	0.0416666666667	ProperNamePrefixoid	0.0416666666667	RusHy_Prefixoid	0.0416666666667	BEZ_Prefixoid	0.0416666666667	NE_Prefixoid	0.0416666666667	ParticipleShortForm	0.5	ParticipleFullForm	0.5	Singular	1.0	Four	0.2	SevenEight	0.2	Two	0.2	Three	0.2	FiveAndMore	0.2	AdjectiveFullForm	1.0	NounProperNameDimin	0.111111111111	NounProperName	0.111111111111	NounProperGeneral	0.111111111111	NounProperTown	0.111111111111	NounProperSurNameFlective	0.111111111111	NounProperPatronymic	0.111111111111	AdjectiveProper	0.111111111111	AbbrProperGeneral	0.111111111111	NounProperSurNameForeign	0.111111111111	NormalNumberParadigm	1.0	FullRealization	1.0
115	20	любовью	любовью	488407	488406	Inanimate	1.0	NonReflexive	0.25	ImperfectiveReflexivity	0.25	Reflexive	0.25	FullReflexivity	0.25	NormalMorphForm	1.0	DefectOne	0.2	DefectFour	0.2	Byt	0.2	DefectThree	0.2	DefectTwo	0.2	GTNoun	1.0	NotEllipted	1.0	VocalForm	0.5	NForm	0.5	NotControlled	1.0	ZeroTypeOfCoordination	1.0	NoCompositeness	1.0	DegreeComparative	0.333333333333	DegreeSuperlative	0.333333333333	DegreePositive	0.333333333333	Adverb_With_Hyphen	0.5	Adverb_Un_Hyphen	0.5	DeclensionNominal	1.0	Un_Comp_Suf	1.0	BiAspectual	0.333333333333	MonoAspectual	0.333333333333	Paired	0.333333333333	NoSynthComparative	0.25	FullSynthComparison	0.25	OnlySuperlative	0.25	NoSynthSuperlative	0.25	MTwo	0.333333333333	MOne	0.333333333333	MThree	0.333333333333	NormalClassifyingCapitalization	1.0	Past	0.333333333333	Future	0.333333333333	Present	0.333333333333	Noun	1.0	ZeroDoubleConjunct	1.0	NotCommonChild	1.0	Instrumental	1.0	RCDemonstrative	0.111111111111	RCNegative	0.111111111111	RCNoun	0.111111111111	RCPossessive	0.111111111111	RCIndefinite	0.111111111111	RCPersonal	0.111111111111	RCReflexive	0.111111111111	RCInterrogative	0.111111111111	RCAttributive	0.111111111111	NoPlacement	1.0	Perfective	0.5	Imperfective	0.5	NotDefaultFiller	1.0	Feminine	1.0	NoLeftmostPlacement	1.0	UnIterat	0.5	Iterat	0.5	NoRightmostPlacement	1.0	NotLeftConjunct	1.0	PersonFirst	0.25	PersonThird	0.25	PersonSecond	0.25	PersonZero	0.25	Active	0.333333333333	Passive	0.333333333333	VoiceSya	0.333333333333	VerbTransitive	0.25	VerbIntransitive	0.25	VerbIntransitiveSpecial	0.25	VerbTransitiveSpecial	0.25	NotRightConjunct	1.0	NoSpecialCaseForm	1.0	NoContrast	1.0	NormalCapitalization	1.0	V_Prefixoid	0.0416666666667	POL_Prefixoid	0.0416666666667	PO_Prefixoid	0.0416666666667	Letter_Prefixoid	0.0416666666667	InternMod_Prefixoid	0.0416666666667	Chem_Prefixoid	0.0416666666667	BES_Prefixoid	0.0416666666667	Chemical_Possible	0.0416666666667	VPOL_Prefixoid	0.0416666666667	Eval_Prefixoid	0.0416666666667	InternModEr_Prefixoid	0.0416666666667	Rus_Prefixoid	0.0416666666667	Intern_ReducedPrefixoid	0.0416666666667	NI_Prefixoid	0.0416666666667	Reduced_Prefixoid	0.0416666666667	NAI_Prefixoid	0.0416666666667	Intern_Prefixoid	0.0416666666667	BEZer_Prefixoid	0.0416666666667	InternHy_Prefixoid	0.0416666666667	KOE_Prefixoid	0.0416666666667	ProperNamePrefixoid	0.0416666666667	RusHy_Prefixoid	0.0416666666667	BEZ_Prefixoid	0.0416666666667	NE_Prefixoid	0.0416666666667	ParticipleShortForm	0.5	ParticipleFullForm	0.5	Singular	1.0	Four	0.2	SevenEight	0.2	Two	0.2	Three	0.2	FiveAndMore	0.2	AdjectiveFullForm	0.333333333333	AdjectiveShortFlectional	0.333333333333	AdjectiveShortForm	0.333333333333	NounProperNameDimin	0.111111111111	NounProperName	0.111111111111	NounProperGeneral	0.111111111111	NounProperTown	0.111111111111	NounProperSurNameFlective	0.111111111111	NounProperPatronymic	0.111111111111	AdjectiveProper	0.111111111111	AbbrProperGeneral	0.111111111111	NounProperSurNameForeign	0.111111111111	NormalNumberParadigm	1.0	FullRealization	1.0
115	28	к	к	488410	488409	Animate	0.25	Inanimate	0.75	NonReflexive	0.25	ImperfectiveReflexivity	0.25	Reflexive	0.25	FullReflexivity	0.25	NormalMorphForm	1.0	DefectOne	0.2	DefectFour	0.2	Byt	0.2	DefectThree	0.2	DefectTwo	0.2	GTInvariable	0.5	GTNoun	0.5	NotEllipted	1.0	VocalForm	0.5	NForm	0.5	NotControlled	1.0	ZeroTypeOfCoordination	1.0	Composite_ComplexNumeral	0.0357142857143	Composite_cko	0.0357142857143	NoCompositeness	0.535714285714	Composite_cki	0.0357142857143	Composite_o	0.0357142857143	Composite_NumeralFull	0.0357142857143	Composite_NumeralShort	0.0357142857143	Composite_null	0.0357142857143	Composite_iko	0.0357142857143	Composite_sko	0.0357142857143	Composite_e	0.0357142857143	Composite_Numeral	0.0357142857143	Composite_usek	0.0357142857143	Composite_ski	0.0357142857143	DegreeComparative	0.333333333333	DegreeSuperlative	0.333333333333	DegreePositive	0.333333333333	Adverb_With_Hyphen	0.5	Adverb_Un_Hyphen	0.5	DeclensionMixed	0.125	DeclensionAdjectival	0.125	DeclensionNominal	0.125	Indeclinable	0.625	Comp_PunctuatorPref	0.03125	Comp_Suffixoid_Num_IJ	0.03125	Comp_PunctuatorPostSeparable	0.03125	Un_Comp_Suf	0.03125	Comp_SuffixoidAbbr	0.03125	Comp_Noun	0.03125	Comp_Suffixoid_Num_J	0.03125	Comp_PunctuatorPost	0.03125	Comp_PunctuatorPrefSeparable	0.53125	Comp_Suffixoid_Num_OJ	0.03125	Comp_Prefixoid	0.03125	Comp_Suffixoid	0.03125	Comp_Suffixoid_Chem	0.03125	Comp_Suffixoid_Num_PercentYJ	0.03125	Comp_Suffixoid_Num_YJ	0.03125	Comp_Adj	0.03125	BiAspectual	0.333333333333	MonoAspectual	0.333333333333	Paired	0.333333333333	NoSynthComparative	0.25	FullSynthComparison	0.25	OnlySuperlative	0.25	NoSynthSuperlative	0.25	MTwo	0.333333333333	MOne	0.333333333333	MThree	0.333333333333	NormalClassifyingCapitalization	1.0	Past	0.333333333333	Future	0.333333333333	Present	0.333333333333	Preposition	0.5	Noun	0.5	ZeroDoubleConjunct	1.0	NotCommonChild	1.0	Accusative	0.107954545455	Prepositional	0.107954545455	Instrumental	0.107954545455	Dative	0.107954545455	ZeroCase	0.0454545454545	Locative	0.107954545455	Genitive	0.107954545455	Partitive	0.107954545455	Nominative	0.107954545455	DativeSpecial	0.0454545454545	Vocative	0.0454545454545	RCDemonstrative	0.111111111111	RCNegative	0.111111111111	RCNoun	0.111111111111	RCPossessive	0.111111111111	RCIndefinite	0.111111111111	RCPersonal	0.111111111111	RCReflexive	0.111111111111	RCInterrogative	0.111111111111	RCAttributive	0.111111111111	NoPlacement	1.0	Perfective	0.5	Imperfective	0.5	NotDefaultFiller	1.0	Feminine	0.125	Common	0.125	Masculine	0.625	Neuter	0.125	NoLeftmostPlacement	1.0	UnIterat	0.5	Iterat	0.5	NoRightmostPlacement	1.0	NotLeftConjunct	1.0	PersonFirst	0.25	PersonThird	0.25	PersonSecond	0.25	PersonZero	0.25	Active	0.333333333333	Passive	0.333333333333	VoiceSya	0.333333333333	VerbTransitive	0.25	VerbIntransitive	0.25	VerbIntransitiveSpecial	0.25	VerbTransitiveSpecial	0.25	NotRightConjunct	1.0	Plural_consonant	0.111111111111	Genitive_Locative_u	0.111111111111	Locative_u	0.111111111111	NoSpecialCaseForm	0.111111111111	SpecialVocative	0.111111111111	GenitivePlural_Zero	0.111111111111	SpecialPlual	0.111111111111	NominativePlural_a	0.111111111111	Genitive_u	0.111111111111	NoContrast	1.0	NormalCapitalization	1.0	V_Prefixoid	0.0416666666667	POL_Prefixoid	0.0416666666667	PO_Prefixoid	0.0416666666667	Letter_Prefixoid	0.0416666666667	InternMod_Prefixoid	0.0416666666667	Chem_Prefixoid	0.0416666666667	BES_Prefixoid	0.0416666666667	Chemical_Possible	0.0416666666667	VPOL_Prefixoid	0.0416666666667	Eval_Prefixoid	0.0416666666667	InternModEr_Prefixoid	0.0416666666667	Rus_Prefixoid	0.0416666666667	Intern_ReducedPrefixoid	0.0416666666667	NI_Prefixoid	0.0416666666667	Reduced_Prefixoid	0.0416666666667	NAI_Prefixoid	0.0416666666667	Intern_Prefixoid	0.0416666666667	BEZer_Prefixoid	0.0416666666667	InternHy_Prefixoid	0.0416666666667	KOE_Prefixoid	0.0416666666667	ProperNamePrefixoid	0.0416666666667	RusHy_Prefixoid	0.0416666666667	BEZ_Prefixoid	0.0416666666667	NE_Prefixoid	0.0416666666667	ParticipleShortForm	0.5	ParticipleFullForm	0.5	Plural	0.25	Singular	0.75	Four	0.2	SevenEight	0.2	Two	0.2	Three	0.2	FiveAndMore	0.2	AdjectiveFullForm	0.333333333333	AdjectiveShortFlectional	0.333333333333	AdjectiveShortForm	0.333333333333	NounProperNameDimin	0.0555555555556	NounProperName	0.0555555555556	NounProperGeneral	0.0555555555556	NounProperTown	0.0555555555556	NounProperSurNameFlective	0.0555555555556	NounProperPatronymic	0.0555555555556	AdjectiveProper	0.0555555555556	AbbrProperGeneral	0.555555555556	NounProperSurNameForeign	0.0555555555556	SingulariaTantum	0.5	NormalNumberParadigm	0.5	FullRealization	1.0
115	30	истории	истории	488409	488407	Inanimate	1.0	NonReflexive	0.25	ImperfectiveReflexivity	0.25	Reflexive	0.25	FullReflexivity	0.25	NormalMorphForm	1.0	DefectOne	0.2	DefectFour	0.2	Byt	0.2	DefectThree	0.2	DefectTwo	0.2	GTNoun	1.0	NotEllipted	1.0	VocalForm	0.5	NForm	0.5	NotControlled	1.0	ZeroTypeOfCoordination	1.0	NoCompositeness	1.0	DegreeComparative	0.333333333333	DegreeSuperlative	0.333333333333	DegreePositive	0.333333333333	Adverb_With_Hyphen	0.5	Adverb_Un_Hyphen	0.5	DeclensionNominal	1.0	Un_Comp_Suf	1.0	BiAspectual	0.333333333333	MonoAspectual	0.333333333333	Paired	0.333333333333	NoSynthComparative	0.25	FullSynthComparison	0.25	OnlySuperlative	0.25	NoSynthSuperlative	0.25	MTwo	0.333333333333	MOne	0.333333333333	MThree	0.333333333333	NormalClassifyingCapitalization	1.0	Past	0.333333333333	Future	0.333333333333	Present	0.333333333333	Noun	1.0	ZeroDoubleConjunct	1.0	NotCommonChild	1.0	Accusative	0.142857142857	Prepositional	0.142857142857	Dative	0.142857142857	Locative	0.142857142857	Genitive	0.142857142857	Partitive	0.142857142857	Nominative	0.142857142857	RCDemonstrative	0.111111111111	RCNegative	0.111111111111	RCNoun	0.111111111111	RCPossessive	0.111111111111	RCIndefinite	0.111111111111	RCPersonal	0.111111111111	RCReflexive	0.111111111111	RCInterrogative	0.111111111111	RCAttributive	0.111111111111	NoPlacement	1.0	Perfective	0.5	Imperfective	0.5	NotDefaultFiller	1.0	Feminine	1.0	NoLeftmostPlacement	1.0	UnIterat	0.5	Iterat	0.5	NoRightmostPlacement	1.0	NotLeftConjunct	1.0	PersonFirst	0.25	PersonThird	0.25	PersonSecond	0.25	PersonZero	0.25	Active	0.333333333333	Passive	0.333333333333	VoiceSya	0.333333333333	VerbTransitive	0.25	VerbIntransitive	0.25	VerbIntransitiveSpecial	0.25	VerbTransitiveSpecial	0.25	NotRightConjunct	1.0	NoSpecialCaseForm	1.0	NoContrast	1.0	NormalCapitalization	1.0	V_Prefixoid	0.0416666666667	POL_Prefixoid	0.0416666666667	PO_Prefixoid	0.0416666666667	Letter_Prefixoid	0.0416666666667	InternMod_Prefixoid	0.0416666666667	Chem_Prefixoid	0.0416666666667	BES_Prefixoid	0.0416666666667	Chemical_Possible	0.0416666666667	VPOL_Prefixoid	0.0416666666667	Eval_Prefixoid	0.0416666666667	InternModEr_Prefixoid	0.0416666666667	Rus_Prefixoid	0.0416666666667	Intern_ReducedPrefixoid	0.0416666666667	NI_Prefixoid	0.0416666666667	Reduced_Prefixoid	0.0416666666667	NAI_Prefixoid	0.0416666666667	Intern_Prefixoid	0.0416666666667	BEZer_Prefixoid	0.0416666666667	InternHy_Prefixoid	0.0416666666667	KOE_Prefixoid	0.0416666666667	ProperNamePrefixoid	0.0416666666667	RusHy_Prefixoid	0.0416666666667	BEZ_Prefixoid	0.0416666666667	NE_Prefixoid	0.0416666666667	ParticipleShortForm	0.5	ParticipleFullForm	0.5	Plural	0.5	Singular	0.5	Four	0.2	SevenEight	0.2	Two	0.2	Three	0.2	FiveAndMore	0.2	AdjectiveFullForm	0.333333333333	AdjectiveShortFlectional	0.333333333333	AdjectiveShortForm	0.333333333333	NounProperNameDimin	0.111111111111	NounProperName	0.111111111111	NounProperGeneral	0.111111111111	NounProperTown	0.111111111111	NounProperSurNameFlective	0.111111111111	NounProperPatronymic	0.111111111111	AdjectiveProper	0.111111111111	AbbrProperGeneral	0.111111111111	NounProperSurNameForeign	0.111111111111	NormalNumberParadigm	1.0	FullRealization	1.0
115	38	Гданьска	Гданьска	488411	488409	Inanimate	1.0	NonReflexive	0.25	ImperfectiveReflexivity	0.25	Reflexive	0.25	FullReflexivity	0.25	NormalMorphForm	1.0	DefectOne	0.2	DefectFour	0.2	Byt	0.2	DefectThree	0.2	DefectTwo	0.2	GTNoun	1.0	NotEllipted	1.0	VocalForm	0.5	NForm	0.5	NotControlled	1.0	ZeroTypeOfCoordination	1.0	NoCompositeness	1.0	DegreeComparative	0.333333333333	DegreeSuperlative	0.333333333333	DegreePositive	0.333333333333	Adverb_With_Hyphen	0.5	Adverb_Un_Hyphen	0.5	DeclensionNominal	1.0	Un_Comp_Suf	1.0	BiAspectual	0.333333333333	MonoAspectual	0.333333333333	Paired	0.333333333333	NoSynthComparative	0.25	FullSynthComparison	0.25	OnlySuperlative	0.25	NoSynthSuperlative	0.25	MTwo	0.333333333333	MOne	0.333333333333	MThree	0.333333333333	NormalClassifyingCapitalization	1.0	Past	0.333333333333	Future	0.333333333333	Present	0.333333333333	Noun	1.0	ZeroDoubleConjunct	1.0	NotCommonChild	1.0	Genitive	0.5	Partitive	0.5	RCDemonstrative	0.111111111111	RCNegative	0.111111111111	RCNoun	0.111111111111	RCPossessive	0.111111111111	RCIndefinite	0.111111111111	RCPersonal	0.111111111111	RCReflexive	0.111111111111	RCInterrogative	0.111111111111	RCAttributive	0.111111111111	NoPlacement	1.0	Perfective	0.5	Imperfective	0.5	NotDefaultFiller	1.0	Masculine	1.0	NoLeftmostPlacement	1.0	UnIterat	0.5	Iterat	0.5	NoRightmostPlacement	1.0	NotLeftConjunct	1.0	PersonFirst	0.25	PersonThird	0.25	PersonSecond	0.25	PersonZero	0.25	Active	0.333333333333	Passive	0.333333333333	VoiceSya	0.333333333333	VerbTransitive	0.25	VerbIntransitive	0.25	VerbIntransitiveSpecial	0.25	VerbTransitiveSpecial	0.25	NotRightConjunct	1.0	NoSpecialCaseForm	1.0	NoContrast	1.0	NormalCapitalization	1.0	V_Prefixoid	0.0416666666667	POL_Prefixoid	0.0416666666667	PO_Prefixoid	0.0416666666667	Letter_Prefixoid	0.0416666666667	InternMod_Prefixoid	0.0416666666667	Chem_Prefixoid	0.0416666666667	BES_Prefixoid	0.0416666666667	Chemical_Possible	0.0416666666667	VPOL_Prefixoid	0.0416666666667	Eval_Prefixoid	0.0416666666667	InternModEr_Prefixoid	0.0416666666667	Rus_Prefixoid	0.0416666666667	Intern_ReducedPrefixoid	0.0416666666667	NI_Prefixoid	0.0416666666667	Reduced_Prefixoid	0.0416666666667	NAI_Prefixoid	0.0416666666667	Intern_Prefixoid	0.0416666666667	BEZer_Prefixoid	0.0416666666667	InternHy_Prefixoid	0.0416666666667	KOE_Prefixoid	0.0416666666667	ProperNamePrefixoid	0.0416666666667	RusHy_Prefixoid	0.0416666666667	BEZ_Prefixoid	0.0416666666667	NE_Prefixoid	0.0416666666667	ParticipleShortForm	0.5	ParticipleFullForm	0.5	Singular	1.0	Four	0.2	SevenEight	0.2	Two	0.2	Three	0.2	FiveAndMore	0.2	AdjectiveFullForm	0.333333333333	AdjectiveShortFlectional	0.333333333333	AdjectiveShortForm	0.333333333333	NounProperTown	1.0	SingulariaTantum	1.0	FullRealization	1.0
123	-1			488424	-1
123	-1			488427	488426
123	-1			488428	-1
123	0	Туск	Туск	488425	488424	Animate	0.75	Inanimate	0.25	NonReflexive	0.625	ImperfectiveReflexivity	0.125	Reflexive	0.125	FullReflexivity	0.125	NormalMorphForm	1.0	DefectOne	0.2	DefectFour	0.2	Byt	0.2	DefectThree	0.2	DefectTwo	0.2	GTVerb	0.5	GTNoun	0.5	NotEllipted	1.0	VocalForm	0.5	NForm	0.5	NotControlled	1.0	ZeroTypeOfCoordination	1.0	Composite_ComplexNumeral	0.0357142857143	Composite_cko	0.0357142857143	NoCompositeness	0.535714285714	Composite_cki	0.0357142857143	Composite_o	0.0357142857143	Composite_NumeralFull	0.0357142857143	Composite_NumeralShort	0.0357142857143	Composite_null	0.0357142857143	Composite_iko	0.0357142857143	Composite_sko	0.0357142857143	Composite_e	0.0357142857143	Composite_Numeral	0.0357142857143	Composite_usek	0.0357142857143	Composite_ski	0.0357142857143	DegreeComparative	0.333333333333	DegreeSuperlative	0.333333333333	DegreePositive	0.333333333333	Adverb_With_Hyphen	0.5	Adverb_Un_Hyphen	0.5	DeclensionMixed	0.25	DeclensionAdjectival	0.25	DeclensionNominal	0.25	Indeclinable	0.25	Comp_PunctuatorPref	0.03125	Comp_Suffixoid_Num_IJ	0.03125	Comp_PunctuatorPostSeparable	0.03125	Un_Comp_Suf	0.53125	Comp_SuffixoidAbbr	0.03125	Comp_Noun	0.03125	Comp_Suffixoid_Num_J	0.03125	Comp_PunctuatorPost	0.03125	Comp_PunctuatorPrefSeparable	0.03125	Comp_Suffixoid_Num_OJ	0.03125	Comp_Prefixoid	0.03125	Comp_Suffixoid	0.03125	Comp_Suffixoid_Chem	0.03125	Comp_Suffixoid_Num_PercentYJ	0.03125	Comp_Suffixoid_Num_YJ	0.03125	Comp_Adj	0.03125	BiAspectual	0.166666666667	MonoAspectual	0.666666666667	Paired	0.166666666667	NoSynthComparative	0.25	FullSynthComparison	0.25	OnlySuperlative	0.25	NoSynthSuperlative	0.25	MTwo	0.333333333333	MOne	0.333333333333	MThree	0.333333333333	NormalClassifyingCapitalization	1.0	Past	0.666666666667	Future	0.166666666667	Present	0.166666666667	Verb	0.5	Noun	0.5	ZeroDoubleConjunct	1.0	NotCommonChild	1.0	Accusative	0.107954545455	Prepositional	0.107954545455	Instrumental	0.107954545455	Dative	0.107954545455	ZeroCase	0.0454545454545	Locative	0.107954545455	Genitive	0.107954545455	Partitive	0.107954545455	Nominative	0.107954545455	DativeSpecial	0.0454545454545	Vocative	0.0454545454545	RCDemonstrative	0.111111111111	RCNegative	0.111111111111	RCNoun	0.111111111111	RCPossessive	0.111111111111	RCIndefinite	0.111111111111	RCPersonal	0.111111111111	RCReflexive	0.111111111111	RCInterrogative	0.111111111111	RCAttributive	0.111111111111	NoPlacement	1.0	Perfective	0.25	Imperfective	0.75	NotDefaultFiller	1.0	Feminine	0.25	Masculine	0.75	NoLeftmostPlacement	1.0	UnIterat	0.75	Iterat	0.25	NoRightmostPlacement	1.0	NotLeftConjunct	1.0	PersonFirst	0.25	PersonThird	0.25	PersonSecond	0.25	PersonZero	0.25	Active	0.666666666667	Passive	0.166666666667	VoiceSya	0.166666666667	VerbTransitive	0.125	VerbIntransitive	0.625	VerbIntransitiveSpecial	0.125	VerbTransitiveSpecial	0.125	NotRightConjunct	1.0	Plural_consonant	0.0555555555556	Genitive_Locative_u	0.0555555555556	Locative_u	0.0555555555556	NoSpecialCaseForm	0.555555555556	SpecialVocative	0.0555555555556	GenitivePlural_Zero	0.0555555555556	SpecialPlual	0.0555555555556	NominativePlural_a	0.0555555555556	Genitive_u	0.0555555555556	NoContrast	1.0	NormalCapitalization	1.0	V_Prefixoid	0.0416666666667	POL_Prefixoid	0.0416666666667	PO_Prefixoid	0.0416666666667	Letter_Prefixoid	0.0416666666667	InternMod_Prefixoid	0.0416666666667	Chem_Prefixoid	0.0416666666667	BES_Prefixoid	0.0416666666667	Chemical_Possible	0.0416666666667	VPOL_Prefixoid	0.0416666666667	Eval_Prefixoid	0.0416666666667	InternModEr_Prefixoid	0.0416666666667	Rus_Prefixoid	0.0416666666667	Intern_ReducedPrefixoid	0.0416666666667	NI_Prefixoid	0.0416666666667	Reduced_Prefixoid	0.0416666666667	NAI_Prefixoid	0.0416666666667	Intern_Prefixoid	0.0416666666667	BEZer_Prefixoid	0.0416666666667	InternHy_Prefixoid	0.0416666666667	KOE_Prefixoid	0.0416666666667	ProperNamePrefixoid	0.0416666666667	RusHy_Prefixoid	0.0416666666667	BEZ_Prefixoid	0.0416666666667	NE_Prefixoid	0.0416666666667	ParticipleShortForm	0.5	ParticipleFullForm	0.5	Plural	0.25	Singular	0.75	Four	0.2	SevenEight	0.2	Two	0.2	Three	0.2	FiveAndMore	0.2	AdjectiveFullForm	0.333333333333	AdjectiveShortFlectional	0.333333333333	AdjectiveShortForm	0.333333333333	NounProperNameDimin	0.0555555555556	NounProperName	0.0555555555556	NounProperGeneral	0.0555555555556	NounProperTown	0.0555555555556	NounProperPatronymic	0.0555555555556	NounProperSurNameFlective	0.0555555555556	AdjectiveProper	0.0555555555556	AbbrProperGeneral	0.0555555555556	NounProperSurNameForeign	0.555555555556	NormalNumberParadigm	1.0	FullRealization	1.0
123	5	женат	женат	488426	488424	Animate	0.5	Inanimate	0.5	NonReflexive	0.25	ImperfectiveReflexivity	0.25	Reflexive	0.25	FullReflexivity	0.25	NormalMorphForm	1.0	DefectOne	0.2	DefectFour	0.2	Byt	0.2	DefectThree	0.2	DefectTwo	0.2	GTAdjective	1.0	NotEllipted	1.0	VocalForm	0.5	NForm	0.5	NotControlled	1.0	ZeroTypeOfCoordination	1.0	NoCompositeness	1.0	DegreePositive	1.0	Adverb_With_Hyphen	0.5	Adverb_Un_Hyphen	0.5	DeclensionMixed	0.25	DeclensionAdjectival	0.25	DeclensionNominal	0.25	Indeclinable	0.25	Un_Comp_Suf	1.0	BiAspectual	0.333333333333	MonoAspectual	0.333333333333	Paired	0.333333333333	NoSynthComparative	1.0	MTwo	0.333333333333	MOne	0.333333333333	MThree	0.333333333333	NormalClassifyingCapitalization	1.0	Past	0.333333333333	Future	0.333333333333	Present	0.333333333333	Adjective	1.0	ZeroDoubleConjunct	1.0	NotCommonChild	1.0	ZeroCase	1.0	RCDemonstrative	0.111111111111	RCNegative	0.111111111111	RCNoun	0.111111111111	RCPossessive	0.111111111111	RCIndefinite	0.111111111111	RCPersonal	0.111111111111	RCReflexive	0.111111111111	RCInterrogative	0.111111111111	RCAttributive	0.111111111111	NoPlacement	1.0	Perfective	0.5	Imperfective	0.5	NotDefaultFiller	1.0	Masculine	1.0	NoLeftmostPlacement	1.0	UnIterat	0.5	Iterat	0.5	NoRightmostPlacement	1.0	NotLeftConjunct	1.0	PersonFirst	0.25	PersonThird	0.25	PersonSecond	0.25	PersonZero	0.25	Active	0.333333333333	Passive	0.333333333333	VoiceSya	0.333333333333	VerbTransitive	0.25	VerbIntransitive	0.25	VerbIntransitiveSpecial	0.25	VerbTransitiveSpecial	0.25	NotRightConjunct	1.0	Plural_consonant	0.111111111111	Genitive_Locative_u	0.111111111111	Locative_u	0.111111111111	NoSpecialCaseForm	0.111111111111	SpecialVocative	0.111111111111	GenitivePlural_Zero	0.111111111111	SpecialPlual	0.111111111111	NominativePlural_a	0.111111111111	Genitive_u	0.111111111111	NoContrast	1.0	NormalCapitalization	1.0	V_Prefixoid	0.0416666666667	POL_Prefixoid	0.0416666666667	PO_Prefixoid	0.0416666666667	Letter_Prefixoid	0.0416666666667	InternMod_Prefixoid	0.0416666666667	Chem_Prefixoid	0.0416666666667	BES_Prefixoid	0.0416666666667	Chemical_Possible	0.0416666666667	VPOL_Prefixoid	0.0416666666667	Eval_Prefixoid	0.0416666666667	InternModEr_Prefixoid	0.0416666666667	Rus_Prefixoid	0.0416666666667	Intern_ReducedPrefixoid	0.0416666666667	NI_Prefixoid	0.0416666666667	Reduced_Prefixoid	0.0416666666667	NAI_Prefixoid	0.0416666666667	Intern_Prefixoid	0.0416666666667	BEZer_Prefixoid	0.0416666666667	InternHy_Prefixoid	0.0416666666667	KOE_Prefixoid	0.0416666666667	ProperNamePrefixoid	0.0416666666667	RusHy_Prefixoid	0.0416666666667	BEZ_Prefixoid	0.0416666666667	NE_Prefixoid	0.0416666666667	ParticipleShortForm	0.5	ParticipleFullForm	0.5	Singular	1.0	Four	0.2	SevenEight	0.2	Two	0.2	Three	0.2	FiveAndMore	0.2	AdjectiveShortForm	1.0	NounProperNameDimin	0.111111111111	NounProperName	0.111111111111	NounProperGeneral	0.111111111111	NounProperTown	0.111111111111	NounProperSurNameFlective	0.111111111111	NounProperPatronymic	0.111111111111	AdjectiveProper	0.111111111111	AbbrProperGeneral	0.111111111111	NounProperSurNameForeign	0.111111111111	NormalNumberParadigm	1.0	FullRealization	1.0
123	12	его	его	488430	488429	Animate	0.5	Inanimate	0.5	NonReflexive	0.25	ImperfectiveReflexivity	0.25	Reflexive	0.25	FullReflexivity	0.25	NormalMorphForm	1.0	DefectOne	0.2	DefectFour	0.2	Byt	0.2	DefectThree	0.2	DefectTwo	0.2	GTNoun	0.5	GTAdjectiveAttributive	0.5	NotEllipted	1.0	VocalForm	0.75	NForm	0.25	NotControlled	1.0	ZeroTypeOfCoordination	1.0	Composite_ComplexNumeral	0.0714285714286	Composite_cko	0.0714285714286	NoCompositeness	0.0714285714286	Composite_cki	0.0714285714286	Composite_o	0.0714285714286	Composite_NumeralFull	0.0714285714286	Composite_NumeralShort	0.0714285714286	Composite_null	0.0714285714286	Composite_iko	0.0714285714286	Composite_sko	0.0714285714286	Composite_e	0.0714285714286	Composite_Numeral	0.0714285714286	Composite_usek	0.0714285714286	Composite_ski	0.0714285714286	DegreeComparative	0.333333333333	DegreeSuperlative	0.333333333333	DegreePositive	0.333333333333	Adverb_With_Hyphen	0.5	Adverb_Un_Hyphen	0.5	DeclensionMixed	0.25	DeclensionAdjectival	0.25	DeclensionNominal	0.25	Indeclinable	0.25	Comp_PunctuatorPref	0.0625	Comp_Suffixoid_Num_IJ	0.0625	Comp_PunctuatorPostSeparable	0.0625	Un_Comp_Suf	0.0625	Comp_SuffixoidAbbr	0.0625	Comp_Noun	0.0625	Comp_Suffixoid_Num_J	0.0625	Comp_PunctuatorPost	0.0625	Comp_PunctuatorPrefSeparable	0.0625	Comp_Suffixoid_Num_OJ	0.0625	Comp_Prefixoid	0.0625	Comp_Suffixoid	0.0625	Comp_Suffixoid_Chem	0.0625	Comp_Suffixoid_Num_PercentYJ	0.0625	Comp_Suffixoid_Num_YJ	0.0625	Comp_Adj	0.0625	BiAspectual	0.333333333333	MonoAspectual	0.333333333333	Paired	0.333333333333	NoSynthComparative	0.25	FullSynthComparison	0.25	OnlySuperlative	0.25	NoSynthSuperlative	0.25	MTwo	0.333333333333	MOne	0.333333333333	MThree	0.333333333333	NormalClassifyingCapitalization	1.0	Past	0.333333333333	Future	0.333333333333	Present	0.333333333333	Pronoun	1.0	ZeroDoubleConjunct	1.0	NotCommonChild	1.0	Accusative	0.3125	Prepositional	0.0625	Instrumental	0.0625	Dative	0.0625	Locative	0.0625	Genitive	0.3125	Partitive	0.0625	Nominative	0.0625	RCPossessive	0.5	RCPersonal	0.5	NoPlacement	1.0	Perfective	0.5	Imperfective	0.5	NotDefaultFiller	1.0	Feminine	0.125	Common	0.125	Masculine	0.375	Neuter	0.375	NoLeftmostPlacement	1.0	UnIterat	0.5	Iterat	0.5	NoRightmostPlacement	1.0	NotLeftConjunct	1.0	PersonThird	1.0	Active	0.333333333333	Passive	0.333333333333	VoiceSya	0.333333333333	VerbTransitive	0.25	VerbIntransitive	0.25	VerbIntransitiveSpecial	0.25	VerbTransitiveSpecial	0.25	NotRightConjunct	1.0	Plural_consonant	0.111111111111	Genitive_Locative_u	0.111111111111	Locative_u	0.111111111111	NoSpecialCaseForm	0.111111111111	SpecialVocative	0.111111111111	GenitivePlural_Zero	0.111111111111	SpecialPlual	0.111111111111	NominativePlural_a	0.111111111111	Genitive_u	0.111111111111	NoContrast	1.0	NormalCapitalization	1.0	V_Prefixoid	0.0416666666667	POL_Prefixoid	0.0416666666667	PO_Prefixoid	0.0416666666667	Letter_Prefixoid	0.0416666666667	InternMod_Prefixoid	0.0416666666667	Chem_Prefixoid	0.0416666666667	BES_Prefixoid	0.0416666666667	Chemical_Possible	0.0416666666667	VPOL_Prefixoid	0.0416666666667	Eval_Prefixoid	0.0416666666667	InternModEr_Prefixoid	0.0416666666667	Rus_Prefixoid	0.0416666666667	Intern_ReducedPrefixoid	0.0416666666667	NI_Prefixoid	0.0416666666667	Reduced_Prefixoid	0.0416666666667	NAI_Prefixoid	0.0416666666667	Intern_Prefixoid	0.0416666666667	BEZer_Prefixoid	0.0416666666667	InternHy_Prefixoid	0.0416666666667	KOE_Prefixoid	0.0416666666667	ProperNamePrefixoid	0.0416666666667	RusHy_Prefixoid	0.0416666666667	BEZ_Prefixoid	0.0416666666667	NE_Prefixoid	0.0416666666667	ParticipleShortForm	0.5	ParticipleFullForm	0.5	Plural	0.25	Singular	0.75	Four	0.2	SevenEight	0.2	Two	0.2	Three	0.2	FiveAndMore	0.2	AdjectiveFullForm	0.666666666667	AdjectiveShortFlectional	0.166666666667	AdjectiveShortForm	0.166666666667	NounProperNameDimin	0.111111111111	NounProperName	0.111111111111	NounProperGeneral	0.111111111111	NounProperTown	0.111111111111	NounProperSurNameFlective	0.111111111111	NounProperPatronymic	0.111111111111	AdjectiveProper	0.111111111111	AbbrProperGeneral	0.111111111111	NounProperSurNameForeign	0.111111111111	NormalNumberParadigm	1.0	FullRealization	1.0
123	16	супруга	супруга	488429	488428	Animate	1.0	NonReflexive	0.25	ImperfectiveReflexivity	0.25	Reflexive	0.25	FullReflexivity	0.25	NormalMorphForm	1.0	DefectOne	0.2	DefectFour	0.2	Byt	0.2	DefectThree	0.2	DefectTwo	0.2	GTNoun	1.0	NotEllipted	1.0	VocalForm	0.5	NForm	0.5	NotControlled	1.0	ZeroTypeOfCoordination	1.0	NoCompositeness	1.0	DegreeComparative	0.333333333333	DegreeSuperlative	0.333333333333	DegreePositive	0.333333333333	Adverb_With_Hyphen	0.5	Adverb_Un_Hyphen	0.5	DeclensionNominal	1.0	Un_Comp_Suf	1.0	BiAspectual	0.333333333333	MonoAspectual	0.333333333333	Paired	0.333333333333	NoSynthComparative	0.25	FullSynthComparison	0.25	OnlySuperlative	0.25	NoSynthSuperlative	0.25	MTwo	0.333333333333	MOne	0.333333333333	MThree	0.333333333333	NormalClassifyingCapitalization	1.0	Past	0.333333333333	Future	0.333333333333	Present	0.333333333333	Noun	1.0	ZeroDoubleConjunct	1.0	NotCommonChild	1.0	Accusative	0.166666666667	Genitive	0.166666666667	Partitive	0.166666666667	Nominative	0.5	RCDemonstrative	0.111111111111	RCNegative	0.111111111111	RCNoun	0.111111111111	RCPossessive	0.111111111111	RCIndefinite	0.111111111111	RCPersonal	0.111111111111	RCReflexive	0.111111111111	RCInterrogative	0.111111111111	RCAttributive	0.111111111111	NoPlacement	1.0	Perfective	0.5	Imperfective	0.5	NotDefaultFiller	1.0	Feminine	0.5	Masculine	0.5	NoLeftmostPlacement	1.0	UnIterat	0.5	Iterat	0.5	NoRightmostPlacement	1.0	NotLeftConjunct	1.0	PersonFirst	0.25	PersonThird	0.25	PersonSecond	0.25	PersonZero	0.25	Active	0.333333333333	Passive	0.333333333333	VoiceSya	0.333333333333	VerbTransitive	0.25	VerbIntransitive	0.25	VerbIntransitiveSpecial	0.25	VerbTransitiveSpecial	0.25	NotRightConjunct	1.0	NoSpecialCaseForm	1.0	NoContrast	1.0	NormalCapitalization	1.0	V_Prefixoid	0.0416666666667	POL_Prefixoid	0.0416666666667	PO_Prefixoid	0.0416666666667	Letter_Prefixoid	0.0416666666667	InternMod_Prefixoid	0.0416666666667	Chem_Prefixoid	0.0416666666667	BES_Prefixoid	0.0416666666667	Chemical_Possible	0.0416666666667	VPOL_Prefixoid	0.0416666666667	Eval_Prefixoid	0.0416666666667	InternModEr_Prefixoid	0.0416666666667	Rus_Prefixoid	0.0416666666667	Intern_ReducedPrefixoid	0.0416666666667	NI_Prefixoid	0.0416666666667	Reduced_Prefixoid	0.0416666666667	NAI_Prefixoid	0.0416666666667	Intern_Prefixoid	0.0416666666667	BEZer_Prefixoid	0.0416666666667	InternHy_Prefixoid	0.0416666666667	KOE_Prefixoid	0.0416666666667	ProperNamePrefixoid	0.0416666666667	RusHy_Prefixoid	0.0416666666667	BEZ_Prefixoid	0.0416666666667	NE_Prefixoid	0.0416666666667	ParticipleShortForm	0.5	ParticipleFullForm	0.5	Singular	1.0	Four	0.2	SevenEight	0.2	Two	0.2	Three	0.2	FiveAndMore	0.2	AdjectiveFullForm	0.333333333333	AdjectiveShortFlectional	0.333333333333	AdjectiveShortForm	0.333333333333	NounProperNameDimin	0.111111111111	NounProperName	0.111111111111	NounProperGeneral	0.111111111111	NounProperTown	0.111111111111	NounProperSurNameFlective	0.111111111111	NounProperPatronymic	0.111111111111	AdjectiveProper	0.111111111111	AbbrProperGeneral	0.111111111111	NounProperSurNameForeign	0.111111111111	NormalNumberParadigm	1.0	FullRealization	1.0
123	24	Мальгожата	Мальгожата	488431	488429	Animate	0.5	Inanimate	0.5	NonReflexive	0.25	ImperfectiveReflexivity	0.25	Reflexive	0.25	FullReflexivity	0.25	NormalMorphForm	1.0	DefectOne	0.2	DefectFour	0.2	Byt	0.2	DefectThree	0.2	DefectTwo	0.2	GTParticiple	0.333333333333	GTAdverb	0.333333333333	GTNoun	0.333333333333	NotEllipted	1.0	VocalForm	0.5	NForm	0.5	NotControlled	1.0	ZeroTypeOfCoordination	1.0	Composite_ComplexNumeral	0.0714285714286	Composite_cko	0.0714285714286	NoCompositeness	0.0714285714286	Composite_cki	0.0714285714286	Composite_o	0.0714285714286	Composite_NumeralFull	0.0714285714286	Composite_NumeralShort	0.0714285714286	Composite_null	0.0714285714286	Composite_iko	0.0714285714286	Composite_sko	0.0714285714286	Composite_e	0.0714285714286	Composite_Numeral	0.0714285714286	Composite_usek	0.0714285714286	Composite_ski	0.0714285714286	DegreeComparative	0.333333333333	DegreeSuperlative	0.333333333333	DegreePositive	0.333333333333	Adverb_With_Hyphen	0.5	Adverb_Un_Hyphen	0.5	DeclensionMixed	0.25	DeclensionAdjectival	0.25	DeclensionNominal	0.25	Indeclinable	0.25	Comp_PunctuatorPref	0.0625	Comp_Suffixoid_Num_IJ	0.0625	Comp_PunctuatorPostSeparable	0.0625	Un_Comp_Suf	0.0625	Comp_SuffixoidAbbr	0.0625	Comp_Noun	0.0625	Comp_Suffixoid_Num_J	0.0625	Comp_PunctuatorPost	0.0625	Comp_PunctuatorPrefSeparable	0.0625	Comp_Suffixoid_Num_OJ	0.0625	Comp_Prefixoid	0.0625	Comp_Suffixoid	0.0625	Comp_Suffixoid_Chem	0.0625	Comp_Suffixoid_Num_PercentYJ	0.0625	Comp_Suffixoid_Num_YJ	0.0625	Comp_Adj	0.0625	BiAspectual	0.333333333333	MonoAspectual	0.333333333333	Paired	0.333333333333	NoSynthComparative	0.25	FullSynthComparison	0.25	OnlySuperlative	0.25	NoSynthSuperlative	0.25	MTwo	0.333333333333	MOne	0.333333333333	MThree	0.333333333333	NormalClassifyingCapitalization	1.0	Past	0.333333333333	Future	0.333333333333	Present	0.333333333333	Verb	0.333333333333	Noun	0.333333333333	Adverb	0.333333333333	ZeroDoubleConjunct	1.0	NotCommonChild	1.0	Accusative	0.0909090909091	Prepositional	0.0909090909091	Instrumental	0.0909090909091	Dative	0.0909090909091	ZeroCase	0.0909090909091	Locative	0.0909090909091	Genitive	0.0909090909091	Partitive	0.0909090909091	Nominative	0.0909090909091	DativeSpecial	0.0909090909091	Vocative	0.0909090909091	RCDemonstrative	0.111111111111	RCNegative	0.111111111111	RCNoun	0.111111111111	RCPossessive	0.111111111111	RCIndefinite	0.111111111111	RCPersonal	0.111111111111	RCReflexive	0.111111111111	RCInterrogative	0.111111111111	RCAttributive	0.111111111111	NoPlacement	1.0	Perfective	0.5	Imperfective	0.5	NotDefaultFiller	1.0	Feminine	0.25	Common	0.25	Masculine	0.25	Neuter	0.25	NoLeftmostPlacement	1.0	UnIterat	0.5	Iterat	0.5	NoRightmostPlacement	1.0	NotLeftConjunct	1.0	PersonFirst	0.25	PersonThird	0.25	PersonSecond	0.25	PersonZero	0.25	Active	0.333333333333	Passive	0.333333333333	VoiceSya	0.333333333333	VerbTransitive	0.25	VerbIntransitive	0.25	VerbIntransitiveSpecial	0.25	VerbTransitiveSpecial	0.25	NotRightConjunct	1.0	Plural_consonant	0.111111111111	Genitive_Locative_u	0.111111111111	Locative_u	0.111111111111	NoSpecialCaseForm	0.111111111111	SpecialVocative	0.111111111111	GenitivePlural_Zero	0.111111111111	SpecialPlual	0.111111111111	NominativePlural_a	0.111111111111	Genitive_u	0.111111111111	NoContrast	1.0	NormalCapitalization	1.0	V_Prefixoid	0.0416666666667	POL_Prefixoid	0.0416666666667	PO_Prefixoid	0.0416666666667	Letter_Prefixoid	0.0416666666667	InternMod_Prefixoid	0.0416666666667	Chem_Prefixoid	0.0416666666667	BES_Prefixoid	0.0416666666667	Chemical_Possible	0.0416666666667	VPOL_Prefixoid	0.0416666666667	Eval_Prefixoid	0.0416666666667	InternModEr_Prefixoid	0.0416666666667	Rus_Prefixoid	0.0416666666667	Intern_ReducedPrefixoid	0.0416666666667	NI_Prefixoid	0.0416666666667	Reduced_Prefixoid	0.0416666666667	NAI_Prefixoid	0.0416666666667	Intern_Prefixoid	0.0416666666667	BEZer_Prefixoid	0.0416666666667	InternHy_Prefixoid	0.0416666666667	KOE_Prefixoid	0.0416666666667	ProperNamePrefixoid	0.0416666666667	RusHy_Prefixoid	0.0416666666667	BEZ_Prefixoid	0.0416666666667	NE_Prefixoid	0.0416666666667	ParticipleShortForm	0.5	ParticipleFullForm	0.5	Plural	0.5	Singular	0.5	Four	0.2	SevenEight	0.2	Two	0.2	Three	0.2	FiveAndMore	0.2	AdjectiveFullForm	0.333333333333	AdjectiveShortFlectional	0.333333333333	AdjectiveShortForm	0.333333333333	NounProperNameDimin	0.111111111111	NounProperName	0.111111111111	NounProperGeneral	0.111111111111	NounProperTown	0.111111111111	NounProperSurNameFlective	0.111111111111	NounProperPatronymic	0.111111111111	AdjectiveProper	0.111111111111	AbbrProperGeneral	0.111111111111	NounProperSurNameForeign	0.111111111111	SingulariaTantum	0.333333333333	NormalNumberParadigm	0.333333333333	PluraliaTantum	0.333333333333	FullRealization	1.0
123	36	Maugorzata	Maugorzata	488432	488431	ZeroTypeOfCoordination	1.0	NoPlacement	1.0	NormalCapitalization	1.0	NotDefaultFiller	1.0	NoContrast	1.0	NoLeftmostPlacement	1.0	FullRealization	1.0	NoRightmostPlacement	1.0	NormalNumberParadigm	1.0	NotLeftConjunct	1.0	NormalClassifyingCapitalization	1.0	ZeroDoubleConjunct	1.0	NotCommonChild	1.0	NotEllipted	1.0	NormalMorphForm	1.0	NotControlled	1.0	NotRightConjunct	1.0
123	48	по	по	488434	488433	Animate	0.5	Inanimate	0.5	NonReflexive	0.25	ImperfectiveReflexivity	0.25	Reflexive	0.25	FullReflexivity	0.25	NormalMorphForm	1.0	DefectOne	0.2	DefectFour	0.2	Byt	0.2	DefectThree	0.2	DefectTwo	0.2	GTInvariable	1.0	NotEllipted	1.0	VocalForm	0.5	NForm	0.5	NotControlled	1.0	ZeroTypeOfCoordination	1.0	Composite_ComplexNumeral	0.0714285714286	Composite_cko	0.0714285714286	NoCompositeness	0.0714285714286	Composite_cki	0.0714285714286	Composite_o	0.0714285714286	Composite_NumeralFull	0.0714285714286	Composite_NumeralShort	0.0714285714286	Composite_null	0.0714285714286	Composite_iko	0.0714285714286	Composite_sko	0.0714285714286	Composite_e	0.0714285714286	Composite_Numeral	0.0714285714286	Composite_usek	0.0714285714286	Composite_ski	0.0714285714286	DegreeComparative	0.333333333333	DegreeSuperlative	0.333333333333	DegreePositive	0.333333333333	Adverb_With_Hyphen	0.5	Adverb_Un_Hyphen	0.5	DeclensionMixed	0.25	DeclensionAdjectival	0.25	DeclensionNominal	0.25	Indeclinable	0.25	Comp_PunctuatorPref	0.0625	Comp_Suffixoid_Num_IJ	0.0625	Comp_PunctuatorPostSeparable	0.0625	Un_Comp_Suf	0.0625	Comp_SuffixoidAbbr	0.0625	Comp_Noun	0.0625	Comp_Suffixoid_Num_J	0.0625	Comp_PunctuatorPost	0.0625	Comp_PunctuatorPrefSeparable	0.0625	Comp_Suffixoid_Num_OJ	0.0625	Comp_Prefixoid	0.0625	Comp_Suffixoid	0.0625	Comp_Suffixoid_Chem	0.0625	Comp_Suffixoid_Num_PercentYJ	0.0625	Comp_Suffixoid_Num_YJ	0.0625	Comp_Adj	0.0625	BiAspectual	0.333333333333	MonoAspectual	0.333333333333	Paired	0.333333333333	NoSynthComparative	0.25	FullSynthComparison	0.25	OnlySuperlative	0.25	NoSynthSuperlative	0.25	MTwo	0.333333333333	MOne	0.333333333333	MThree	0.333333333333	NormalClassifyingCapitalization	1.0	Past	0.333333333333	Future	0.333333333333	Present	0.333333333333	Preposition	1.0	ZeroDoubleConjunct	1.0	NotCommonChild	1.0	Accusative	0.0909090909091	Prepositional	0.0909090909091	Instrumental	0.0909090909091	Dative	0.0909090909091	ZeroCase	0.0909090909091	Locative	0.0909090909091	Genitive	0.0909090909091	Partitive	0.0909090909091	Nominative	0.0909090909091	DativeSpecial	0.0909090909091	Vocative	0.0909090909091	RCDemonstrative	0.111111111111	RCNegative	0.111111111111	RCNoun	0.111111111111	RCPossessive	0.111111111111	RCIndefinite	0.111111111111	RCPersonal	0.111111111111	RCReflexive	0.111111111111	RCInterrogative	0.111111111111	RCAttributive	0.111111111111	NoPlacement	1.0	Perfective	0.5	Imperfective	0.5	NotDefaultFiller	1.0	Feminine	0.25	Common	0.25	Masculine	0.25	Neuter	0.25	NoLeftmostPlacement	1.0	UnIterat	0.5	Iterat	0.5	NoRightmostPlacement	1.0	NotLeftConjunct	1.0	PersonFirst	0.25	PersonThird	0.25	PersonSecond	0.25	PersonZero	0.25	Active	0.333333333333	Passive	0.333333333333	VoiceSya	0.333333333333	VerbTransitive	0.25	VerbIntransitive	0.25	VerbIntransitiveSpecial	0.25	VerbTransitiveSpecial	0.25	NotRightConjunct	1.0	Plural_consonant	0.111111111111	Genitive_Locative_u	0.111111111111	Locative_u	0.111111111111	NoSpecialCaseForm	0.111111111111	SpecialVocative	0.111111111111	GenitivePlural_Zero	0.111111111111	SpecialPlual	0.111111111111	NominativePlural_a	0.111111111111	Genitive_u	0.111111111111	NoContrast	1.0	NormalCapitalization	1.0	V_Prefixoid	0.0416666666667	POL_Prefixoid	0.0416666666667	PO_Prefixoid	0.0416666666667	Letter_Prefixoid	0.0416666666667	InternMod_Prefixoid	0.0416666666667	Chem_Prefixoid	0.0416666666667	BES_Prefixoid	0.0416666666667	Chemical_Possible	0.0416666666667	VPOL_Prefixoid	0.0416666666667	Eval_Prefixoid	0.0416666666667	InternModEr_Prefixoid	0.0416666666667	Rus_Prefixoid	0.0416666666667	Intern_ReducedPrefixoid	0.0416666666667	NI_Prefixoid	0.0416666666667	Reduced_Prefixoid	0.0416666666667	NAI_Prefixoid	0.0416666666667	Intern_Prefixoid	0.0416666666667	BEZer_Prefixoid	0.0416666666667	InternHy_Prefixoid	0.0416666666667	KOE_Prefixoid	0.0416666666667	ProperNamePrefixoid	0.0416666666667	RusHy_Prefixoid	0.0416666666667	BEZ_Prefixoid	0.0416666666667	NE_Prefixoid	0.0416666666667	ParticipleShortForm	0.5	ParticipleFullForm	0.5	Plural	0.5	Singular	0.5	Four	0.2	SevenEight	0.2	Two	0.2	Three	0.2	FiveAndMore	0.2	AdjectiveFullForm	0.333333333333	AdjectiveShortFlectional	0.333333333333	AdjectiveShortForm	0.333333333333	NounProperNameDimin	0.111111111111	NounProperName	0.111111111111	NounProperGeneral	0.111111111111	NounProperTown	0.111111111111	NounProperSurNameFlective	0.111111111111	NounProperPatronymic	0.111111111111	AdjectiveProper	0.111111111111	AbbrProperGeneral	0.111111111111	NounProperSurNameForeign	0.111111111111	NormalNumberParadigm	1.0	FullRealization	1.0
123	51	образованию	образованию	488433	488431	Inanimate	1.0	NonReflexive	0.25	ImperfectiveReflexivity	0.25	Reflexive	0.25	FullReflexivity	0.25	NormalMorphForm	1.0	DefectOne	0.2	DefectFour	0.2	Byt	0.2	DefectThree	0.2	DefectTwo	0.2	GTNoun	1.0	NotEllipted	1.0	VocalForm	0.5	NForm	0.5	NotControlled	1.0	ZeroTypeOfCoordination	1.0	NoCompositeness	1.0	DegreeComparative	0.333333333333	DegreeSuperlative	0.333333333333	DegreePositive	0.333333333333	Adverb_With_Hyphen	0.5	Adverb_Un_Hyphen	0.5	DeclensionNominal	1.0	Un_Comp_Suf	1.0	BiAspectual	0.333333333333	MonoAspectual	0.333333333333	Paired	0.333333333333	NoSynthComparative	0.25	FullSynthComparison	0.25	OnlySuperlative	0.25	NoSynthSuperlative	0.25	MTwo	0.333333333333	MOne	0.333333333333	MThree	0.333333333333	NormalClassifyingCapitalization	1.0	Past	0.333333333333	Future	0.333333333333	Present	0.333333333333	Noun	1.0	ZeroDoubleConjunct	1.0	NotCommonChild	1.0	Dative	1.0	RCDemonstrative	0.111111111111	RCNegative	0.111111111111	RCNoun	0.111111111111	RCPossessive	0.111111111111	RCIndefinite	0.111111111111	RCPersonal	0.111111111111	RCReflexive	0.111111111111	RCInterrogative	0.111111111111	RCAttributive	0.111111111111	NoPlacement	1.0	Perfective	0.5	Imperfective	0.5	NotDefaultFiller	1.0	Neuter	1.0	NoLeftmostPlacement	1.0	UnIterat	0.5	Iterat	0.5	NoRightmostPlacement	1.0	NotLeftConjunct	1.0	PersonFirst	0.25	PersonThird	0.25	PersonSecond	0.25	PersonZero	0.25	Active	0.333333333333	Passive	0.333333333333	VoiceSya	0.333333333333	VerbTransitive	0.25	VerbIntransitive	0.25	VerbIntransitiveSpecial	0.25	VerbTransitiveSpecial	0.25	NotRightConjunct	1.0	NoSpecialCaseForm	1.0	NoContrast	1.0	NormalCapitalization	1.0	V_Prefixoid	0.0416666666667	POL_Prefixoid	0.0416666666667	PO_Prefixoid	0.0416666666667	Letter_Prefixoid	0.0416666666667	InternMod_Prefixoid	0.0416666666667	Chem_Prefixoid	0.0416666666667	BES_Prefixoid	0.0416666666667	Chemical_Possible	0.0416666666667	VPOL_Prefixoid	0.0416666666667	Eval_Prefixoid	0.0416666666667	InternModEr_Prefixoid	0.0416666666667	Rus_Prefixoid	0.0416666666667	Intern_ReducedPrefixoid	0.0416666666667	NI_Prefixoid	0.0416666666667	Reduced_Prefixoid	0.0416666666667	NAI_Prefixoid	0.0416666666667	Intern_Prefixoid	0.0416666666667	BEZer_Prefixoid	0.0416666666667	InternHy_Prefixoid	0.0416666666667	KOE_Prefixoid	0.0416666666667	ProperNamePrefixoid	0.0416666666667	RusHy_Prefixoid	0.0416666666667	BEZ_Prefixoid	0.0416666666667	NE_Prefixoid	0.0416666666667	ParticipleShortForm	0.5	ParticipleFullForm	0.5	Singular	1.0	Four	0.2	SevenEight	0.2	Two	0.2	Three	0.2	FiveAndMore	0.2	AdjectiveFullForm	0.333333333333	AdjectiveShortFlectional	0.333333333333	AdjectiveShortForm	0.333333333333	NounProperNameDimin	0.111111111111	NounProperName	0.111111111111	NounProperGeneral	0.111111111111	NounProperTown	0.111111111111	NounProperSurNameFlective	0.111111111111	NounProperPatronymic	0.111111111111	AdjectiveProper	0.111111111111	AbbrProperGeneral	0.111111111111	NounProperSurNameForeign	0.111111111111	NormalNumberParadigm	1.0	FullRealization	1.0
123	63	историк	историк	488435	488428	Animate	1.0	NonReflexive	0.25	ImperfectiveReflexivity	0.25	Reflexive	0.25	FullReflexivity	0.25	NormalMorphForm	1.0	DefectOne	0.2	DefectFour	0.2	Byt	0.2	DefectThree	0.2	DefectTwo	0.2	GTNoun	1.0	NotEllipted	1.0	VocalForm	0.5	NForm	0.5	NotControlled	1.0	ZeroTypeOfCoordination	1.0	NoCompositeness	1.0	DegreeComparative	0.333333333333	DegreeSuperlative	0.333333333333	DegreePositive	0.333333333333	Adverb_With_Hyphen	0.5	Adverb_Un_Hyphen	0.5	DeclensionNominal	1.0	Un_Comp_Suf	1.0	BiAspectual	0.333333333333	MonoAspectual	0.333333333333	Paired	0.333333333333	NoSynthComparative	0.25	FullSynthComparison	0.25	OnlySuperlative	0.25	NoSynthSuperlative	0.25	MTwo	0.333333333333	MOne	0.333333333333	MThree	0.333333333333	NormalClassifyingCapitalization	1.0	Past	0.333333333333	Future	0.333333333333	Present	0.333333333333	Noun	1.0	ZeroDoubleConjunct	1.0	NotCommonChild	1.0	Nominative	1.0	RCDemonstrative	0.111111111111	RCNegative	0.111111111111	RCNoun	0.111111111111	RCPossessive	0.111111111111	RCIndefinite	0.111111111111	RCPersonal	0.111111111111	RCReflexive	0.111111111111	RCInterrogative	0.111111111111	RCAttributive	0.111111111111	NoPlacement	1.0	Perfective	0.5	Imperfective	0.5	NotDefaultFiller	1.0	Masculine	1.0	NoLeftmostPlacement	1.0	UnIterat	0.5	Iterat	0.5	NoRightmostPlacement	1.0	NotLeftConjunct	1.0	PersonFirst	0.25	PersonThird	0.25	PersonSecond	0.25	PersonZero	0.25	Active	0.333333333333	Passive	0.333333333333	VoiceSya	0.333333333333	VerbTransitive	0.25	VerbIntransitive	0.25	VerbIntransitiveSpecial	0.25	VerbTransitiveSpecial	0.25	NotRightConjunct	1.0	NoSpecialCaseForm	1.0	NoContrast	1.0	NormalCapitalization	1.0	V_Prefixoid	0.0416666666667	POL_Prefixoid	0.0416666666667	PO_Prefixoid	0.0416666666667	Letter_Prefixoid	0.0416666666667	InternMod_Prefixoid	0.0416666666667	Chem_Prefixoid	0.0416666666667	BES_Prefixoid	0.0416666666667	Chemical_Possible	0.0416666666667	VPOL_Prefixoid	0.0416666666667	Eval_Prefixoid	0.0416666666667	InternModEr_Prefixoid	0.0416666666667	Rus_Prefixoid	0.0416666666667	Intern_ReducedPrefixoid	0.0416666666667	NI_Prefixoid	0.0416666666667	Reduced_Prefixoid	0.0416666666667	NAI_Prefixoid	0.0416666666667	Intern_Prefixoid	0.0416666666667	BEZer_Prefixoid	0.0416666666667	InternHy_Prefixoid	0.0416666666667	KOE_Prefixoid	0.0416666666667	ProperNamePrefixoid	0.0416666666667	RusHy_Prefixoid	0.0416666666667	BEZ_Prefixoid	0.0416666666667	NE_Prefixoid	0.0416666666667	ParticipleShortForm	0.5	ParticipleFullForm	0.5	Singular	1.0	Four	0.2	SevenEight	0.2	Two	0.2	Three	0.2	FiveAndMore	0.2	AdjectiveFullForm	0.333333333333	AdjectiveShortFlectional	0.333333333333	AdjectiveShortForm	0.333333333333	NounProperNameDimin	0.111111111111	NounProperName	0.111111111111	NounProperGeneral	0.111111111111	NounProperTown	0.111111111111	NounProperSurNameFlective	0.111111111111	NounProperPatronymic	0.111111111111	AdjectiveProper	0.111111111111	AbbrProperGeneral	0.111111111111	NounProperSurNameForeign	0.111111111111	NormalNumberParadigm	1.0	FullRealization	1.0
